Kp1: -3.269441039864083
Ki1: -0.0095599943047627
Kd1: -0.16336715370090105
Kp2: 0.08283910581202492
Ki2: 0.04974362873135299
Kd2: 0.0
init_obs: [ 0.2468601 , -0.46309577, -0.22236086, -0.16356755]
