Kp1: -2.988464207636082
Ki1: -0.009862963208160666
Kd1: -0.15673301386315033
Kp2: 0.07244998835532476
Ki2: 0.050993043404427535
Kd2: 0.0
init_obs: [0.3604831 , 0.35370116, 0.20852093, 0.07869517]
