Kp1: -2.771500219242423
Ki1: -0.010577381303654598
Kd1: -0.13989637540879557
Kp2: 0.07475668364884144
Ki2: 0.05159961101097876
Kd2: 0.0
init_obs: [-0.11388914,  0.25226272,  0.25724467,  0.00202833]
