Kp1: -3.2691291164391014
Ki1: -0.009417291943508661
Kd1: -0.16207704151605273
Kp2: 0.07883873755917374
Ki2: 0.048882369202911904
Kd2: 0.0
init_obs: [0.35513974, 0.25694859, 0.40437738, 0.28441647]
