Kp1: -3.0055548833625907
Ki1: -0.010685762330678665
Kd1: -0.14829770380641877
Kp2: 0.07552967207206612
Ki2: 0.052015397942941605
Kd2: 0.0
init_obs: [ 0.20548462, -0.32648054, -0.28887017, -0.4333347 ]
