Kp1: -2.941069452635188
Ki1: -0.009283734653706131
Kd1: -0.14664220504673614
Kp2: 0.08593267896790248
Ki2: 0.05129518530658154
Kd2: 0.0
init_obs: [ 0.46170451, -0.35054848,  0.01418831,  0.30871859]
