Kp1: -2.830775553168565
Ki1: -0.010665595387935285
Kd1: -0.15249033050929794
Kp2: 0.07696048490447527
Ki2: 0.04812174910379094
Kd2: 0.0
init_obs: [-0.21981804, -0.45666565, -0.4069051 , -0.25893772]
