Kp1: -2.745974363745838
Ki1: -0.009756989515248745
Kd1: -0.15180369369104865
Kp2: 0.08708035776337524
Ki2: 0.04908644536682984
Kd2: 0.0
init_obs: [ 0.26427344,  0.26653047, -0.1892376 ,  0.48994031]
