Kp1: -2.9102136378747625
Ki1: -0.009084708404293405
Kd1: -0.15169602937515606
Kp2: 0.0729099515777745
Ki2: 0.048843943290460705
Kd2: 0.0
init_obs: [-0.24991572, -0.05899868,  0.33576201, -0.33920683]
