Kp1: -3.111597550838745
Ki1: -0.010054856969608622
Kd1: -0.15049534061931222
Kp2: 0.08740598347898072
Ki2: 0.04819213589963668
Kd2: 0.0
init_obs: [ 0.31530144,  0.32209161, -0.26083125,  0.14599838]
