Kp1: -3.0623658658823247
Ki1: -0.009540798997260512
Kd1: -0.15068509889208315
Kp2: 0.07483002227304443
Ki2: 0.05294325284636641
Kd2: 0.0
init_obs: [ 0.36567325,  0.19170973,  0.38897811, -0.0988603 ]
