Kp1: -3.0806898849960485
Ki1: -0.00901483402954105
Kd1: -0.15157459802738632
Kp2: 0.08550161539360804
Ki2: 0.04827970007285623
Kd2: 0.0
init_obs: [-0.03455614, -0.21705272,  0.35374913,  0.39878711]
