Kp1: -2.9604843988883314
Ki1: -0.010036337168628971
Kd1: -0.138797877130434
Kp2: 0.07866127128812214
Ki2: 0.045921432583307074
Kd2: 0.0
init_obs: [-0.05561115,  0.18069994,  0.3197714 ,  0.28202779]
