Kp1: -2.7738884653090894
Ki1: -0.010894109748145584
Kd1: -0.14527393831865276
Kp2: 0.07718091597519919
Ki2: 0.049567012702829025
Kd2: 0.0
init_obs: [-0.1708371 , -0.19612376, -0.08836281, -0.29181014]
