Kp1: -3.000591712643379
Ki1: -0.010417004284482436
Kd1: -0.14115801445160236
Kp2: 0.0879151175144257
Ki2: 0.04895772995329273
Kd2: 0.0
init_obs: [-0.40666245,  0.09087027, -0.22213966,  0.45025356]
