Kp1: -2.8389476793205013
Ki1: -0.009064925804860614
Kd1: -0.15861604717647018
Kp2: 0.07812656773849547
Ki2: 0.04781757065870182
Kd2: 0.0
init_obs: [ 0.38670052,  0.08759607,  0.43251579, -0.38492269]
