Kp1: -2.9199069629314143
Ki1: -0.009956140570716206
Kd1: -0.14323959499259276
Kp2: 0.08497501121852329
Ki2: 0.05100997053800576
Kd2: 0.0
init_obs: [-0.33608737, -0.40355628, -0.36508805,  0.05354875]
