Kp1: -3.146781815388515
Ki1: -0.009382300311303687
Kd1: -0.15773294757591805
Kp2: 0.07962221371700286
Ki2: 0.049875024936060025
Kd2: 0.0
init_obs: [-0.20153069, -0.08511673,  0.39957137, -0.40673765]
