Kp1: -2.8939592948134134
Ki1: -0.009305604802196926
Kd1: -0.14240480700975505
Kp2: 0.07799386824788043
Ki2: 0.05321295017381177
Kd2: 0.0
init_obs: [ 0.42658161, -0.45235761,  0.1996264 , -0.36320609]
