Kp1: -2.7229024445465573
Ki1: -0.009528935404583954
Kd1: -0.1409599830096241
Kp2: 0.08797068290485388
Ki2: 0.04970146104370684
Kd2: 0.0
init_obs: [ 0.4185575 ,  0.21077065, -0.02506618, -0.04350886]
