Kp1: -3.119119027990817
Ki1: -0.009262886454419498
Kd1: -0.1486993341249782
Kp2: 0.07892568983080626
Ki2: 0.045484733929974305
Kd2: 0.0
init_obs: [-0.16028085, -0.15470247, -0.43341118,  0.21293698]
