Kp1: -3.097072903138366
Ki1: -0.010530903393100114
Kd1: -0.14806254105153316
Kp2: 0.07569536438685995
Ki2: 0.05087191662420361
Kd2: 0.0
init_obs: [ 0.06449042,  0.16199689, -0.36853114,  0.0865187 ]
