Kp1: -2.9293870446209898
Ki1: -0.009902499196105682
Kd1: -0.15886926508515464
Kp2: 0.08598850433540747
Ki2: 0.05008136160587785
Kd2: 0.0
init_obs: [ 0.16705629,  0.27386035, -0.40180539, -0.42350786]
