Kp1: -3.1004550645250886
Ki1: -0.010206473087356093
Kd1: -0.14101397692870427
Kp2: 0.07505745546641648
Ki2: 0.05092957061935802
Kd2: 0.0
init_obs: [-0.02889053,  0.0702631 ,  0.05957147, -0.20530094]
