Kp1: -3.1052210730488348
Ki1: -0.010773792211336428
Kd1: -0.13740811941139858
Kp2: 0.08104338548479639
Ki2: 0.052802582716437674
Kd2: 0.0
init_obs: [-0.19459282, -0.36203225, -0.1119111 ,  0.18179651]
