Kp1: -2.9979664583501924
Ki1: -0.009625913142103289
Kd1: -0.16324836660409872
Kp2: 0.07411978617989626
Ki2: 0.052447416801678776
Kd2: 0.0
init_obs: [-0.02522762, -0.28417175, -0.08772451, -0.3631542 ]
