Kp1: -3.2658081441702302
Ki1: -0.00939826247658049
Kd1: -0.1491524097979548
Kp2: 0.08537344290755099
Ki2: 0.05181393216799784
Kd2: 0.0
init_obs: [ 0.26552041, -0.07832809,  0.27991425, -0.29888146]
