Kp1: -3.253830898116858
Ki1: -0.010578616909389387
Kd1: -0.15712679852313852
Kp2: 0.07811449087532431
Ki2: 0.05284723238622479
Kd2: 0.0
init_obs: [ 0.10502658,  0.01469415, -0.20208443, -0.09823237]
