Kp1: -2.9562680881218544
Ki1: -0.00971205903517995
Kd1: -0.1524309209245431
Kp2: 0.07304063243266644
Ki2: 0.047865596987852685
Kd2: 0.0
init_obs: [ 0.45031781, -0.19830046,  0.16279877,  0.28763667]
