Kp1: -3.2384469603892656
Ki1: -0.009474316125736333
Kd1: -0.15379061695123347
Kp2: 0.08644745924071824
Ki2: 0.05015677904640878
Kd2: 0.0
init_obs: [ 0.19255257,  0.17602713, -0.33051879, -0.13327842]
