Kp1: -3.0818508594308045
Ki1: -0.010821212729669316
Kd1: -0.14100860360880502
Kp2: 0.08145478844430684
Ki2: 0.05439665581932107
Kd2: 0.0
init_obs: [-0.3669    ,  0.2913048 ,  0.04595199,  0.1293667 ]
