Kp1: -3.1560580033391687
Ki1: -0.010318857768972877
Kd1: -0.1571986595993318
Kp2: 0.07302782893792953
Ki2: 0.047998325367154517
Kd2: 0.0
init_obs: [-0.30290203, -0.25605109, -0.46228091,  0.21687436]
