Kp1: -2.8346385432169656
Ki1: -0.01059782985556194
Kd1: -0.14396861923526974
Kp2: 0.07452620274770867
Ki2: 0.051509191523855205
Kd2: 0.0
init_obs: [-0.30532007, -0.07861895,  0.03694216, -0.12597362]
