Kp1: -2.7952442265392534
Ki1: -0.00900750039851012
Kd1: -0.1551477145213254
Kp2: 0.07489038850448214
Ki2: 0.054818506103137654
Kd2: 0.0
init_obs: [-0.06279494,  0.30330273,  0.07127264,  0.00356508]
