Kp1: -3.1733588054358144
Ki1: -0.010789242688673484
Kd1: -0.1508220696733514
Kp2: 0.07222078382915227
Ki2: 0.050812102969259865
Kd2: 0.0
init_obs: [-0.46137547, -0.40778594, -0.26554811, -0.23507123]
