Kp1: -3.210715751648988
Ki1: -0.01099223377592882
Kd1: -0.1623256653803035
Kp2: 0.0873853682171855
Ki2: 0.047657136925520184
Kd2: 0.0
init_obs: [-0.45208417, -0.14659608, -0.4664607 , -0.040277  ]
