Kp1: -2.8674323355081777
Ki1: -0.009590620442808832
Kd1: -0.1373167902732243
Kp2: 0.08429964836206676
Ki2: 0.05422206228742915
Kd2: 0.0
init_obs: [ 0.01388463,  0.24041338, -0.15006068, -0.32155109]
