Kp1: -3.2441474506455066
Ki1: -0.00963600892300867
Kd1: -0.1356799940028189
Kp2: 0.07477455236364448
Ki2: 0.04659994476187723
Kd2: 0.0
init_obs: [-0.19478017, -0.24718325, -0.03785167, -0.25223534]
