Kp1: -2.941670923981135
Ki1: -0.00945045668617018
Kd1: -0.15274853524486265
Kp2: 0.07699231438672065
Ki2: 0.04904107149469808
Kd2: 0.0
init_obs: [ 0.20901407, -0.38334244,  0.46961254,  0.41262571]
