Kp1: -2.72987999033192
Ki1: -0.010887162253330824
Kd1: -0.1419413666540293
Kp2: 0.08782441787515995
Ki2: 0.05107416767156517
Kd2: 0.0
init_obs: [ 0.05870906, -0.02998938,  0.18404472, -0.02365469]
