Kp1: -2.796309634663641
Ki1: -0.009798250139043715
Kd1: -0.15109781136355357
Kp2: 0.0862424734497745
Ki2: 0.049209266997516904
Kd2: 0.0
init_obs: [-0.38243687,  0.19216746, -0.17362283,  0.07431553]
