Kp1: -2.9643911326093306
Ki1: -0.010394812323005534
Kd1: -0.1595715439155953
Kp2: 0.08386166313848537
Ki2: 0.05016631344602595
Kd2: 0.0
init_obs: [ 0.46889476, -0.13642872,  0.05884637,  0.24945573]
