Kp1: -3.2441013085173216
Ki1: -0.010940905658121391
Kd1: -0.13838398783908312
Kp2: 0.07570174838824816
Ki2: 0.05433025724901548
Kd2: 0.0
init_obs: [-0.27031254, -0.47840105,  0.0342518 ,  0.38632798]
