Kp1: -2.7478256333315163
Ki1: -0.009110357530888935
Kd1: -0.13539956312508186
Kp2: 0.07437720062455823
Ki2: 0.05370829057157661
Kd2: 0.0
init_obs: [-0.4862378 , -0.36063679,  0.09046521,  0.48175693]
