Kp1: -3.1081255769325327
Ki1: -0.009861334210900864
Kd1: -0.1465869087654085
Kp2: 0.08727498052183737
Ki2: 0.04548170941216492
Kd2: 0.0
init_obs: [-0.04990836, -0.13213817,  0.42879484,  0.12211553]
