Kp1: -2.9003467073531217
Ki1: -0.00965745542361103
Kd1: -0.15183215587905857
Kp2: 0.08506528149438301
Ki2: 0.0480757644993052
Kd2: 0.0
init_obs: [0.44407459, 0.37868899, 0.04475731, 0.16832927]
