Kp1: -3.1860784443092394
Ki1: -0.010936763701405488
Kd1: -0.14848986755447915
Kp2: 0.08084610032771665
Ki2: 0.053406274168446136
Kd2: 0.0
init_obs: [ 0.46585112, -0.49952318, -0.11460991, -0.45516941]
