Kp1: -2.9984711596280604
Ki1: -0.009168556527574522
Kd1: -0.14157978211673872
Kp2: 0.07983749324480637
Ki2: 0.05308456127353729
Kd2: 0.0
init_obs: [ 0.32097075,  0.26854694,  0.07733942, -0.32482446]
