Kp1: -3.1347842820331238
Ki1: -0.010850321835365587
Kd1: -0.16436694352220724
Kp2: 0.07769593264272538
Ki2: 0.051857059187927046
Kd2: 0.0
init_obs: [ 0.04614525, -0.14358682, -0.42643596,  0.392766  ]
