Kp1: -2.98836911910301
Ki1: -0.009632053215043996
Kd1: -0.1433927271224314
Kp2: 0.07774144014225796
Ki2: 0.0545781869404868
Kd2: 0.0
init_obs: [-0.14833021, -0.16505297,  0.04259286,  0.37653356]
