Kp1: -2.8216690780760336
Ki1: -0.009858909009440744
Kd1: -0.15407756350832852
Kp2: 0.07635455298750574
Ki2: 0.04827783615908903
Kd2: 0.0
init_obs: [ 0.43205057,  0.35331827, -0.01236095, -0.19573988]
