Kp1: -2.9075987751975787
Ki1: -0.009445618370046075
Kd1: -0.16312988593289818
Kp2: 0.08576585931960161
Ki2: 0.052904068501574336
Kd2: 0.0
init_obs: [ 0.15573168,  0.13474537, -0.410829  , -0.4656093 ]
