Kp1: -2.9092181078050023
Ki1: -0.010357909922582646
Kd1: -0.15896190722053122
Kp2: 0.08587024623956815
Ki2: 0.04676594942923731
Kd2: 0.0
init_obs: [-0.4664962 , -0.45156803,  0.42383857,  0.29897302]
