Kp1: -3.0284827714213236
Ki1: -0.009972149744578019
Kd1: -0.1442159431442708
Kp2: 0.08781624985007457
Ki2: 0.04793604020737255
Kd2: 0.0
init_obs: [ 0.33620159,  0.32899005, -0.32200083,  0.09831418]
