Kp1: -2.960101502977447
Ki1: -0.01085066072249097
Kd1: -0.15859822329533727
Kp2: 0.07200511574514173
Ki2: 0.047317770510528434
Kd2: 0.0
init_obs: [ 0.14551679, -0.0315926 ,  0.48259493, -0.39625638]
