Kp1: -2.9121344212449825
Ki1: -0.01083065504306926
Kd1: -0.13569553632986384
Kp2: 0.08571222534849547
Ki2: 0.050789622868579576
Kd2: 0.0
init_obs: [0.470548  , 0.48971755, 0.25539064, 0.12625757]
