Kp1: -2.9213650903786785
Ki1: -0.009015325423997923
Kd1: -0.15538122204404756
Kp2: 0.07724401998796383
Ki2: 0.05113882031476807
Kd2: 0.0
init_obs: [-0.37047204, -0.30668404, -0.15748393, -0.1640794 ]
