Kp1: -2.8494031518632554
Ki1: -0.010476320959494056
Kd1: -0.1608887943322547
Kp2: 0.07961383699815469
Ki2: 0.05329071690646793
Kd2: 0.0
init_obs: [ 0.43384164, -0.13350584,  0.22933784,  0.21255299]
