Kp1: -3.2633057016801277
Ki1: -0.010503321176248784
Kd1: -0.14896247076951213
Kp2: 0.07984669893574163
Ki2: 0.047973091582271726
Kd2: 0.0
init_obs: [ 0.35390951, -0.11849397, -0.25770891, -0.42136199]
