Kp1: -2.9906359835626883
Ki1: -0.009393791486669086
Kd1: -0.14809321999885147
Kp2: 0.07410929418060856
Ki2: 0.04870309590697977
Kd2: 0.0
init_obs: [-0.31460707,  0.17738577,  0.34194695,  0.38467674]
