Kp1: -2.875056564136088
Ki1: -0.010071117928922188
Kd1: -0.16011814942564206
Kp2: 0.08663975871276876
Ki2: 0.05243835379949512
Kd2: 0.0
init_obs: [-0.38100111,  0.09058857,  0.07817644,  0.38583609]
