Kp1: -3.0053859679773156
Ki1: -0.010470468414105524
Kd1: -0.14877740294678704
Kp2: 0.08208816745500057
Ki2: 0.0469672152335812
Kd2: 0.0
init_obs: [-0.0396118 , -0.06217622,  0.11072984,  0.37952614]
