Kp1: -2.9297946118478175
Ki1: -0.010883737838945083
Kd1: -0.15660230827500185
Kp2: 0.07719487260031666
Ki2: 0.04948000273256946
Kd2: 0.0
init_obs: [-0.33825395,  0.15888572, -0.49632912,  0.08152717]
