Kp1: -3.0023525562598987
Ki1: -0.010105757217072756
Kd1: -0.14453131101429387
Kp2: 0.07536336934717648
Ki2: 0.05062578398274741
Kd2: 0.0
init_obs: [ 0.4405201 , -0.48687869, -0.03267496, -0.17192723]
