Kp1: -3.1140723775237977
Ki1: -0.009204614639700733
Kd1: -0.1565485534965393
Kp2: 0.08446036264025247
Ki2: 0.04856683155870357
Kd2: 0.0
init_obs: [-0.12635496,  0.33563358, -0.07080018, -0.09857019]
