Kp1: -2.7421808859628927
Ki1: -0.01024302720320133
Kd1: -0.16163464874403086
Kp2: 0.08576364065813567
Ki2: 0.0466886257351972
Kd2: 0.0
init_obs: [0.27449675, 0.12377538, 0.15832591, 0.28287199]
