Kp1: -3.16528194004467
Ki1: -0.01033139268011905
Kd1: -0.15360548218294187
Kp2: 0.08668804062565912
Ki2: 0.04617930754103798
Kd2: 0.0
init_obs: [-0.04949426,  0.20955428,  0.41089413, -0.11968052]
