Kp1: -3.117928671847519
Ki1: -0.009549141252255176
Kd1: -0.14043010642275686
Kp2: 0.08512103678854432
Ki2: 0.05470695449142718
Kd2: 0.0
init_obs: [-0.42457671, -0.3671991 ,  0.16059677,  0.13311819]
