Kp1: -2.761180736785124
Ki1: -0.010704448099812003
Kd1: -0.14533741171866027
Kp2: 0.0721309336688791
Ki2: 0.05121576949080814
Kd2: 0.0
init_obs: [ 0.10655217, -0.45717188, -0.18296522, -0.34692087]
