Kp1: -2.7528333708901416
Ki1: -0.009275746512266383
Kd1: -0.14200117751541097
Kp2: 0.0764862756196026
Ki2: 0.04627974523326483
Kd2: 0.0
init_obs: [-0.04691635, -0.06888413,  0.09375469, -0.35816558]
