Kp1: -2.9933711668879424
Ki1: -0.009414253342620842
Kd1: -0.14678715785506002
Kp2: 0.07639894027723827
Ki2: 0.04650215295411349
Kd2: 0.0
init_obs: [-0.09767892,  0.41260858,  0.41386083,  0.29365979]
