Kp1: -2.9318958174774763
Ki1: -0.0108128473226736
Kd1: -0.16392453642552682
Kp2: 0.08296080374556299
Ki2: 0.05019848557777489
Kd2: 0.0
init_obs: [-0.35499364, -0.16614721,  0.01873503,  0.30746659]
