Kp1: -2.774904749967158
Ki1: -0.010761148691098845
Kd1: -0.14626266345873473
Kp2: 0.08243365059793199
Ki2: 0.05241888733439426
Kd2: 0.0
init_obs: [0.23465135, 0.12864597, 0.05744627, 0.47325659]
