Kp1: -3.2504412419279385
Ki1: -0.009427565375171561
Kd1: -0.1638598010345819
Kp2: 0.08427460535892216
Ki2: 0.054170951121917825
Kd2: 0.0
init_obs: [-0.26051088, -0.41916227, -0.11043616, -0.13738512]
