Kp1: -2.8875695675920916
Ki1: -0.009274869834809813
Kd1: -0.14738313385568366
Kp2: 0.0841900216505929
Ki2: 0.051757590216356
Kd2: 0.0
init_obs: [ 0.14133832, -0.38059082,  0.25079215,  0.23084534]
