Kp1: -2.9641251972174016
Ki1: -0.009568899774175233
Kd1: -0.1533412610429238
Kp2: 0.0787109665663253
Ki2: 0.04845974610849414
Kd2: 0.0
init_obs: [ 0.19119212, -0.25101161, -0.23566655, -0.49022145]
