Kp1: -3.002356391515706
Ki1: -0.01062756576286772
Kd1: -0.14113975862852582
Kp2: 0.08471041653666493
Ki2: 0.05399004633584157
Kd2: 0.0
init_obs: [ 0.22400416, -0.01550655,  0.14442019, -0.45122455]
