Kp1: -2.847607577062054
Ki1: -0.010810668882988985
Kd1: -0.14785170625519312
Kp2: 0.0750825725149877
Ki2: 0.05273576560389568
Kd2: 0.0
init_obs: [ 0.3824487 , -0.35847652, -0.27014239, -0.08282963]
