Kp1: -3.0915443774096483
Ki1: -0.00941992056295226
Kd1: -0.15906007753799759
Kp2: 0.0738887168506817
Ki2: 0.04883311731630641
Kd2: 0.0
init_obs: [-0.45994792,  0.07658946,  0.05016881,  0.48413053]
