Kp1: -3.0936049659489977
Ki1: -0.009366373985328594
Kd1: -0.13973969555720234
Kp2: 0.08653838756312189
Ki2: 0.047357315399195965
Kd2: 0.0
init_obs: [ 0.04527953,  0.31250831, -0.24257585, -0.06896756]
