Kp1: -2.840853771132766
Ki1: -0.009012581612249307
Kd1: -0.15270857544868668
Kp2: 0.07741008220314674
Ki2: 0.04710382792226547
Kd2: 0.0
init_obs: [ 0.30834589, -0.16970455,  0.29095393, -0.44624873]
