Kp1: -2.888082267177381
Ki1: -0.00988430621664047
Kd1: -0.15219154977175628
Kp2: 0.08773727666901866
Ki2: 0.050974735835002165
Kd2: 0.0
init_obs: [-0.31112403, -0.29640409, -0.27377149, -0.31534716]
