Kp1: -3.0503606096278317
Ki1: -0.00921858117435983
Kd1: -0.14810750003720277
Kp2: 0.08385434239908598
Ki2: 0.0544498989058569
Kd2: 0.0
init_obs: [ 0.03507357,  0.10908531, -0.39267083, -0.47826974]
