Kp1: -2.726896124356035
Ki1: -0.010469184515641692
Kd1: -0.14505589267103183
Kp2: 0.07994133598161411
Ki2: 0.05086948488543311
Kd2: 0.0
init_obs: [-0.2135811 , -0.21154754,  0.46726717, -0.42936903]
