Kp1: -2.794194624644904
Ki1: -0.009405671267244967
Kd1: -0.13700536643857822
Kp2: 0.07565053884319928
Ki2: 0.04583874445233978
Kd2: 0.0
init_obs: [-0.47397905,  0.32032005, -0.22837871, -0.13608873]
