Kp1: -3.123418236642105
Ki1: -0.009365992389739793
Kd1: -0.15507906702412624
Kp2: 0.0793278386233653
Ki2: 0.0535532153061578
Kd2: 0.0
init_obs: [-0.14515825, -0.40021077, -0.3552049 , -0.45598561]
