Kp1: -2.9074842703030823
Ki1: -0.009337938431079251
Kd1: -0.1540921816743758
Kp2: 0.08262339565073719
Ki2: 0.054947473824577514
Kd2: 0.0
init_obs: [-0.14699644,  0.39714291, -0.35656   , -0.25654054]
