Kp1: -2.8398571210833756
Ki1: -0.010537154916994931
Kd1: -0.14593048723576393
Kp2: 0.07287815750973813
Ki2: 0.04837853942315995
Kd2: 0.0
init_obs: [-0.08985999,  0.02933163, -0.1985424 ,  0.41646578]
