Kp1: -2.7055543857217064
Ki1: -0.010125369580543
Kd1: -0.15092395310763546
Kp2: 0.07780301199067619
Ki2: 0.04881936615662555
Kd2: 0.0
init_obs: [-0.47253377, -0.08967622, -0.2903656 ,  0.01709971]
