Kp1: -2.8644665233024083
Ki1: -0.01037903487197093
Kd1: -0.14158310306655544
Kp2: 0.08347530535511466
Ki2: 0.04688473512904742
Kd2: 0.0
init_obs: [-0.42756255, -0.30777272, -0.24457748, -0.27753921]
