Kp1: -2.791518047944246
Ki1: -0.01019871223691256
Kd1: -0.14109784245473364
Kp2: 0.08235311537105366
Ki2: 0.05214674449511317
Kd2: 0.0
init_obs: [-0.29036439,  0.15670503,  0.12893921, -0.42735781]
