Kp1: -3.121407376874719
Ki1: -0.010763516479480411
Kd1: -0.13562862846380946
Kp2: 0.08545717428884902
Ki2: 0.04623397174097606
Kd2: 0.0
init_obs: [-0.14230512, -0.10741532,  0.17892342, -0.1775497 ]
