Kp1: -3.172864644020919
Ki1: -0.010167993990142411
Kd1: -0.16174718519858494
Kp2: 0.08589472238739936
Ki2: 0.045705524359844936
Kd2: 0.0
init_obs: [-0.44260169,  0.11823238, -0.43839213,  0.39586604]
