Kp1: -3.02911494334351
Ki1: -0.009091081469537979
Kd1: -0.1502402060004531
Kp2: 0.07464026953951768
Ki2: 0.04731012915334293
Kd2: 0.0
init_obs: [-0.4771209 , -0.07960181,  0.03628812,  0.42438786]
