Kp1: -3.235603683086795
Ki1: -0.009108274132393034
Kd1: -0.14706976199507332
Kp2: 0.08369725132561287
Ki2: 0.04845072661013191
Kd2: 0.0
init_obs: [-0.34878367, -0.41542895, -0.17039922, -0.17055399]
