Kp1: -2.7350737690277978
Ki1: -0.009968012993590722
Kd1: -0.1413065240653404
Kp2: 0.0852466200093471
Ki2: 0.04524058003003274
Kd2: 0.0
init_obs: [-0.47992326,  0.12785303,  0.23676966,  0.06764157]
