Kp1: -3.2359966133614524
Ki1: -0.009136341624363704
Kd1: -0.16491643822978044
Kp2: 0.07231255719344486
Ki2: 0.05175494827598816
Kd2: 0.0
init_obs: [-0.48910446,  0.47618395, -0.3340058 , -0.13405829]
