Kp1: -3.2951428695929197
Ki1: -0.009021896497982925
Kd1: -0.13597130825872467
Kp2: 0.07583010587395148
Ki2: 0.04652870674480073
Kd2: 0.0
init_obs: [ 0.2643138 , -0.14802693,  0.0738929 ,  0.05177054]
