Kp1: -3.1958766855139307
Ki1: -0.010764337392540005
Kd1: -0.13868483470155382
Kp2: 0.07709609952183269
Ki2: 0.04527497828559353
Kd2: 0.0
init_obs: [ 0.39851154, -0.47364652,  0.43412727, -0.06886843]
