Kp1: -3.1237848080402264
Ki1: -0.009362324646715978
Kd1: -0.15609583121746218
Kp2: 0.0766379575478654
Ki2: 0.050226907501448495
Kd2: 0.0
init_obs: [ 0.4788606 ,  0.15219274, -0.33653318,  0.21063696]
