Kp1: -2.8489450448527434
Ki1: -0.009464267601440349
Kd1: -0.15117888002559018
Kp2: 0.07283057480722467
Ki2: 0.050868216189451636
Kd2: 0.0
init_obs: [-0.45493836,  0.3781972 , -0.01099614,  0.28412431]
