Kp1: -2.879470953084599
Ki1: -0.009152950064899464
Kd1: -0.15591580706399136
Kp2: 0.08662878838593492
Ki2: 0.05292547280458096
Kd2: 0.0
init_obs: [-0.44403411, -0.19233214, -0.42586641,  0.20635289]
