Kp1: -2.7608312812733584
Ki1: -0.010185151016343819
Kd1: -0.15390508691618532
Kp2: 0.07900752578856512
Ki2: 0.04607142047495992
Kd2: 0.0
init_obs: [-0.39441992,  0.2533975 , -0.09026973, -0.29017126]
