Kp1: -3.152531591514954
Ki1: -0.010360058642803302
Kd1: -0.15706627453196062
Kp2: 0.08017249115251718
Ki2: 0.04907329487416162
Kd2: 0.0
init_obs: [0.07214077, 0.47187392, 0.45002583, 0.31721891]
