Kp1: -2.783095844754042
Ki1: -0.009631821708427201
Kd1: -0.15440233242631515
Kp2: 0.07521107276653624
Ki2: 0.05009103236941762
Kd2: 0.0
init_obs: [ 0.02870085, -0.09970855, -0.15886977, -0.42457726]
