Kp1: -3.2859125927169384
Ki1: -0.00965516307454865
Kd1: -0.13839015620893738
Kp2: 0.08445544803346502
Ki2: 0.04939614066150789
Kd2: 0.0
init_obs: [-0.30994555, -0.10237875,  0.3262868 , -0.37034799]
