Kp1: -2.8073276735580364
Ki1: -0.00968755590113894
Kd1: -0.14493299200319626
Kp2: 0.0730148289925066
Ki2: 0.05141571236841265
Kd2: 0.0
init_obs: [-0.03469057,  0.16860748,  0.46737868, -0.37157075]
