Kp1: -3.1342444240519782
Ki1: -0.009106923431291488
Kd1: -0.1536201114733504
Kp2: 0.07737995526688905
Ki2: 0.05025630027749744
Kd2: 0.0
init_obs: [ 0.40326832,  0.49363746, -0.33244905, -0.08762468]
