Kp1: -3.2601754987709897
Ki1: -0.010934199229470016
Kd1: -0.1464702318853914
Kp2: 0.08606286127656528
Ki2: 0.05352120048219958
Kd2: 0.0
init_obs: [ 0.13730731,  0.46627871,  0.45895498, -0.14906659]
