Kp1: -2.756507054946832
Ki1: -0.009085766743050816
Kd1: -0.1578052913685738
Kp2: 0.0723554195315013
Ki2: 0.050292559052152186
Kd2: 0.0
init_obs: [-0.31552625,  0.00868639,  0.31892767, -0.41007875]
