Kp1: -3.220348330719526
Ki1: -0.010190686191055062
Kd1: -0.16212348265878251
Kp2: 0.0854602747405049
Ki2: 0.05140650896112149
Kd2: 0.0
init_obs: [ 0.32395054,  0.38666881, -0.44931781,  0.05718217]
