Kp1: -2.8359314506342774
Ki1: -0.010738661935387323
Kd1: -0.15942635209471603
Kp2: 0.07895088310349277
Ki2: 0.047591305337074834
Kd2: 0.0
init_obs: [0.4897285 , 0.26321519, 0.01034398, 0.26233611]
