Kp1: -3.0929250884173674
Ki1: -0.010895565508295946
Kd1: -0.15319371169504303
Kp2: 0.08119549904542614
Ki2: 0.0464930487303084
Kd2: 0.0
init_obs: [ 0.43519823,  0.26526415, -0.43971058, -0.32098887]
