Kp1: -3.155122590539673
Ki1: -0.010938394224958967
Kd1: -0.16305232006577777
Kp2: 0.07641371484994176
Ki2: 0.05399643914227677
Kd2: 0.0
init_obs: [-0.39436001, -0.2908655 ,  0.48971452,  0.23415686]
