Kp1: -3.132758597155876
Ki1: -0.009139888853288262
Kd1: -0.14986745691281886
Kp2: 0.07556189131010617
Ki2: 0.04997522090116755
Kd2: 0.0
init_obs: [ 0.14942244,  0.17430348,  0.28203652, -0.36887397]
