Kp1: -2.939538098762502
Ki1: -0.009349016889322288
Kd1: -0.14197640961816518
Kp2: 0.08685085533372877
Ki2: 0.04902130412754941
Kd2: 0.0
init_obs: [-0.01515882, -0.28970335, -0.46731471, -0.28130604]
