Kp1: -3.21717902346145
Ki1: -0.0105268626883099
Kd1: -0.15473049543499423
Kp2: 0.0875125272149631
Ki2: 0.054170505287884856
Kd2: 0.0
init_obs: [-0.45676161, -0.18797025,  0.47153383, -0.00585185]
