Kp1: -3.2862946745574595
Ki1: -0.010607135339018333
Kd1: -0.1605763716890099
Kp2: 0.08162191390006594
Ki2: 0.05450283526976473
Kd2: 0.0
init_obs: [ 0.29753367, -0.33294295, -0.38063468, -0.17683827]
