Kp1: -3.2803503678420567
Ki1: -0.009721911603258134
Kd1: -0.157537795577627
Kp2: 0.0878237370864041
Ki2: 0.052664611280871965
Kd2: 0.0
init_obs: [ 0.07660802, -0.48969557, -0.09491288, -0.28671093]
