Kp1: -3.0897988982677322
Ki1: -0.009241440608776866
Kd1: -0.14068240386472045
Kp2: 0.08497517433736292
Ki2: 0.04607746096278431
Kd2: 0.0
init_obs: [-0.27636685,  0.34937598, -0.29028388, -0.0058341 ]
