Kp1: -2.8504197424022935
Ki1: -0.010863375759491907
Kd1: -0.13793919363192714
Kp2: 0.07919409273677801
Ki2: 0.0506384943187119
Kd2: 0.0
init_obs: [-0.08987498, -0.11333922, -0.31519859, -0.05386751]
