Kp1: -2.8198358214493338
Ki1: -0.009586718189498852
Kd1: -0.14154692710709407
Kp2: 0.07261115245462638
Ki2: 0.05253370984428856
Kd2: 0.0
init_obs: [ 0.49664037, -0.15917192, -0.2208721 ,  0.11864896]
