Kp1: -2.747193455333527
Ki1: -0.01018793459071663
Kd1: -0.1352290827761861
Kp2: 0.07894581336417918
Ki2: 0.046278131714188916
Kd2: 0.0
init_obs: [ 0.07265367, -0.20149028,  0.18315817,  0.47931411]
