Kp1: -3.1586210273254425
Ki1: -0.00971124682383177
Kd1: -0.1366308084552192
Kp2: 0.08429216090630406
Ki2: 0.04963566078977886
Kd2: 0.0
init_obs: [ 0.20914764, -0.23357832,  0.11871098, -0.23003668]
