Kp1: -3.0648743697988756
Ki1: -0.009794397168881233
Kd1: -0.1528477499441782
Kp2: 0.0762674198313198
Ki2: 0.050105424242388175
Kd2: 0.0
init_obs: [ 0.40090152, -0.02617759,  0.18654452, -0.0769747 ]
