Kp1: -3.249520314369613
Ki1: -0.009882772985269933
Kd1: -0.14651412777817252
Kp2: 0.0745849301437542
Ki2: 0.05489245141468551
Kd2: 0.0
init_obs: [-0.38415938, -0.0165739 , -0.1167322 ,  0.12662848]
