Kp1: -3.282089091263914
Ki1: -0.009500666763999384
Kd1: -0.1610719021636109
Kp2: 0.08009717221832155
Ki2: 0.04564027481796071
Kd2: 0.0
init_obs: [-0.43112974,  0.24450621,  0.16473152,  0.02328707]
