Kp1: -2.8565511612413115
Ki1: -0.009677186056233971
Kd1: -0.16172121112256602
Kp2: 0.07898941336081611
Ki2: 0.04785134440102983
Kd2: 0.0
init_obs: [-0.35993763, -0.16860514, -0.1681811 ,  0.03353359]
