Kp1: -2.700247417898514
Ki1: -0.010566151469205457
Kd1: -0.16498887031068898
Kp2: 0.07308028378963331
Ki2: 0.050604861946719995
Kd2: 0.0
init_obs: [ 0.09458216,  0.3574676 , -0.45843475, -0.43318199]
