Kp1: -3.1684047455971274
Ki1: -0.009780587536139694
Kd1: -0.1619008677357238
Kp2: 0.0779490909689261
Ki2: 0.0515434996279299
Kd2: 0.0
init_obs: [ 0.07503563, -0.09065509, -0.49708503,  0.43112126]
