Kp1: -3.165013572535763
Ki1: -0.010128737244146448
Kd1: -0.14645971579215342
Kp2: 0.0721598464781045
Ki2: 0.05130332766152142
Kd2: 0.0
init_obs: [-0.46511088, -0.4419626 , -0.16887851, -0.0168447 ]
