Kp1: -2.791944594178981
Ki1: -0.010268611456021958
Kd1: -0.14467641773186474
Kp2: 0.0744166715932121
Ki2: 0.04668963741442709
Kd2: 0.0
init_obs: [-0.17767491,  0.27794207, -0.39866533,  0.05162186]
