Kp1: -2.956796963960664
Ki1: -0.01031872792043338
Kd1: -0.1513229185683119
Kp2: 0.0768907034113164
Ki2: 0.053172400441750894
Kd2: 0.0
init_obs: [0.27369377, 0.02606569, 0.45396282, 0.33248299]
