Kp1: -3.2282601488734866
Ki1: -0.009180526863373456
Kd1: -0.16218536202118836
Kp2: 0.08034858858584057
Ki2: 0.0548971335494251
Kd2: 0.0
init_obs: [-0.34994043, -0.13341078, -0.10821728,  0.38204347]
