Kp1: -2.986211958977384
Ki1: -0.009771780962690307
Kd1: -0.1473664849607868
Kp2: 0.08475518966443389
Ki2: 0.054492619733816375
Kd2: 0.0
init_obs: [ 0.24417406,  0.23019246, -0.31477321, -0.01527871]
