Kp1: -2.942580708396762
Ki1: -0.009164376476890723
Kd1: -0.14420894711198073
Kp2: 0.08320796880161568
Ki2: 0.04667617763575197
Kd2: 0.0
init_obs: [ 0.20138302, -0.21078851, -0.46348502,  0.14349809]
