Kp1: -3.2532413790989905
Ki1: -0.009213363339997262
Kd1: -0.15818000819700603
Kp2: 0.08658008703985623
Ki2: 0.05029491452679861
Kd2: 0.0
init_obs: [ 0.38621108, -0.47078695,  0.48770742, -0.46727004]
