Kp1: -2.9173828754262554
Ki1: -0.010993998677910895
Kd1: -0.15618107831622632
Kp2: 0.0837397453373475
Ki2: 0.04933301518085328
Kd2: 0.0
init_obs: [ 0.03513731,  0.13821467,  0.07403582, -0.32720342]
