Kp1: -3.1944884252077355
Ki1: -0.010684297309808823
Kd1: -0.15065316149544172
Kp2: 0.08113986223288111
Ki2: 0.047065419875012594
Kd2: 0.0
init_obs: [-0.11144131, -0.402872  ,  0.05663239,  0.17418859]
