Kp1: -3.0233015537442887
Ki1: -0.009959852691769145
Kd1: -0.1481928365816582
Kp2: 0.07785300104818955
Ki2: 0.04754843980573996
Kd2: 0.0
init_obs: [ 0.44444854,  0.24400231,  0.30724882, -0.27238938]
