Kp1: -2.9579565153201406
Ki1: -0.010349174737130524
Kd1: -0.1549827748785244
Kp2: 0.08167705587143505
Ki2: 0.054614416942769806
Kd2: 0.0
init_obs: [ 0.01338849, -0.02455443, -0.13343056, -0.25740254]
