Kp1: -3.071334867893516
Ki1: -0.010868608380555258
Kd1: -0.1644487821767726
Kp2: 0.07643822775989348
Ki2: 0.04912915650958348
Kd2: 0.0
init_obs: [ 0.27427758,  0.45811117, -0.35309277,  0.25986666]
