Kp1: -3.195070968237076
Ki1: -0.010789000543364917
Kd1: -0.14340894565135848
Kp2: 0.07276743361491714
Ki2: 0.05418746322518018
Kd2: 0.0
init_obs: [ 0.09401628, -0.09599965,  0.02517085,  0.05227994]
