Kp1: -2.8222963903691927
Ki1: -0.010285652823112027
Kd1: -0.1509297932384843
Kp2: 0.08076835980338362
Ki2: 0.04533458129721799
Kd2: 0.0
init_obs: [-0.3185153 , -0.44598858, -0.328069  , -0.09294649]
