Kp1: -2.8668914658341325
Ki1: -0.0092496365845947
Kd1: -0.14087522054953694
Kp2: 0.07776146242440582
Ki2: 0.054415926572600484
Kd2: 0.0
init_obs: [ 0.38375437,  0.2158571 , -0.10933567,  0.38881412]
