Kp1: -3.1370125179493042
Ki1: -0.009377982700541887
Kd1: -0.1552709621111443
Kp2: 0.08640016509452471
Ki2: 0.04558169875732622
Kd2: 0.0
init_obs: [-0.28842522, -0.31253798, -0.32438268,  0.48033169]
