Kp1: -2.825954279960503
Ki1: -0.010008443011299249
Kd1: -0.15332253952384675
Kp2: 0.07752233985842291
Ki2: 0.0534818892101554
Kd2: 0.0
init_obs: [0.2305996 , 0.22705148, 0.14768197, 0.40184264]
