Kp1: -3.2953636052592
Ki1: -0.010555186766572966
Kd1: -0.16230305684640267
Kp2: 0.07613810416372904
Ki2: 0.05170153975053565
Kd2: 0.0
init_obs: [ 0.20342565,  0.10837133, -0.01145269,  0.0534564 ]
