Kp1: -2.7846866603068507
Ki1: -0.010562002512211285
Kd1: -0.16497249847066336
Kp2: 0.07347746923764464
Ki2: 0.05409991912309497
Kd2: 0.0
init_obs: [-0.4506503 ,  0.30484073, -0.14478871, -0.39332697]
