Kp1: -3.1172142153486906
Ki1: -0.009870849424704165
Kd1: -0.1546764057859417
Kp2: 0.078963765596369
Ki2: 0.05444247465099525
Kd2: 0.0
init_obs: [ 0.37948931,  0.33517149, -0.45834095, -0.37024774]
