Kp1: -2.818859687031078
Ki1: -0.010523588576515516
Kd1: -0.16017549977993067
Kp2: 0.07562230837211918
Ki2: 0.04862081255401497
Kd2: 0.0
init_obs: [ 0.47326348, -0.49361917, -0.19581179,  0.34034227]
