Kp1: -3.027612690391183
Ki1: -0.010692651175522228
Kd1: -0.13880982014643078
Kp2: 0.07923813902970482
Ki2: 0.053746518452208174
Kd2: 0.0
init_obs: [ 0.48847964,  0.09105889, -0.01100392, -0.35167067]
