Kp1: -3.230973582143739
Ki1: -0.010982162488992456
Kd1: -0.16132360685674255
Kp2: 0.07597659753125525
Ki2: 0.05100222806534001
Kd2: 0.0
init_obs: [ 0.1333858 , -0.31265714, -0.21374345, -0.41240495]
