Kp1: -3.026492507389805
Ki1: -0.010353361488561464
Kd1: -0.14712963246934496
Kp2: 0.08182212448567829
Ki2: 0.04755715000808903
Kd2: 0.0
init_obs: [-0.16659342, -0.20477932,  0.32945967,  0.11070154]
