Kp1: -3.108099476600861
Ki1: -0.009725159412462334
Kd1: -0.13527105495327799
Kp2: 0.08525740653993141
Ki2: 0.05306830971346837
Kd2: 0.0
init_obs: [-0.09346878,  0.46465766, -0.13787061,  0.28176084]
