Kp1: -2.7072426392975317
Ki1: -0.010580670080731705
Kd1: -0.14272961124198036
Kp2: 0.07485150840883406
Ki2: 0.045643189217072395
Kd2: 0.0
init_obs: [0.28535737, 0.13238367, 0.21101427, 0.02073961]
