Kp1: -2.8506343556478546
Ki1: -0.010729494507299701
Kd1: -0.151843968022445
Kp2: 0.0824122400883727
Ki2: 0.050192286992382984
Kd2: 0.0
init_obs: [ 0.04992311, -0.35972521, -0.32048374,  0.16256315]
