Kp1: -2.922390749341593
Ki1: -0.009157319503966845
Kd1: -0.16225328948797269
Kp2: 0.07915672703538025
Ki2: 0.05354015609147211
Kd2: 0.0
init_obs: [ 0.07748019, -0.149231  , -0.26554605,  0.07924008]
