Kp1: -3.216701109679613
Ki1: -0.010102187060880136
Kd1: -0.15156293889260886
Kp2: 0.07347576402467439
Ki2: 0.05302335248577429
Kd2: 0.0
init_obs: [ 0.34207935,  0.36637623, -0.09143017, -0.13575847]
