Kp1: -3.0044333821571887
Ki1: -0.009468844994473112
Kd1: -0.13517725913168163
Kp2: 0.07529928392893408
Ki2: 0.05421327223060869
Kd2: 0.0
init_obs: [ 0.46821244, -0.48720872,  0.3841886 ,  0.37655389]
