Kp1: -2.970479531645358
Ki1: -0.009831832901053366
Kd1: -0.1392194232412243
Kp2: 0.07201243133226728
Ki2: 0.05250755602828142
Kd2: 0.0
init_obs: [ 0.19425841,  0.40733063,  0.05966285, -0.18007389]
