Kp1: -2.963703645878602
Ki1: -0.009175573959158264
Kd1: -0.16348608947718615
Kp2: 0.07287439459525002
Ki2: 0.05246997493946986
Kd2: 0.0
init_obs: [ 0.04355681, -0.19383006,  0.17489578,  0.12426899]
