Kp1: -3.0956931518364286
Ki1: -0.010475048480996403
Kd1: -0.15307195283453326
Kp2: 0.07873631204040678
Ki2: 0.05364311509720426
Kd2: 0.0
init_obs: [ 0.11957646,  0.16273749, -0.1730807 , -0.03048621]
