Kp1: -3.0821333787978746
Ki1: -0.010774328537778077
Kd1: -0.15755207068422392
Kp2: 0.08616338423652879
Ki2: 0.050909980089447054
Kd2: 0.0
init_obs: [-0.36868438,  0.01702875, -0.20912927, -0.3107597 ]
