Kp1: -2.9570425076420133
Ki1: -0.009002032307063347
Kd1: -0.16161215284276761
Kp2: 0.08050849283889465
Ki2: 0.0466908634352321
Kd2: 0.0
init_obs: [-0.33194932, -0.24397683, -0.26959296, -0.33378528]
