Kp1: -2.9633950100576243
Ki1: -0.009296600229061465
Kd1: -0.15779474279359912
Kp2: 0.07738576948795041
Ki2: 0.05452374036599575
Kd2: 0.0
init_obs: [0.04746979, 0.01039057, 0.40703645, 0.29342807]
