Kp1: -2.9457228640486255
Ki1: -0.010269047363131478
Kd1: -0.16079154861232484
Kp2: 0.07665697277001522
Ki2: 0.046317801794450254
Kd2: 0.0
init_obs: [ 0.30255298, -0.14423555, -0.21378401,  0.43081437]
