Kp1: -2.940698677008025
Ki1: -0.00963182333189273
Kd1: -0.14838558993796946
Kp2: 0.07357588188678826
Ki2: 0.05290759346091966
Kd2: 0.0
init_obs: [-0.15087491, -0.3024496 ,  0.38458908,  0.47195226]
