Kp1: -2.9084169942925575
Ki1: -0.010249824190877568
Kd1: -0.14863330108180808
Kp2: 0.07377364496341202
Ki2: 0.045844930214581026
Kd2: 0.0
init_obs: [ 0.23441318, -0.45329709, -0.08242182,  0.32094733]
