Kp1: -3.197904323785556
Ki1: -0.010087319946147406
Kd1: -0.15455470203159244
Kp2: 0.08384330820122798
Ki2: 0.04551602884583618
Kd2: 0.0
init_obs: [-0.36612135, -0.19290061,  0.18295832, -0.33421568]
