Kp1: -2.7203356921348036
Ki1: -0.009593869954966017
Kd1: -0.16172999723610298
Kp2: 0.08656744341837876
Ki2: 0.04593701584302837
Kd2: 0.0
init_obs: [-0.41549984, -0.07392774,  0.48866476,  0.15371969]
