Kp1: -3.1472724599337716
Ki1: -0.010553693179424166
Kd1: -0.1448465964094308
Kp2: 0.0876934918829367
Ki2: 0.05157712741488736
Kd2: 0.0
init_obs: [ 0.20745126,  0.2197264 , -0.38948133,  0.35257578]
