Kp1: -3.2021305025819
Ki1: -0.01062966887383924
Kd1: -0.15844217736450508
Kp2: 0.08258832836043896
Ki2: 0.05027638082865851
Kd2: 0.0
init_obs: [ 0.30418989,  0.10361916, -0.10025868,  0.24063365]
