Kp1: -3.0630788148623926
Ki1: -0.010861696178057576
Kd1: -0.1480475867454436
Kp2: 0.07980397539259892
Ki2: 0.05212159994411672
Kd2: 0.0
init_obs: [-0.13775033, -0.15444073,  0.44115141,  0.34069313]
