Kp1: -2.9135898511288696
Ki1: -0.009254575235503158
Kd1: -0.15148272247678507
Kp2: 0.08024153645219523
Ki2: 0.05333549205134393
Kd2: 0.0
init_obs: [-0.49081248,  0.11183046,  0.4149754 ,  0.44213864]
