Kp1: -2.728429699866581
Ki1: -0.010401002160298996
Kd1: -0.16118827978248795
Kp2: 0.07494205400994142
Ki2: 0.0477686179459265
Kd2: 0.0
init_obs: [ 0.06778417, -0.03420825, -0.09694798,  0.41096157]
