Kp1: -3.2166765749957698
Ki1: -0.010861277734183163
Kd1: -0.1508394102000519
Kp2: 0.08791623267424062
Ki2: 0.05218004453962134
Kd2: 0.0
init_obs: [ 0.2580829 , -0.40902235,  0.14513819, -0.4704732 ]
