Kp1: -3.127994751729774
Ki1: -0.009866457235577162
Kd1: -0.13690057194577762
Kp2: 0.08775018970061665
Ki2: 0.04815537170532786
Kd2: 0.0
init_obs: [ 0.00933429, -0.03324974,  0.20915756,  0.17812204]
