Kp1: -3.272972790753501
Ki1: -0.009442526629284562
Kd1: -0.1426984303569363
Kp2: 0.08677161884437591
Ki2: 0.05030982884546636
Kd2: 0.0
init_obs: [-0.13556954,  0.33052024,  0.47087432, -0.46050691]
