Kp1: -3.2877642594772762
Ki1: -0.010447335490185521
Kd1: -0.16202872880974678
Kp2: 0.0723203088227103
Ki2: 0.05312344362464927
Kd2: 0.0
init_obs: [ 0.17442431, -0.0196285 ,  0.49810568,  0.20620609]
