Kp1: -2.836716712441633
Ki1: -0.010928796436703107
Kd1: -0.1579207983136978
Kp2: 0.07762742905841186
Ki2: 0.05129594342986785
Kd2: 0.0
init_obs: [ 0.14736717,  0.43461777, -0.25393823, -0.09875659]
