Kp1: -2.880936176663066
Ki1: -0.009152181382916312
Kd1: -0.139576707342702
Kp2: 0.08213836537453513
Ki2: 0.05053278711566244
Kd2: 0.0
init_obs: [ 0.41125452,  0.42542585, -0.46777308,  0.30617273]
