Kp1: -2.836326591759949
Ki1: -0.009439011889817345
Kd1: -0.15840624366891076
Kp2: 0.08707684619547693
Ki2: 0.05248900220969123
Kd2: 0.0
init_obs: [-0.00369379,  0.44298964, -0.29469547, -0.2751864 ]
