Kp1: -2.8827641955375722
Ki1: -0.01047125465944168
Kd1: -0.14943432289321879
Kp2: 0.07993652870318797
Ki2: 0.05466835471157705
Kd2: 0.0
init_obs: [-0.32421735,  0.24526159, -0.42187919,  0.22896418]
