Kp1: -2.7707998398405733
Ki1: -0.0092569264800959
Kd1: -0.1567287433455356
Kp2: 0.07686076379076441
Ki2: 0.054084989192243874
Kd2: 0.0
init_obs: [-0.3823202 , -0.20776046, -0.27762586, -0.26010091]
