Kp1: -2.7037974069221025
Ki1: -0.009381535770301274
Kd1: -0.1482758616488124
Kp2: 0.07590816931647719
Ki2: 0.050146377243756146
Kd2: 0.0
init_obs: [-0.44662864,  0.37028367,  0.34075236, -0.01397761]
