Kp1: -3.0271585745801546
Ki1: -0.010549854261214374
Kd1: -0.16085762119660632
Kp2: 0.08767155672726118
Ki2: 0.05276451649707728
Kd2: 0.0
init_obs: [ 0.38532392, -0.34833065,  0.4264869 ,  0.46523658]
