Kp1: -3.2714531495728423
Ki1: -0.009405580615642388
Kd1: -0.15922080276726416
Kp2: 0.07863724788025893
Ki2: 0.054481511905844784
Kd2: 0.0
init_obs: [ 0.01082998, -0.27286947,  0.40232877, -0.31210324]
