Kp1: -2.8290406201506935
Ki1: -0.00943034634915768
Kd1: -0.15613530506927992
Kp2: 0.07743910070249534
Ki2: 0.0487921544232833
Kd2: 0.0
init_obs: [-0.0300273 ,  0.3942856 , -0.28206525, -0.16147734]
