Kp1: -2.771314880080136
Ki1: -0.009114940758928115
Kd1: -0.1522356602120955
Kp2: 0.0739216895764649
Ki2: 0.05009826502031263
Kd2: 0.0
init_obs: [ 0.39559793, -0.2420054 ,  0.41885528, -0.0050954 ]
