Kp1: -3.2510752744248306
Ki1: -0.010890407889427594
Kd1: -0.14402473425997545
Kp2: 0.08309266427868921
Ki2: 0.04915711237365969
Kd2: 0.0
init_obs: [-0.11536204, -0.33933191, -0.36673012, -0.3748517 ]
