Kp1: -2.838605806150619
Ki1: -0.01029907269521541
Kd1: -0.1471600125023066
Kp2: 0.08057129109698803
Ki2: 0.05408476426892716
Kd2: 0.0
init_obs: [ 0.31587365, -0.0254775 , -0.14140796, -0.21954857]
