Kp1: -2.777828199020858
Ki1: -0.009027213549640681
Kd1: -0.15740237776007723
Kp2: 0.07892814790825513
Ki2: 0.052925740297965776
Kd2: 0.0
init_obs: [-0.45153871,  0.2408895 , -0.32371344, -0.19056977]
