Kp1: -3.2809025435894967
Ki1: -0.010711089051107148
Kd1: -0.14558669921352252
Kp2: 0.08775775191785586
Ki2: 0.04799875932761745
Kd2: 0.0
init_obs: [ 0.32225448, -0.05382795,  0.32773413,  0.45113351]
