Kp1: -3.19967041806221
Ki1: -0.009521499236646337
Kd1: -0.14863059554933414
Kp2: 0.07890307159856011
Ki2: 0.049383475199549796
Kd2: 0.0
init_obs: [ 0.36710092,  0.13655773, -0.14452925, -0.19418297]
