Kp1: -3.1869813853683064
Ki1: -0.010282318821962079
Kd1: -0.15821267326928673
Kp2: 0.07594085497842669
Ki2: 0.05315613940545275
Kd2: 0.0
init_obs: [ 0.11263781,  0.18613284, -0.30747785,  0.27222385]
