Kp1: -3.063942919043602
Ki1: -0.009171639017100474
Kd1: -0.15061649898418833
Kp2: 0.07736560019706837
Ki2: 0.05322446142980852
Kd2: 0.0
init_obs: [-0.46416945, -0.11339175,  0.22173196, -0.32831215]
