Kp1: -2.8473205151899665
Ki1: -0.00954257877968072
Kd1: -0.16385431048977703
Kp2: 0.07823969501852843
Ki2: 0.04779329266350981
Kd2: 0.0
init_obs: [-0.00043014, -0.09899183, -0.34544628, -0.17159957]
