Kp1: -3.081014717965779
Ki1: -0.0108789375477759
Kd1: -0.1445585486947025
Kp2: 0.08119083503543931
Ki2: 0.05200318928986111
Kd2: 0.0
init_obs: [ 0.08971987, -0.44681756,  0.20476192,  0.13600643]
