Kp1: -2.7672199986651833
Ki1: -0.01062467179699128
Kd1: -0.16258650489373574
Kp2: 0.0736622669049221
Ki2: 0.054307733028053556
Kd2: 0.0
init_obs: [0.40961912, 0.04984657, 0.46312221, 0.35490167]
