Kp1: -2.929051254240908
Ki1: -0.009045508489318396
Kd1: -0.1451498639049716
Kp2: 0.08022733412598038
Ki2: 0.05295648682430512
Kd2: 0.0
init_obs: [-0.35411505, -0.42425778, -0.2159141 , -0.03293101]
