Kp1: -2.897246032713877
Ki1: -0.009646707441737672
Kd1: -0.15023970952543972
Kp2: 0.08593409635545779
Ki2: 0.053364732939455956
Kd2: 0.0
init_obs: [-0.14247149, -0.27836442,  0.38761226,  0.05703118]
