Kp1: -2.763224413946234
Ki1: -0.010465430183814526
Kd1: -0.15222640389422815
Kp2: 0.08273507186220892
Ki2: 0.049439834651212836
Kd2: 0.0
init_obs: [-0.02478157, -0.13680968, -0.45571573, -0.1972968 ]
