Kp1: -2.919310189776124
Ki1: -0.010799240931064194
Kd1: -0.1488991428047949
Kp2: 0.08640028330309878
Ki2: 0.045382312698967954
Kd2: 0.0
init_obs: [-0.0507616 ,  0.10877735,  0.15943481, -0.41823662]
