Kp1: -2.958135911064449
Ki1: -0.010070840655623059
Kd1: -0.16074625939800147
Kp2: 0.07575778573042301
Ki2: 0.053866384828411135
Kd2: 0.0
init_obs: [-0.44110441,  0.464702  ,  0.11619605,  0.08508542]
