Kp1: -2.9047279517342073
Ki1: -0.0090155065936303
Kd1: -0.1371575296942171
Kp2: 0.08347500939578618
Ki2: 0.04851335241595681
Kd2: 0.0
init_obs: [ 0.22619411, -0.32433241,  0.03359724, -0.15399324]
