Kp1: -3.1207306038800464
Ki1: -0.01023747736293048
Kd1: -0.14664748456239088
Kp2: 0.07620343366471977
Ki2: 0.052869341447580244
Kd2: 0.0
init_obs: [-0.34921502,  0.29350066,  0.07503367,  0.30434816]
