Kp1: -2.9455193875128374
Ki1: -0.010711902178393008
Kd1: -0.1611764223422523
Kp2: 0.07518110288069742
Ki2: 0.04924240340525762
Kd2: 0.0
init_obs: [-0.27226104,  0.25947148, -0.11444172, -0.31323001]
