Kp1: -3.2395926980972147
Ki1: -0.009111103578434903
Kd1: -0.1435515803835923
Kp2: 0.0760203359389197
Ki2: 0.05092090705199287
Kd2: 0.0
init_obs: [ 0.23676016, -0.18780993, -0.45706121, -0.35949165]
