Kp1: -3.1293525504386777
Ki1: -0.009506975575817122
Kd1: -0.15517765922664378
Kp2: 0.07219850254523286
Ki2: 0.054804965286784024
Kd2: 0.0
init_obs: [-0.21288515, -0.3112632 , -0.19494697,  0.14912498]
