Kp1: -3.268403283212988
Ki1: -0.01027663639484094
Kd1: -0.14195135644861637
Kp2: 0.08527131400776373
Ki2: 0.051989468945272246
Kd2: 0.0
init_obs: [ 0.14419331,  0.27693076,  0.33965117, -0.43381829]
