Kp1: -2.9915173399304296
Ki1: -0.009524065035084107
Kd1: -0.15182391274178628
Kp2: 0.07447443394392576
Ki2: 0.04722106459737209
Kd2: 0.0
init_obs: [ 0.03416632,  0.14617948, -0.39275724,  0.18585884]
