Kp1: -3.1683519015715778
Ki1: -0.009631327960848009
Kd1: -0.1446650630411684
Kp2: 0.07865986129831985
Ki2: 0.047406585433044886
Kd2: 0.0
init_obs: [-0.46670361, -0.02041414,  0.17105945, -0.49834619]
