Kp1: -3.0106051574336705
Ki1: -0.009178126960561118
Kd1: -0.15330267581727441
Kp2: 0.08473271066657669
Ki2: 0.04627109192365493
Kd2: 0.0
init_obs: [ 0.20306548,  0.35708201,  0.47415987, -0.12150188]
