Kp1: -2.8577123666630846
Ki1: -0.0101557609404997
Kd1: -0.1629860780979311
Kp2: 0.07878503821562029
Ki2: 0.04601934293421037
Kd2: 0.0
init_obs: [ 0.0412839 ,  0.17669367, -0.23114454,  0.49466428]
