Kp1: -3.285540021149507
Ki1: -0.010388417834019541
Kd1: -0.1614135067260006
Kp2: 0.07808117079465977
Ki2: 0.052419524064348834
Kd2: 0.0
init_obs: [ 0.45242963,  0.01104176, -0.27850318, -0.32044289]
