Kp1: -3.103101443969681
Ki1: -0.009068069026214941
Kd1: -0.14170989273659992
Kp2: 0.08760942676285009
Ki2: 0.04609318136944611
Kd2: 0.0
init_obs: [-0.3702476 , -0.43552062, -0.1582849 , -0.26876149]
