Kp1: -2.9676387317591
Ki1: -0.010241597000183905
Kd1: -0.1508456331359276
Kp2: 0.08548562162851722
Ki2: 0.054422695218570294
Kd2: 0.0
init_obs: [-0.29554244, -0.28303796,  0.05004115,  0.33242717]
