Kp1: -3.052010622355255
Ki1: -0.010255075160533072
Kd1: -0.14520744235573535
Kp2: 0.07750952117748536
Ki2: 0.050845981944405184
Kd2: 0.0
init_obs: [-0.19814859,  0.01824065, -0.04124075,  0.10117362]
