Kp1: -3.116897786489121
Ki1: -0.010883237056102802
Kd1: -0.13776870624641568
Kp2: 0.0745595610083783
Ki2: 0.04723688209966635
Kd2: 0.0
init_obs: [ 0.0877634 , -0.02979314,  0.21012021, -0.46204488]
