Kp1: -2.9806702183795553
Ki1: -0.010547790525380449
Kd1: -0.13711075890942606
Kp2: 0.08582744026824976
Ki2: 0.05188767988032257
Kd2: 0.0
init_obs: [-0.04668503,  0.0787049 , -0.05935433, -0.14528183]
