Kp1: -3.109341267472148
Ki1: -0.009834491782664084
Kd1: -0.13562139504994514
Kp2: 0.07821139963610038
Ki2: 0.05494524654065981
Kd2: 0.0
init_obs: [ 0.19317742, -0.12148905, -0.23560937,  0.38946229]
