Kp1: -2.987500320064101
Ki1: -0.009927390840917932
Kd1: -0.15354830761251312
Kp2: 0.08798622689317342
Ki2: 0.052538808590275536
Kd2: 0.0
init_obs: [ 0.29713155, -0.23775131, -0.26631906, -0.46123381]
