Kp1: -2.9285795056889805
Ki1: -0.00969848782633599
Kd1: -0.15446583545676548
Kp2: 0.08601907614792426
Ki2: 0.04998172674920204
Kd2: 0.0
init_obs: [-0.01394594,  0.12139796,  0.01474281, -0.30582915]
