Kp1: -2.9514018991377533
Ki1: -0.010449111023365536
Kd1: -0.1404634828997356
Kp2: 0.08176818648652465
Ki2: 0.04988663527278658
Kd2: 0.0
init_obs: [-0.14702547,  0.3479299 , -0.48816469, -0.23928076]
