Kp1: -3.271106388056897
Ki1: -0.009090104673279484
Kd1: -0.14200566133432857
Kp2: 0.08456214285452728
Ki2: 0.049424883191956565
Kd2: 0.0
init_obs: [ 0.4834258 , -0.25142262, -0.28425087, -0.33223605]
