Kp1: -3.2121530991999543
Ki1: -0.009302834108342858
Kd1: -0.1642802190716961
Kp2: 0.08469076244667342
Ki2: 0.04720736940927241
Kd2: 0.0
init_obs: [-0.46137617,  0.27716902,  0.33925064, -0.29333548]
