Kp1: -2.7579536424362434
Ki1: -0.009317769435296077
Kd1: -0.15036410227131697
Kp2: 0.07740689542217304
Ki2: 0.05020444008824204
Kd2: 0.0
init_obs: [ 0.19430373, -0.2355554 , -0.00802385,  0.15066656]
