Kp1: -2.9679497540325395
Ki1: -0.009564632252954125
Kd1: -0.14513080373232307
Kp2: 0.08719130965393042
Ki2: 0.04796011764506374
Kd2: 0.0
init_obs: [-0.18021506,  0.43960119, -0.12195178, -0.31077927]
