Kp1: -2.845957549879441
Ki1: -0.009717933884751152
Kd1: -0.15385993522902988
Kp2: 0.0809872456184993
Ki2: 0.052717008044143136
Kd2: 0.0
init_obs: [ 0.45379412, -0.0694514 , -0.26850322, -0.2353125 ]
