Kp1: -2.937001236427988
Ki1: -0.010232705305702172
Kd1: -0.15733749959725749
Kp2: 0.08626139675682801
Ki2: 0.054207284374324365
Kd2: 0.0
init_obs: [-0.01367529, -0.48386775,  0.13302287, -0.18231802]
