Kp1: -3.0860382482594186
Ki1: -0.010077219898475678
Kd1: -0.151981934687978
Kp2: 0.08197831943533009
Ki2: 0.045448966100241454
Kd2: 0.0
init_obs: [ 0.23583142,  0.1706201 , -0.07031093,  0.04793597]
