Kp1: -3.0846971559861602
Ki1: -0.009705729957507729
Kd1: -0.15741302204746507
Kp2: 0.0849025187714574
Ki2: 0.04870934572749028
Kd2: 0.0
init_obs: [ 0.11940347,  0.36699215, -0.19699011,  0.09869443]
