Kp1: -3.00912587335346
Ki1: -0.010975575086891638
Kd1: -0.13534154271116183
Kp2: 0.07621300657054576
Ki2: 0.04631903088919818
Kd2: 0.0
init_obs: [ 0.21012277,  0.18034269, -0.30926409,  0.49343639]
