Kp1: -2.9308420351498397
Ki1: -0.010834601524215183
Kd1: -0.1520391914397207
Kp2: 0.07988094496652585
Ki2: 0.04747647061153702
Kd2: 0.0
init_obs: [0.2587791 , 0.0017969 , 0.2352292 , 0.03232813]
