Kp1: -3.18040874220565
Ki1: -0.010908557219302666
Kd1: -0.15678801097199818
Kp2: 0.07314784824030014
Ki2: 0.046148815383056846
Kd2: 0.0
init_obs: [-0.04532251,  0.28657006,  0.01568693, -0.03153019]
