Kp1: -3.248322672696699
Ki1: -0.010296801313364808
Kd1: -0.15453834177658038
Kp2: 0.08506577837187237
Ki2: 0.05144230800480607
Kd2: 0.0
init_obs: [-0.21558434, -0.01393095, -0.32895292, -0.29684287]
