Kp1: -3.1565569316991233
Ki1: -0.01077562830791026
Kd1: -0.14132588125822798
Kp2: 0.08676072107864048
Ki2: 0.05316382620213716
Kd2: 0.0
init_obs: [ 0.0047984 ,  0.29281311, -0.01362722,  0.42428938]
