Kp1: -3.176384618703993
Ki1: -0.010552333490884455
Kd1: -0.1357266838500083
Kp2: 0.07279364494171044
Ki2: 0.053313396008834224
Kd2: 0.0
init_obs: [ 0.02864007, -0.00857175, -0.04079425, -0.40321824]
