Kp1: -2.7107634159912743
Ki1: -0.00951344517358393
Kd1: -0.1411123873275996
Kp2: 0.08152991550035499
Ki2: 0.05397422849186004
Kd2: 0.0
init_obs: [0.00686432, 0.13342384, 0.38279804, 0.29010959]
