Kp1: -3.1879532820943854
Ki1: -0.00995650830770358
Kd1: -0.14569554621982075
Kp2: 0.08471069070630574
Ki2: 0.04691544545004087
Kd2: 0.0
init_obs: [-0.45051521, -0.26992374,  0.19640179,  0.06759244]
