Kp1: -2.919564468641466
Ki1: -0.009435236770974216
Kd1: -0.1609468535084293
Kp2: 0.08676604373901249
Ki2: 0.05354606107990863
Kd2: 0.0
init_obs: [-0.1432883 ,  0.43065514, -0.30251193, -0.09135206]
