Kp1: -2.777876682383196
Ki1: -0.010594413679953245
Kd1: -0.1569660930839652
Kp2: 0.07756188437738465
Ki2: 0.049621014902905575
Kd2: 0.0
init_obs: [-0.14145264, -0.1229349 , -0.05579665,  0.47783929]
