Kp1: -3.076835281680794
Ki1: -0.009087084803762888
Kd1: -0.1464057312210976
Kp2: 0.08206861692826763
Ki2: 0.049465230352942785
Kd2: 0.0
init_obs: [-0.30907078, -0.14388869,  0.1114081 , -0.24223595]
