Kp1: -3.2892762159341906
Ki1: -0.01014536944191413
Kd1: -0.1436720281251458
Kp2: 0.0791871134566319
Ki2: 0.05473757707494592
Kd2: 0.0
init_obs: [-0.15343598,  0.28781829,  0.03552908,  0.18748755]
