Kp1: -2.9232746279025505
Ki1: -0.009011397929704673
Kd1: -0.13645128817019608
Kp2: 0.08453455960006476
Ki2: 0.0510517231565055
Kd2: 0.0
init_obs: [ 0.26656894, -0.01775591,  0.41426526, -0.24067354]
