Kp1: -2.991412270318132
Ki1: -0.009840339043202046
Kd1: -0.14044069673215503
Kp2: 0.08542795889410174
Ki2: 0.04555816746841942
Kd2: 0.0
init_obs: [0.28426085, 0.0558449 , 0.48631188, 0.0909727 ]
