Kp1: -3.218078085544353
Ki1: -0.009935097506653804
Kd1: -0.15610106947335867
Kp2: 0.07318282684473933
Ki2: 0.05101073320044435
Kd2: 0.0
init_obs: [ 0.1569506 , -0.40743921, -0.21142941,  0.11719131]
