Kp1: -2.836513709182375
Ki1: -0.009404073592860876
Kd1: -0.15568461327381217
Kp2: 0.08251899883614439
Ki2: 0.05389446106095206
Kd2: 0.0
init_obs: [-0.01119375, -0.39707773,  0.21950869,  0.38390454]
