Kp1: -3.0219620876598716
Ki1: -0.010974940064092704
Kd1: -0.16060822820711917
Kp2: 0.08130056185953592
Ki2: 0.05398139397159399
Kd2: 0.0
init_obs: [-0.23159381, -0.49494084,  0.15696976,  0.10198201]
