Kp1: -3.234918743623245
Ki1: -0.010088084616445883
Kd1: -0.15791860831017593
Kp2: 0.08121454191161467
Ki2: 0.0508269656135673
Kd2: 0.0
init_obs: [-0.29187819, -0.25835423,  0.24460528,  0.20502655]
