Kp1: -3.2276056751028466
Ki1: -0.010154240219945083
Kd1: -0.13713119967583398
Kp2: 0.07774543589132255
Ki2: 0.05057401590316284
Kd2: 0.0
init_obs: [-0.14740454,  0.31015891, -0.40975752, -0.13466011]
