Kp1: -2.9179972417993634
Ki1: -0.01037322580306919
Kd1: -0.1581547378973759
Kp2: 0.07928547202409006
Ki2: 0.04752816640111054
Kd2: 0.0
init_obs: [-0.33745657,  0.45950247,  0.09740801,  0.01959949]
