Kp1: -3.207078954217936
Ki1: -0.009113452177590466
Kd1: -0.15459460791779547
Kp2: 0.07759471323336828
Ki2: 0.046833288908765314
Kd2: 0.0
init_obs: [-0.11859167, -0.16172257, -0.27128729, -0.18478684]
