Kp1: -3.2642428557768595
Ki1: -0.010958219070262728
Kd1: -0.13864490715220382
Kp2: 0.07870750686034696
Ki2: 0.049408392499101804
Kd2: 0.0
init_obs: [-0.37397758,  0.36082602, -0.36631973,  0.22374477]
