Kp1: -2.8224848600971653
Ki1: -0.009904526119622323
Kd1: -0.1558714121324984
Kp2: 0.07932355530073387
Ki2: 0.046270258299729534
Kd2: 0.0
init_obs: [ 0.26005853, -0.40220933, -0.09870524, -0.24450684]
