Kp1: -2.7801016701331025
Ki1: -0.01027938660103228
Kd1: -0.14856379860568325
Kp2: 0.07979135723508365
Ki2: 0.0524284030484818
Kd2: 0.0
init_obs: [ 0.25428719,  0.01673182,  0.36878149, -0.28353718]
