Kp1: -3.244581128922639
Ki1: -0.009787374569580813
Kd1: -0.14725405845572093
Kp2: 0.08345227994098102
Ki2: 0.053062576042546106
Kd2: 0.0
init_obs: [-0.28985619, -0.4116435 ,  0.47603724, -0.1335318 ]
