Kp1: -3.027740625101447
Ki1: -0.010989124953933945
Kd1: -0.16346312803990554
Kp2: 0.08590231569043696
Ki2: 0.04883640211055709
Kd2: 0.0
init_obs: [0.05362501, 0.18668115, 0.18582471, 0.3659876 ]
