Kp1: -3.23433081331419
Ki1: -0.010412052259012657
Kd1: -0.15480091343384536
Kp2: 0.08292693406155964
Ki2: 0.04719581996770975
Kd2: 0.0
init_obs: [ 0.27970128, -0.13165168, -0.06038957, -0.21925517]
