Kp1: -2.87553793482512
Ki1: -0.009845606026835804
Kd1: -0.14636407305802263
Kp2: 0.07497915535856597
Ki2: 0.053601526960590944
Kd2: 0.0
init_obs: [-0.08527257, -0.16124912,  0.20827694, -0.44638907]
