Kp1: -3.101438463078463
Ki1: -0.009274752637469436
Kd1: -0.15455046489911625
Kp2: 0.08125488563722655
Ki2: 0.04525746441699732
Kd2: 0.0
init_obs: [-0.19426538,  0.37092517,  0.45034358,  0.41131383]
