Kp1: -2.9648257720324778
Ki1: -0.010291492277324
Kd1: -0.1369659336551826
Kp2: 0.07351264324671575
Ki2: 0.049017350687366956
Kd2: 0.0
init_obs: [ 0.2183919 , -0.32063096,  0.37096589,  0.15748402]
