Kp1: -3.2853736407442877
Ki1: -0.010672292414062104
Kd1: -0.15184936718621111
Kp2: 0.07258156128377123
Ki2: 0.0480540960802158
Kd2: 0.0
init_obs: [ 0.28470658, -0.04370234,  0.40055874,  0.30496724]
