Kp1: -3.007036330522732
Ki1: -0.009325160006945407
Kd1: -0.15499307973469326
Kp2: 0.07873346869111136
Ki2: 0.04874153446149991
Kd2: 0.0
init_obs: [-0.47988697,  0.09398721,  0.25878312, -0.13319343]
