Kp1: -3.103160261341907
Ki1: -0.009696809719482597
Kd1: -0.1427606457364311
Kp2: 0.07775936572385823
Ki2: 0.04858796941893872
Kd2: 0.0
init_obs: [ 0.07483397,  0.29795733,  0.06383498, -0.25235357]
