Kp1: -2.705786058902788
Ki1: -0.009210952451610358
Kd1: -0.1405170731225006
Kp2: 0.08604257276882654
Ki2: 0.04592850783704299
Kd2: 0.0
init_obs: [ 0.19578099, -0.17341143, -0.14880727,  0.01473235]
