Kp1: -3.1413258202598078
Ki1: -0.010965390267712396
Kd1: -0.15326969464241885
Kp2: 0.07477926599509545
Ki2: 0.04903562141172771
Kd2: 0.0
init_obs: [ 0.33682309, -0.31528203, -0.0803334 , -0.16779595]
