Kp1: -3.2023775475257845
Ki1: -0.010201285765655928
Kd1: -0.13661510613886255
Kp2: 0.07580078124053116
Ki2: 0.05230678041370034
Kd2: 0.0
init_obs: [-0.4972602 ,  0.15059526,  0.00538765,  0.23710339]
