Kp1: -2.855382267470762
Ki1: -0.010829755561918649
Kd1: -0.15197885274839273
Kp2: 0.0803778863198209
Ki2: 0.04568088924612926
Kd2: 0.0
init_obs: [-0.36893538, -0.02770764,  0.30513661,  0.00096134]
