Kp1: -2.8427577274004725
Ki1: -0.010007611429834789
Kd1: -0.15262939795077624
Kp2: 0.07343723578310478
Ki2: 0.05003526726476657
Kd2: 0.0
init_obs: [ 0.37277466, -0.02942647,  0.10161337, -0.44990454]
