Kp1: -3.093203958770886
Ki1: -0.00952344425130646
Kd1: -0.15544929811926808
Kp2: 0.08189616547978823
Ki2: 0.05388419033726574
Kd2: 0.0
init_obs: [-0.14698914,  0.46619338, -0.26503359,  0.49342785]
