Kp1: -3.1872791299576306
Ki1: -0.010755738867668506
Kd1: -0.1459233057796323
Kp2: 0.08458763375846486
Ki2: 0.050227287837621995
Kd2: 0.0
init_obs: [-0.03391364,  0.44900439,  0.17505811,  0.2264272 ]
