Kp1: -2.8654315747546253
Ki1: -0.010769548691143072
Kd1: -0.1534894805724165
Kp2: 0.07860804621941792
Ki2: 0.05350712603301347
Kd2: 0.0
init_obs: [ 0.24917164, -0.08008249,  0.29221907,  0.38464696]
