Kp1: -3.0823451246080236
Ki1: -0.010707088943038576
Kd1: -0.1588876385490696
Kp2: 0.07559238690741064
Ki2: 0.04726096836042439
Kd2: 0.0
init_obs: [ 0.40664056,  0.18336352, -0.16818404, -0.26491424]
