Kp1: -2.923979106932088
Ki1: -0.010152849139364657
Kd1: -0.16400857754635864
Kp2: 0.08794503701344623
Ki2: 0.05140321088571059
Kd2: 0.0
init_obs: [-0.32953147, -0.28178316, -0.12235723,  0.33677827]
