Kp1: -3.085637402780483
Ki1: -0.00962941803410441
Kd1: -0.14894468992399001
Kp2: 0.0825133512917188
Ki2: 0.045133158512483756
Kd2: 0.0
init_obs: [ 0.40814492, -0.47306648, -0.10359451,  0.0150762 ]
