Kp1: -3.009418167610363
Ki1: -0.010418288597727553
Kd1: -0.14127716812510982
Kp2: 0.08779770267650865
Ki2: 0.05281287017428206
Kd2: 0.0
init_obs: [ 0.00399646,  0.25692993, -0.28575756,  0.00991911]
