Kp1: -3.2594528564947343
Ki1: -0.01009265184116694
Kd1: -0.14630187109328216
Kp2: 0.07949263886804529
Ki2: 0.045031326480975166
Kd2: 0.0
init_obs: [-0.01879378, -0.41547349,  0.14101268,  0.12959575]
