Kp1: -3.049505004685501
Ki1: -0.01014976921025276
Kd1: -0.1548239607130898
Kp2: 0.08342157868012044
Ki2: 0.047774846031034685
Kd2: 0.0
init_obs: [ 0.24597837,  0.16317843, -0.47832963,  0.33173577]
