Kp1: -2.882696496565627
Ki1: -0.010843242398380689
Kd1: -0.16187093429690746
Kp2: 0.08340003968964649
Ki2: 0.05100457597043423
Kd2: 0.0
init_obs: [-0.21098385,  0.45879414,  0.30876137,  0.38177046]
