Kp1: -3.0165130333033465
Ki1: -0.010031628221018765
Kd1: -0.14958900146050708
Kp2: 0.07555577170253958
Ki2: 0.05247754640015128
Kd2: 0.0
init_obs: [-0.30092118, -0.48071031, -0.28594977,  0.07371327]
