Kp1: -2.701988904628604
Ki1: -0.010397334661006197
Kd1: -0.16408139459000523
Kp2: 0.08021772849279188
Ki2: 0.0471160123402689
Kd2: 0.0
init_obs: [-0.03629472, -0.36100038,  0.35571992, -0.37036921]
