Kp1: -2.824195570201345
Ki1: -0.010789703340645714
Kd1: -0.1413124009145116
Kp2: 0.08744755077066524
Ki2: 0.053898179582395706
Kd2: 0.0
init_obs: [-0.35518124,  0.16196953, -0.26941852, -0.15526376]
