Kp1: -3.0157043265680645
Ki1: -0.009464183647296035
Kd1: -0.13747376550101478
Kp2: 0.08562794194223755
Ki2: 0.04948379402787584
Kd2: 0.0
init_obs: [-0.17356738, -0.2574125 ,  0.17392357,  0.40354883]
