Kp1: -3.1314221036669725
Ki1: -0.010411158854734998
Kd1: -0.14372606942591418
Kp2: 0.0780209907208964
Ki2: 0.05288616468751986
Kd2: 0.0
init_obs: [ 0.26728743,  0.30913925, -0.00036232, -0.21133255]
