Kp1: -2.8392634386755535
Ki1: -0.010144900488946935
Kd1: -0.1404511756794775
Kp2: 0.08178298458828753
Ki2: 0.046823669060939356
Kd2: 0.0
init_obs: [ 0.3556131 , -0.24626216,  0.45936876,  0.11929493]
