Kp1: -2.7322715816827787
Ki1: -0.009753311163099057
Kd1: -0.14028907928950146
Kp2: 0.08079342666787202
Ki2: 0.04798530162371521
Kd2: 0.0
init_obs: [-0.36732968,  0.13634241, -0.09553418,  0.47977406]
