Kp1: -2.769146538680892
Ki1: -0.009216661433300506
Kd1: -0.15783016600255773
Kp2: 0.07553513777559638
Ki2: 0.049086744965220135
Kd2: 0.0
init_obs: [-0.43444075,  0.3578595 , -0.35972585, -0.05100167]
