Kp1: -3.0155577964746465
Ki1: -0.010522766243214554
Kd1: -0.14025459706634236
Kp2: 0.08486083177739392
Ki2: 0.04994989543430396
Kd2: 0.0
init_obs: [-0.48575486, -0.32906528, -0.43220542,  0.32371746]
