Kp1: -3.22721089974869
Ki1: -0.010631692183376016
Kd1: -0.14255804378202377
Kp2: 0.07404817745060363
Ki2: 0.04822894327415107
Kd2: 0.0
init_obs: [-0.25884926,  0.18925114,  0.1933684 , -0.13560384]
