Kp1: -2.7432346773799483
Ki1: -0.010658846678490553
Kd1: -0.14062099737685552
Kp2: 0.07776937481971788
Ki2: 0.04837030928048841
Kd2: 0.0
init_obs: [-0.13209845, -0.42168805,  0.37851751,  0.20139212]
