Kp1: -2.843657263767609
Ki1: -0.009901115439765977
Kd1: -0.15117138924162507
Kp2: 0.08548091765303355
Ki2: 0.05015383364292913
Kd2: 0.0
init_obs: [-0.48035204, -0.42613028,  0.12861299, -0.41439803]
