Kp1: -3.1488953043321812
Ki1: -0.009282820828004476
Kd1: -0.13885088633118914
Kp2: 0.07360744036482347
Ki2: 0.05203945625124719
Kd2: 0.0
init_obs: [-0.31837873, -0.30252054, -0.20658606,  0.17973287]
