Kp1: -2.913343545826327
Ki1: -0.00963036568435767
Kd1: -0.13583714203318706
Kp2: 0.07470962255308491
Ki2: 0.04968797083591034
Kd2: 0.0
init_obs: [-0.22324247, -0.30588228,  0.22244775, -0.2468404 ]
