Kp1: -2.8506272732054247
Ki1: -0.010519597961974953
Kd1: -0.1630561793350958
Kp2: 0.08703233859921407
Ki2: 0.052026483685218276
Kd2: 0.0
init_obs: [ 0.25717123, -0.29634238, -0.38721795,  0.0491669 ]
