Kp1: -3.2195403504640465
Ki1: -0.009231587130313445
Kd1: -0.1571377938948604
Kp2: 0.0861941755279258
Ki2: 0.04765616660430427
Kd2: 0.0
init_obs: [-0.29933395, -0.26238158, -0.08001223, -0.43587839]
