Kp1: -3.21783019271828
Ki1: -0.010883118632961344
Kd1: -0.16485454406708927
Kp2: 0.07508231816859688
Ki2: 0.05320405235634083
Kd2: 0.0
init_obs: [ 0.10253339, -0.37073679,  0.24291846, -0.29348116]
