Kp1: -3.1179173122260884
Ki1: -0.009025219948886042
Kd1: -0.15996191692498965
Kp2: 0.08513115006676097
Ki2: 0.05474013747068843
Kd2: 0.0
init_obs: [-0.39774899,  0.32150855, -0.34925879, -0.45572641]
