Kp1: -3.023872870484404
Ki1: -0.009948789241570798
Kd1: -0.1469768840798873
Kp2: 0.07966170566630028
Ki2: 0.05015880077466304
Kd2: 0.0
init_obs: [-0.22203311, -0.35880538,  0.02259845,  0.07220236]
