Kp1: -3.1611226028618398
Ki1: -0.009249730653436025
Kd1: -0.15690381449013485
Kp2: 0.07788021528611926
Ki2: 0.05021433394660732
Kd2: 0.0
init_obs: [-0.29130691, -0.1704184 , -0.17673606, -0.43056831]
