Kp1: -2.753128724764911
Ki1: -0.00901928365145668
Kd1: -0.1614581752194861
Kp2: 0.08469823550492615
Ki2: 0.04584310216208877
Kd2: 0.0
init_obs: [-0.49599022,  0.47509587, -0.44907339, -0.15653655]
