Kp1: -3.229236857475778
Ki1: -0.010021586267931181
Kd1: -0.13783051129241583
Kp2: 0.07593106929075943
Ki2: 0.047174769821803464
Kd2: 0.0
init_obs: [0.49504679, 0.09177748, 0.24726309, 0.09763757]
