Kp1: -3.1095556522706636
Ki1: -0.010213613219305763
Kd1: -0.1640136999416039
Kp2: 0.08477560142589134
Ki2: 0.0452028292122826
Kd2: 0.0
init_obs: [ 0.17316562, -0.01062412,  0.38574069, -0.23996972]
