Kp1: -2.8180196397064488
Ki1: -0.009867479531336454
Kd1: -0.15528756935944463
Kp2: 0.07988478980748286
Ki2: 0.047828825070973
Kd2: 0.0
init_obs: [ 0.12113507, -0.4032193 , -0.03219761,  0.09223518]
