Kp1: -2.9020296653045268
Ki1: -0.010096234767275178
Kd1: -0.1602654887765125
Kp2: 0.07782803860043286
Ki2: 0.0453375253490605
Kd2: 0.0
init_obs: [0.08606554, 0.26079387, 0.19244863, 0.35837245]
