Kp1: -2.731858095494741
Ki1: -0.010308681043488446
Kd1: -0.15384069400668368
Kp2: 0.08295884847740385
Ki2: 0.05339846169363727
Kd2: 0.0
init_obs: [-0.14052207, -0.02372831,  0.08698997,  0.19864926]
