Kp1: -3.012513680038867
Ki1: -0.010324565463362445
Kd1: -0.13537340752427054
Kp2: 0.07943738411440233
Ki2: 0.048649009769649774
Kd2: 0.0
init_obs: [-0.01466821, -0.34228399,  0.38983172,  0.2437896 ]
