Kp1: -2.858920376761664
Ki1: -0.010119772558889793
Kd1: -0.1351689844616268
Kp2: 0.07651819054099022
Ki2: 0.04593438535586373
Kd2: 0.0
init_obs: [ 0.21418191, -0.48109134, -0.01441271,  0.00622349]
