Kp1: -2.7534114930689433
Ki1: -0.00938252588138205
Kd1: -0.13597013947574366
Kp2: 0.08087369816088008
Ki2: 0.05082164934989219
Kd2: 0.0
init_obs: [-0.45496182, -0.27178352, -0.29427535, -0.11859062]
