Kp1: -2.7596875075557827
Ki1: -0.009731006913678168
Kd1: -0.14900876174195685
Kp2: 0.07654780017976899
Ki2: 0.0519352175684261
Kd2: 0.0
init_obs: [ 0.265166  , -0.13127216,  0.05405689, -0.08394718]
