Kp1: -3.235223689144789
Ki1: -0.010128629623050367
Kd1: -0.1448620041672674
Kp2: 0.07983906815125036
Ki2: 0.046543739550238036
Kd2: 0.0
init_obs: [-0.4280122 , -0.03253827,  0.16812012,  0.3347713 ]
