Kp1: -3.168845111117248
Ki1: -0.009758287838136214
Kd1: -0.13989885959214218
Kp2: 0.08169672486832166
Ki2: 0.049141524491114676
Kd2: 0.0
init_obs: [ 0.28856296, -0.15836941, -0.32574339,  0.2963203 ]
