Kp1: -2.976129443556038
Ki1: -0.010581105355416301
Kd1: -0.16461350783392983
Kp2: 0.07338267079196496
Ki2: 0.05224734245446301
Kd2: 0.0
init_obs: [-0.00539811,  0.24784197, -0.42874769, -0.23140514]
