Kp1: -2.7947171892585887
Ki1: -0.009619759206919497
Kd1: -0.1365840381751443
Kp2: 0.08689408813944555
Ki2: 0.04756887597912393
Kd2: 0.0
init_obs: [ 0.34447264,  0.01133343, -0.14625664, -0.18959819]
