Kp1: -2.875941455254196
Ki1: -0.010771085915089403
Kd1: -0.13663738377670576
Kp2: 0.08653567901895037
Ki2: 0.05396000318181315
Kd2: 0.0
init_obs: [-0.05425795, -0.28233906, -0.31635543, -0.43555809]
