Kp1: -3.2645321373782994
Ki1: -0.010496305218261108
Kd1: -0.1639538655794262
Kp2: 0.0722742039357072
Ki2: 0.04873906423247201
Kd2: 0.0
init_obs: [-0.09754318,  0.39667223, -0.13101292, -0.26063396]
