Kp1: -2.833933642640889
Ki1: -0.010524700482599974
Kd1: -0.13625357174550193
Kp2: 0.08321894757349249
Ki2: 0.046881421596478186
Kd2: 0.0
init_obs: [-0.40913666,  0.00719927,  0.22048913, -0.35426376]
