Kp1: -3.0861628099254026
Ki1: -0.00938622517115703
Kd1: -0.16399184170189718
Kp2: 0.0767517751596508
Ki2: 0.05137177081409092
Kd2: 0.0
init_obs: [0.24323319, 0.48440684, 0.43409221, 0.39396021]
