Kp1: -3.1303513543827117
Ki1: -0.00938883608426126
Kd1: -0.1362601673212131
Kp2: 0.086336373667531
Ki2: 0.045428359439298203
Kd2: 0.0
init_obs: [-0.47540293,  0.09000864, -0.32685094, -0.11168286]
