Kp1: -3.0455753696158627
Ki1: -0.00960056941586416
Kd1: -0.16327308770011825
Kp2: 0.08607544456285086
Ki2: 0.04940839959208876
Kd2: 0.0
init_obs: [ 0.37232668, -0.25792968,  0.17576559,  0.06973602]
