Kp1: -2.9777133579006754
Ki1: -0.009386364322954126
Kd1: -0.13640685354281648
Kp2: 0.0733181686343124
Ki2: 0.04535780648059719
Kd2: 0.0
init_obs: [ 0.44601934,  0.05242172,  0.07994771, -0.30051862]
