Kp1: -3.0773248469256966
Ki1: -0.010801554416183612
Kd1: -0.14971350971003008
Kp2: 0.08651845601055072
Ki2: 0.05223114807390997
Kd2: 0.0
init_obs: [-0.01800663,  0.33636359,  0.44770165, -0.32677287]
