Kp1: -2.759464074318366
Ki1: -0.010740529996789665
Kd1: -0.13864743011524147
Kp2: 0.07474302896346703
Ki2: 0.05033583878539643
Kd2: 0.0
init_obs: [ 0.28230423, -0.13234806,  0.30642768,  0.40780815]
