Kp1: -3.2067830642608746
Ki1: -0.009215574456743855
Kd1: -0.13950639700234377
Kp2: 0.08215539876737939
Ki2: 0.04585944662415206
Kd2: 0.0
init_obs: [-0.49943807, -0.25679187,  0.09011962, -0.41931537]
