Kp1: -3.1489720642976162
Ki1: -0.010086588080762652
Kd1: -0.1611931726065119
Kp2: 0.0837514119462489
Ki2: 0.047807175677930684
Kd2: 0.0
init_obs: [ 0.44193298,  0.15815366,  0.38874735, -0.06213821]
