Kp1: -3.1261902288244747
Ki1: -0.009705200905497969
Kd1: -0.14512008781828944
Kp2: 0.07973750069390598
Ki2: 0.04618132928906876
Kd2: 0.0
init_obs: [ 0.29460517,  0.09335943,  0.45487338, -0.40171049]
