Kp1: -3.0166550238424135
Ki1: -0.010536420189944757
Kd1: -0.15566946915983054
Kp2: 0.08714693939125664
Ki2: 0.04517154368834243
Kd2: 0.0
init_obs: [8.95304020e-02, 4.10362138e-01, 4.51328780e-01, 3.40985349e-04]
