Kp1: -3.1093293227996304
Ki1: -0.009096460581868525
Kd1: -0.15106680880375178
Kp2: 0.07492090791592061
Ki2: 0.04999506300962654
Kd2: 0.0
init_obs: [ 0.10461838, -0.03907849,  0.23842793,  0.09981331]
