Kp1: -2.755051364763768
Ki1: -0.010176177686829789
Kd1: -0.14057864131406517
Kp2: 0.07590092521547794
Ki2: 0.05176090537754337
Kd2: 0.0
init_obs: [ 0.2085324 ,  0.13575757,  0.40600906, -0.38466162]
