Kp1: -3.1305675542162694
Ki1: -0.01079354359011117
Kd1: -0.1519810478537792
Kp2: 0.08331199370876059
Ki2: 0.04595356904573267
Kd2: 0.0
init_obs: [ 0.47945013,  0.11668299, -0.06069974,  0.04405261]
