Kp1: -3.1892545832594554
Ki1: -0.01075047634190096
Kd1: -0.15203960795750562
Kp2: 0.07948400981172438
Ki2: 0.04910867159728549
Kd2: 0.0
init_obs: [-0.18499396,  0.46188216, -0.38941182, -0.31787248]
