Kp1: -3.103103147650311
Ki1: -0.00904542081834243
Kd1: -0.1455544662607645
Kp2: 0.07483191919880229
Ki2: 0.05383559725458534
Kd2: 0.0
init_obs: [-0.10462313, -0.25603483, -0.14674226, -0.44999544]
