Kp1: -3.0247725894172035
Ki1: -0.010285277308754576
Kd1: -0.16369543473184398
Kp2: 0.08550011493987061
Ki2: 0.047449635150702656
Kd2: 0.0
init_obs: [-0.36211961, -0.02972917, -0.44368561,  0.39573969]
