Kp1: -2.906187856708461
Ki1: -0.010709465393441595
Kd1: -0.13560743627133742
Kp2: 0.0788180617034648
Ki2: 0.047933716522786746
Kd2: 0.0
init_obs: [ 0.19829496,  0.14856071, -0.49454536, -0.49725901]
