Kp1: -3.064053747262123
Ki1: -0.00974883269364647
Kd1: -0.14178271584787105
Kp2: 0.074137947417263
Ki2: 0.054308225331541386
Kd2: 0.0
init_obs: [ 0.36293983, -0.05961826, -0.011621  , -0.30830416]
