Kp1: -3.2728661817725
Ki1: -0.009630407198424226
Kd1: -0.15367971635824906
Kp2: 0.08264955150089381
Ki2: 0.05189350273258339
Kd2: 0.0
init_obs: [-0.43829328, -0.00053361,  0.16811523,  0.2391371 ]
