Kp1: -2.9522433406693764
Ki1: -0.010507245085787544
Kd1: -0.15375361064100654
Kp2: 0.08217898206531402
Ki2: 0.048495763041086604
Kd2: 0.0
init_obs: [ 0.04938477,  0.45004329, -0.03372452, -0.01083188]
