Kp1: -2.9983400191063927
Ki1: -0.009441588057357678
Kd1: -0.13500827612770075
Kp2: 0.08305548264596876
Ki2: 0.05366093333168379
Kd2: 0.0
init_obs: [ 0.23960444,  0.36464791,  0.48852049, -0.34698757]
