Kp1: -2.700639300951401
Ki1: -0.010432084484378072
Kd1: -0.14499806339216592
Kp2: 0.08445979904479688
Ki2: 0.05077994679847906
Kd2: 0.0
init_obs: [-0.12693327, -0.16644983,  0.13901461, -0.37468597]
