Kp1: -2.9587041487394075
Ki1: -0.009372690625592301
Kd1: -0.13564122165097417
Kp2: 0.0761234507648808
Ki2: 0.05449984309294105
Kd2: 0.0
init_obs: [ 0.41957075, -0.38608148,  0.1640763 , -0.39880871]
