Kp1: -2.702584270813657
Ki1: -0.00916907462297909
Kd1: -0.16323561536123324
Kp2: 0.07605129028425486
Ki2: 0.0549840803435816
Kd2: 0.0
init_obs: [-0.31019132,  0.03718273,  0.3629608 ,  0.18414874]
