Kp1: -3.1936173767144926
Ki1: -0.00950123164032566
Kd1: -0.15463979641014777
Kp2: 0.08589054444999981
Ki2: 0.048405348784868546
Kd2: 0.0
init_obs: [ 0.26183964, -0.45972811, -0.09130346,  0.30426193]
