Kp1: -3.1972034111903658
Ki1: -0.009928710793061471
Kd1: -0.15569223662365975
Kp2: 0.07231356253936867
Ki2: 0.05322629107736668
Kd2: 0.0
init_obs: [ 0.1540487 , -0.15835316,  0.30781885,  0.06404164]
