Kp1: -2.969284397414982
Ki1: -0.009046091137600522
Kd1: -0.14909775322894286
Kp2: 0.0729332993855157
Ki2: 0.05156293786066818
Kd2: 0.0
init_obs: [-0.40084923, -0.12009398,  0.38785534, -0.49851598]
