Kp1: -2.774051382065278
Ki1: -0.009273286576959373
Kd1: -0.15441540353671027
Kp2: 0.079820052214861
Ki2: 0.0516636277084373
Kd2: 0.0
init_obs: [ 0.34350933, -0.30875788,  0.28937552,  0.10816714]
