Kp1: -2.8773269807039763
Ki1: -0.010638776116700855
Kd1: -0.16438301317509474
Kp2: 0.08086270959164858
Ki2: 0.04623166938592084
Kd2: 0.0
init_obs: [-0.31631066, -0.16366702, -0.20964094, -0.23842404]
