Kp1: -3.064576224487778
Ki1: -0.009454805179588138
Kd1: -0.14500925664679043
Kp2: 0.08408441526793882
Ki2: 0.048702600095333864
Kd2: 0.0
init_obs: [-0.22485942, -0.39498629,  0.21685072,  0.17471751]
