Kp1: -3.0278916886743046
Ki1: -0.010962447353055444
Kd1: -0.14273624362704332
Kp2: 0.07277165552162472
Ki2: 0.045551159535773586
Kd2: 0.0
init_obs: [ 0.03219868, -0.16001482,  0.03083623,  0.24817866]
