Kp1: -2.8904037720145737
Ki1: -0.009536822260313561
Kd1: -0.14579041734321918
Kp2: 0.07545741869639193
Ki2: 0.054892996238536246
Kd2: 0.0
init_obs: [-0.077874  , -0.38089116, -0.21945008, -0.23923192]
