Kp1: -2.7420967174066457
Ki1: -0.010135295544391345
Kd1: -0.16221117738633328
Kp2: 0.0847296168435004
Ki2: 0.04764432104227134
Kd2: 0.0
init_obs: [-0.10401492, -0.2841687 ,  0.43904868, -0.15265844]
