Kp1: -2.838269362307521
Ki1: -0.01000457860167747
Kd1: -0.16319528471176661
Kp2: 0.07714801481673618
Ki2: 0.05070836497447681
Kd2: 0.0
init_obs: [ 0.25264172, -0.24144981,  0.24423152, -0.16913021]
