Kp1: -3.004326453294907
Ki1: -0.01071267963168799
Kd1: -0.15510671382362476
Kp2: 0.07470448088503881
Ki2: 0.04922961920724774
Kd2: 0.0
init_obs: [ 0.08222161, -0.25382328,  0.05802619, -0.33743003]
