Kp1: -2.9024502074025276
Ki1: -0.010351606896766554
Kd1: -0.14024442616394434
Kp2: 0.08489926189785102
Ki2: 0.05183187843673506
Kd2: 0.0
init_obs: [-0.03946784,  0.15440831,  0.47475656, -0.44652771]
