Kp1: -3.05498096211856
Ki1: -0.009788103613523842
Kd1: -0.15791378111761617
Kp2: 0.08518260247353336
Ki2: 0.05259468481390638
Kd2: 0.0
init_obs: [-0.18477915,  0.3374675 , -0.15782499,  0.10591563]
