Kp1: -3.1352374886413807
Ki1: -0.010485193245392179
Kd1: -0.14500710735024866
Kp2: 0.08001319372060824
Ki2: 0.04761072286656142
Kd2: 0.0
init_obs: [-0.02691714,  0.45940397, -0.36251616, -0.48518887]
