Kp1: -2.82977216258499
Ki1: -0.009641384157723474
Kd1: -0.13613815429339537
Kp2: 0.08426637276632398
Ki2: 0.05309409628290129
Kd2: 0.0
init_obs: [-0.19086255,  0.00610012, -0.40937993, -0.14743914]
