Kp1: -3.007875798946663
Ki1: -0.009009473181262226
Kd1: -0.15470448672840306
Kp2: 0.08511958158650292
Ki2: 0.04756644109914423
Kd2: 0.0
init_obs: [0.12372436, 0.39296831, 0.28900475, 0.13470282]
