Kp1: -2.8659908016766504
Ki1: -0.009897991508138854
Kd1: -0.1416740904115133
Kp2: 0.07277476130252925
Ki2: 0.04892288217214758
Kd2: 0.0
init_obs: [ 0.38665914,  0.02683847, -0.21019286,  0.28118591]
