Kp1: -2.759424403209978
Ki1: -0.009824041320089771
Kd1: -0.15507078567926552
Kp2: 0.0782239848313822
Ki2: 0.053123431518301546
Kd2: 0.0
init_obs: [-0.24589254, -0.24314394, -0.22773642,  0.08194636]
