Kp1: -2.9776704428512977
Ki1: -0.009095658864574151
Kd1: -0.15929418484153743
Kp2: 0.07574421126990116
Ki2: 0.053568534896766475
Kd2: 0.0
init_obs: [ 0.17963326,  0.38523863, -0.46278313,  0.35026125]
