Kp1: -3.058574359233033
Ki1: -0.009316282066088028
Kd1: -0.14578840257112916
Kp2: 0.08222611558476065
Ki2: 0.04821148192366073
Kd2: 0.0
init_obs: [-0.41129345, -0.02928689, -0.25780985,  0.46629706]
