Kp1: -3.2730342912922357
Ki1: -0.009013160664378723
Kd1: -0.15062074249631638
Kp2: 0.08575103900886659
Ki2: 0.051348955317988526
Kd2: 0.0
init_obs: [-0.28498087, -0.47773454, -0.26941672,  0.29983318]
