Kp1: -3.07908633717013
Ki1: -0.009539398271303488
Kd1: -0.15169835164104453
Kp2: 0.07687047647278902
Ki2: 0.05172968582544022
Kd2: 0.0
init_obs: [-0.2007572 , -0.03640478, -0.33729997, -0.34135143]
