Kp1: -2.8707220983020285
Ki1: -0.009793262856011896
Kd1: -0.14609901550933274
Kp2: 0.07336680824412455
Ki2: 0.05407280039535198
Kd2: 0.0
init_obs: [ 0.37152658,  0.20482376,  0.35242051, -0.32695751]
