Kp1: -3.113745217039728
Ki1: -0.010644861506176098
Kd1: -0.14597755814083838
Kp2: 0.0773389117765282
Ki2: 0.0478676185210142
Kd2: 0.0
init_obs: [-0.2521794 , -0.49869853,  0.28673373, -0.36859827]
