Kp1: -2.822119452595908
Ki1: -0.009375960242984918
Kd1: -0.14038849036438433
Kp2: 0.08188236641340182
Ki2: 0.052644190112577566
Kd2: 0.0
init_obs: [-0.13043664, -0.28191624, -0.1220827 ,  0.25684772]
