Kp1: -2.920593766548259
Ki1: -0.01030627388784222
Kd1: -0.13867104647828227
Kp2: 0.07593642644966382
Ki2: 0.051793536852513714
Kd2: 0.0
init_obs: [-0.1472496 ,  0.47057944, -0.42681532,  0.20917418]
