Kp1: -2.9132316935537785
Ki1: -0.010657084997130707
Kd1: -0.13597641623362827
Kp2: 0.08262502986980716
Ki2: 0.048613963032602764
Kd2: 0.0
init_obs: [ 0.08163037,  0.17330086,  0.47016751, -0.137854  ]
