Kp1: -3.261958967302818
Ki1: -0.010538874394552126
Kd1: -0.13793090452639387
Kp2: 0.07777640879124272
Ki2: 0.04564669441645034
Kd2: 0.0
init_obs: [-0.16336086, -0.23051457,  0.32828815,  0.17283527]
