Kp1: -3.0491628207589354
Ki1: -0.010531883069311616
Kd1: -0.15065891799740358
Kp2: 0.07494760099730627
Ki2: 0.05067294023076089
Kd2: 0.0
init_obs: [ 0.10063325, -0.06760646,  0.2719    , -0.43820531]
