Kp1: -3.2165729537764793
Ki1: -0.009097918706040082
Kd1: -0.14986113718514443
Kp2: 0.08094280896377756
Ki2: 0.04596112433388038
Kd2: 0.0
init_obs: [-0.03181356, -0.1985569 , -0.07683434,  0.08781752]
