Kp1: -2.8929361274619074
Ki1: -0.009932427877077757
Kd1: -0.1607938499064767
Kp2: 0.08509794601986259
Ki2: 0.047569640399996865
Kd2: 0.0
init_obs: [ 0.27800909, -0.39684971,  0.43701431, -0.33609662]
