Kp1: -2.8871137551175003
Ki1: -0.010260452713926291
Kd1: -0.1515236483441896
Kp2: 0.07499648651895213
Ki2: 0.05094102012107178
Kd2: 0.0
init_obs: [-0.31911525,  0.32760391, -0.25650683,  0.216769  ]
