Kp1: -2.9555985636599194
Ki1: -0.010546486641920884
Kd1: -0.14067608191235592
Kp2: 0.08193037650554265
Ki2: 0.049061694674265834
Kd2: 0.0
init_obs: [-0.0689309 , -0.43127451, -0.48884364, -0.39517897]
