Kp1: -2.7179386001182597
Ki1: -0.01063983379102463
Kd1: -0.13771561567562124
Kp2: 0.07459438976206123
Ki2: 0.04602983708953685
Kd2: 0.0
init_obs: [ 0.0298597 ,  0.4330356 ,  0.33886509, -0.18778331]
