Kp1: -2.715904426421599
Ki1: -0.010747453318130668
Kd1: -0.16041358169110162
Kp2: 0.08427542117662526
Ki2: 0.048302213271082195
Kd2: 0.0
init_obs: [-0.1845065 , -0.19612272, -0.38679703,  0.28228236]
