Kp1: -3.2468501349284336
Ki1: -0.01026147501459953
Kd1: -0.15770084132723858
Kp2: 0.08201542174439345
Ki2: 0.05194066294691901
Kd2: 0.0
init_obs: [ 0.34150014,  0.16805428,  0.05327383, -0.05244233]
