Kp1: -2.871036567136753
Ki1: -0.010164977516117753
Kd1: -0.1598582437500219
Kp2: 0.08083022403978311
Ki2: 0.05176078614684421
Kd2: 0.0
init_obs: [0.0261362 , 0.14398234, 0.09383166, 0.48504919]
