Kp1: -3.043366290360859
Ki1: -0.01025444945679801
Kd1: -0.1613272050740887
Kp2: 0.07604499410298714
Ki2: 0.045383679734734166
Kd2: 0.0
init_obs: [ 0.35469773, -0.11940043,  0.13780743, -0.13491686]
