Kp1: -2.955899701165145
Ki1: -0.010589305086952314
Kd1: -0.14910490487564362
Kp2: 0.07936208295658123
Ki2: 0.04875493913696438
Kd2: 0.0
init_obs: [-0.26474274,  0.01435118,  0.15417808, -0.30883295]
