Kp1: -2.9189117436825325
Ki1: -0.010593069452557322
Kd1: -0.16349333072039487
Kp2: 0.08232000095042968
Ki2: 0.05414920408801284
Kd2: 0.0
init_obs: [-0.35119069, -0.30700191,  0.36530017,  0.49947532]
