Kp1: -2.8607382808240978
Ki1: -0.010009747999089014
Kd1: -0.13711266471432143
Kp2: 0.08081231355923423
Ki2: 0.05417049780303828
Kd2: 0.0
init_obs: [ 0.0619893 , -0.28515868, -0.23996816, -0.4108169 ]
