Kp1: -2.8272028878784834
Ki1: -0.010824994929075345
Kd1: -0.14901914281699438
Kp2: 0.07715779412274643
Ki2: 0.04792618740047215
Kd2: 0.0
init_obs: [0.09451038, 0.36023988, 0.31169255, 0.493221  ]
