Kp1: -2.94061517759575
Ki1: -0.010774025037380341
Kd1: -0.1523036196275742
Kp2: 0.07950584714503116
Ki2: 0.051586816657586
Kd2: 0.0
init_obs: [-0.06149134, -0.0305875 , -0.30737294, -0.34939536]
