Kp1: -2.8926629439867093
Ki1: -0.010714325727316223
Kd1: -0.15531111786304239
Kp2: 0.07306600524654244
Ki2: 0.05484891200456724
Kd2: 0.0
init_obs: [ 0.32265992,  0.26432632, -0.00288159,  0.15087451]
