Kp1: -2.854434122586529
Ki1: -0.009409883058241355
Kd1: -0.14401793065663068
Kp2: 0.08781125840169018
Ki2: 0.04571231642984419
Kd2: 0.0
init_obs: [ 0.27923233, -0.13992201, -0.17465772, -0.43960016]
