Kp1: -2.880974354023466
Ki1: -0.010562201686895818
Kd1: -0.1386509574200777
Kp2: 0.07366532507446387
Ki2: 0.04772777978936579
Kd2: 0.0
init_obs: [-0.32754291, -0.47054172,  0.4044662 ,  0.37839544]
