Kp1: -2.919070929720863
Ki1: -0.010711365006691601
Kd1: -0.16327296573887895
Kp2: 0.07894849223616633
Ki2: 0.05326874945460622
Kd2: 0.0
init_obs: [ 0.00880339, -0.09530181,  0.09384871,  0.03061438]
