Kp1: -3.288034039674467
Ki1: -0.009580827564901808
Kd1: -0.14919762690435984
Kp2: 0.07393776647130144
Ki2: 0.050039457978991266
Kd2: 0.0
init_obs: [ 0.36703479,  0.43096224, -0.36594673,  0.20751724]
