Kp1: -2.9856394066702165
Ki1: -0.009210049950887544
Kd1: -0.1448262595535309
Kp2: 0.0827756608504918
Ki2: 0.05258298280891602
Kd2: 0.0
init_obs: [ 0.31191608, -0.12411752, -0.21389877,  0.34094272]
