Kp1: -3.0776283282512678
Ki1: -0.010655433046293324
Kd1: -0.1567781951121504
Kp2: 0.08458637102000954
Ki2: 0.04870716114154739
Kd2: 0.0
init_obs: [-0.19551078, -0.1310857 ,  0.17189019,  0.3418259 ]
