Kp1: -2.793595998252064
Ki1: -0.009802765257033203
Kd1: -0.15636236193069658
Kp2: 0.08445348627254044
Ki2: 0.052015145191014946
Kd2: 0.0
init_obs: [ 0.05300921, -0.36223913,  0.19574515, -0.09095712]
