Kp1: -2.8126414707828635
Ki1: -0.010437618599130758
Kd1: -0.1369530098874054
Kp2: 0.08608551146277306
Ki2: 0.04987390245410056
Kd2: 0.0
init_obs: [-0.45388399,  0.35140653,  0.23884101,  0.36880146]
