Kp1: -3.0552418378995085
Ki1: -0.009716911623054908
Kd1: -0.16484816878605787
Kp2: 0.07710588878187027
Ki2: 0.049227277192046975
Kd2: 0.0
init_obs: [ 0.47473813,  0.18095803, -0.06625428, -0.29376453]
