Kp1: -3.04312099043816
Ki1: -0.00906673963487878
Kd1: -0.15271085155578326
Kp2: 0.07387683640956817
Ki2: 0.04852674857654654
Kd2: 0.0
init_obs: [ 0.10266338,  0.19337649, -0.08774428, -0.05490458]
