Kp1: -3.163227783777021
Ki1: -0.010065742205474638
Kd1: -0.15240979531615778
Kp2: 0.0727023351759052
Ki2: 0.04569910614628967
Kd2: 0.0
init_obs: [ 0.05379866, -0.06318552, -0.28742234, -0.25094427]
