Kp1: -3.2901638153193726
Ki1: -0.009156253149165123
Kd1: -0.14092954737651783
Kp2: 0.07595229559649204
Ki2: 0.052367517056057335
Kd2: 0.0
init_obs: [ 0.17111596, -0.09489434, -0.36600878,  0.23826739]
