Kp1: -2.909371030715324
Ki1: -0.010232548322787825
Kd1: -0.13618428318275638
Kp2: 0.07685658104307762
Ki2: 0.05187191150351914
Kd2: 0.0
init_obs: [-0.03376727,  0.07630701,  0.43181506, -0.42525593]
