Kp1: -2.7183225949910503
Ki1: -0.00979477648665232
Kd1: -0.15082068463631257
Kp2: 0.08715783493863974
Ki2: 0.049038081538017336
Kd2: 0.0
init_obs: [-0.27028232, -0.43959843, -0.12480423,  0.05289666]
