Kp1: -2.801792407023531
Ki1: -0.010152066175660801
Kd1: -0.14346709752595918
Kp2: 0.07302547345746091
Ki2: 0.054185924173050785
Kd2: 0.0
init_obs: [ 0.24106933,  0.11217897, -0.39680139,  0.34855793]
