Kp1: -3.173608194261076
Ki1: -0.009042869368666327
Kd1: -0.13940893972450036
Kp2: 0.07442994746055849
Ki2: 0.045042942634677174
Kd2: 0.0
init_obs: [ 0.08549261, -0.44042184, -0.29267412, -0.0534858 ]
