Kp1: -2.813409059693817
Ki1: -0.00982399857797336
Kd1: -0.13702445919361209
Kp2: 0.0742882049150053
Ki2: 0.054693902373692975
Kd2: 0.0
init_obs: [-0.33909475,  0.28968464, -0.36225653,  0.31983586]
