Kp1: -2.847541318286975
Ki1: -0.009105481747300826
Kd1: -0.1572912387682921
Kp2: 0.0774821643442279
Ki2: 0.0523834359221863
Kd2: 0.0
init_obs: [ 0.47948079, -0.242605  ,  0.0424628 , -0.35021734]
