Kp1: -2.7929708751051248
Ki1: -0.00974751991179616
Kd1: -0.1562339038035729
Kp2: 0.08509408684723364
Ki2: 0.05325093046751481
Kd2: 0.0
init_obs: [ 0.42062977, -0.13974127, -0.36586713, -0.37767546]
