Kp1: -3.299178014793
Ki1: -0.009886634503956751
Kd1: -0.14893739559392447
Kp2: 0.08220114407902898
Ki2: 0.05253071275421017
Kd2: 0.0
init_obs: [-0.11152259, -0.29959177, -0.19496826,  0.2708238 ]
