Kp1: -2.824183024049382
Ki1: -0.009483462323304954
Kd1: -0.13658671530951358
Kp2: 0.07373950988670053
Ki2: 0.048086417061754025
Kd2: 0.0
init_obs: [-0.20787651, -0.45506641, -0.26589978, -0.26452384]
