Kp1: -3.039139190141739
Ki1: -0.009651979264912607
Kd1: -0.16194601067867476
Kp2: 0.08645641675339252
Ki2: 0.05223964607012387
Kd2: 0.0
init_obs: [-0.11937957, -0.43841712, -0.21439356, -0.2745713 ]
