Kp1: -2.7405146851754525
Ki1: -0.010635871748643395
Kd1: -0.16473906012266487
Kp2: 0.08369775632217034
Ki2: 0.053661426854739847
Kd2: 0.0
init_obs: [ 0.37559664,  0.11985618, -0.11280869,  0.07911399]
