Kp1: -2.731847411971321
Ki1: -0.010428215342553693
Kd1: -0.16360141023195032
Kp2: 0.07491737498268003
Ki2: 0.048705692502483654
Kd2: 0.0
init_obs: [ 0.27895767, -0.23444881, -0.29158876, -0.42187089]
