Kp1: -2.725137726123737
Ki1: -0.009607877152747983
Kd1: -0.13950456741655043
Kp2: 0.07454775643860707
Ki2: 0.05451586275032208
Kd2: 0.0
init_obs: [-0.43760147, -0.28139496,  0.08407856, -0.44484817]
