Kp1: -3.147498802630613
Ki1: -0.010424208555900035
Kd1: -0.13838386476524997
Kp2: 0.07510081729028442
Ki2: 0.048991334333108344
Kd2: 0.0
init_obs: [ 0.28038135, -0.12341159, -0.3929653 ,  0.49737942]
