Kp1: -2.838523990398424
Ki1: -0.010924103932874856
Kd1: -0.1409550082875483
Kp2: 0.08595207271636301
Ki2: 0.049990347741716366
Kd2: 0.0
init_obs: [-0.09207305,  0.45139936,  0.05563433,  0.17058816]
