Kp1: -2.9095892507545873
Ki1: -0.010029537240231515
Kd1: -0.14739460012607994
Kp2: 0.08136410368342094
Ki2: 0.05304414956995207
Kd2: 0.0
init_obs: [-0.48716384,  0.1221044 ,  0.47576877, -0.04476993]
