Kp1: -3.034719391185722
Ki1: -0.009148829717093082
Kd1: -0.16102157396613284
Kp2: 0.0735103166095573
Ki2: 0.04699371403653424
Kd2: 0.0
init_obs: [-0.15612314, -0.21998141,  0.18220265, -0.17162304]
