Kp1: -2.866661994989788
Ki1: -0.00972896421491353
Kd1: -0.14654548285151697
Kp2: 0.08542137386106713
Ki2: 0.05313002469427045
Kd2: 0.0
init_obs: [-0.25620278, -0.22243685,  0.02473268,  0.42215996]
