Kp1: -3.093132810356007
Ki1: -0.010245586828311405
Kd1: -0.14188159762370833
Kp2: 0.07723644152746031
Ki2: 0.050118300686583496
Kd2: 0.0
init_obs: [-0.47749943, -0.36734756,  0.33578636,  0.31515174]
