Kp1: -3.0173108204681194
Ki1: -0.009446396794386564
Kd1: -0.1598696881956493
Kp2: 0.08212731021600901
Ki2: 0.051240106666238384
Kd2: 0.0
init_obs: [ 0.11810988, -0.37778822, -0.29292085, -0.28346769]
