Kp1: -3.2244299676404378
Ki1: -0.009098061458371384
Kd1: -0.15298226012814853
Kp2: 0.0823553122044573
Ki2: 0.051639827299019204
Kd2: 0.0
init_obs: [-0.04050937,  0.24640159,  0.24815572, -0.48896066]
