Kp1: -3.2290860286912144
Ki1: -0.010827228243903102
Kd1: -0.14588860061300754
Kp2: 0.07458565707926064
Ki2: 0.05287454553920137
Kd2: 0.0
init_obs: [ 0.42180433, -0.03438818,  0.36817643,  0.34722665]
