Kp1: -2.956147264007841
Ki1: -0.010247951190506609
Kd1: -0.15846577144817767
Kp2: 0.08560142340479444
Ki2: 0.054505705638468516
Kd2: 0.0
init_obs: [ 0.31766343, -0.26132836, -0.17580998,  0.19289919]
