Kp1: -2.7875779429375314
Ki1: -0.010851642690128014
Kd1: -0.15818378824493537
Kp2: 0.08725954750637589
Ki2: 0.0530961591518933
Kd2: 0.0
init_obs: [-0.49417232, -0.11418382, -0.3683148 ,  0.12927928]
