Kp1: -3.071729692627094
Ki1: -0.010053015860901293
Kd1: -0.13699449564223976
Kp2: 0.07356958862881909
Ki2: 0.04969653488304039
Kd2: 0.0
init_obs: [-3.56763194e-01,  2.28490443e-04,  3.87633766e-01, -2.18274326e-01]
