Kp1: -3.1621216183792695
Ki1: -0.010247092111396894
Kd1: -0.14609568358669883
Kp2: 0.08397561752314181
Ki2: 0.05347323131745313
Kd2: 0.0
init_obs: [-0.46984288,  0.18023065, -0.24958379, -0.01559904]
