Kp1: -3.095612241032989
Ki1: -0.010938252755361073
Kd1: -0.15913495181623724
Kp2: 0.08145738509768415
Ki2: 0.0451802501451094
Kd2: 0.0
init_obs: [ 0.41033911,  0.37247832, -0.45153703, -0.13048298]
