Kp1: -2.928835543996328
Ki1: -0.010194437002618129
Kd1: -0.13664695214690656
Kp2: 0.08350930624800572
Ki2: 0.045237530393048744
Kd2: 0.0
init_obs: [0.00644433, 0.43553098, 0.03012699, 0.11473172]
