Kp1: -2.9299193997766233
Ki1: -0.009129913173225373
Kd1: -0.1643749887165649
Kp2: 0.08339345267252485
Ki2: 0.05382441558842957
Kd2: 0.0
init_obs: [-0.16246371, -0.39835339,  0.26100831,  0.26089894]
