Kp1: -2.9672167578601565
Ki1: -0.009083709940952618
Kd1: -0.14634468144986912
Kp2: 0.08036761229852797
Ki2: 0.04787401603249547
Kd2: 0.0
init_obs: [-0.14303894, -0.20757892, -0.49449771,  0.28356053]
