Kp1: -2.7458049280902737
Ki1: -0.00906624444867389
Kd1: -0.16065995834357122
Kp2: 0.08433975885980774
Ki2: 0.053238271350985536
Kd2: 0.0
init_obs: [0.16429158, 0.26421616, 0.27470396, 0.43415847]
