Kp1: -2.8098616369952776
Ki1: -0.010735608828206532
Kd1: -0.15760432833343443
Kp2: 0.07689336290641477
Ki2: 0.05407212710685209
Kd2: 0.0
init_obs: [-0.4292808 ,  0.3858614 ,  0.19604796,  0.0166264 ]
