Kp1: -3.013214867591068
Ki1: -0.010045626839788614
Kd1: -0.13556137842020155
Kp2: 0.0854373249508056
Ki2: 0.04885964529549111
Kd2: 0.0
init_obs: [ 0.2123257 , -0.05890676, -0.25364996,  0.45487782]
