Kp1: -3.09759115703045
Ki1: -0.010021562731478828
Kd1: -0.15277744194415188
Kp2: 0.07887060708873772
Ki2: 0.049002397213410945
Kd2: 0.0
init_obs: [ 0.13809467,  0.2516267 , -0.36624455,  0.25097194]
