Kp1: -2.812063906853133
Ki1: -0.009617687474480456
Kd1: -0.13760891446699902
Kp2: 0.07882093417429661
Ki2: 0.053849566410730666
Kd2: 0.0
init_obs: [-0.202041  ,  0.36521285,  0.07343615, -0.28800469]
