Kp1: -2.7391528540490437
Ki1: -0.009642572422092533
Kd1: -0.13769560375736112
Kp2: 0.08699563300647613
Ki2: 0.051519213711039895
Kd2: 0.0
init_obs: [ 0.20528942, -0.4739032 ,  0.28347192,  0.00816914]
