Kp1: -3.1187130728590144
Ki1: -0.010854917711562174
Kd1: -0.1526536621053179
Kp2: 0.07271740425224435
Ki2: 0.05096583695842993
Kd2: 0.0
init_obs: [-0.46013263,  0.28479478,  0.44117674,  0.44917657]
