Kp1: -3.0000187734587223
Ki1: -0.009841872004624745
Kd1: -0.15785348475110975
Kp2: 0.07231672023853082
Ki2: 0.048756522555424286
Kd2: 0.0
init_obs: [-0.35865024,  0.32919453,  0.2053722 , -0.49594085]
