Kp1: -2.8907343668625214
Ki1: -0.009253266771837297
Kd1: -0.159305841334247
Kp2: 0.07395107734812956
Ki2: 0.054129741607479055
Kd2: 0.0
init_obs: [ 0.43958196, -0.43631435, -0.22767829,  0.19034629]
