Kp1: -3.057723839933023
Ki1: -0.00959622156990531
Kd1: -0.1424591049397414
Kp2: 0.0732070026099499
Ki2: 0.05086700158536538
Kd2: 0.0
init_obs: [0.35263736, 0.08409668, 0.34657279, 0.15004662]
