Kp1: -3.141035945164721
Ki1: -0.010076514903252072
Kd1: -0.13636440797588256
Kp2: 0.08383556881864414
Ki2: 0.046207399960029476
Kd2: 0.0
init_obs: [-0.22833379,  0.1897694 , -0.10450265,  0.19918418]
