Kp1: -3.1007585706602327
Ki1: -0.0101763203312097
Kd1: -0.15787519407034178
Kp2: 0.07455496928399191
Ki2: 0.05350372828035919
Kd2: 0.0
init_obs: [ 0.26622792,  0.0430921 , -0.39771397,  0.19164032]
