Kp1: -2.8583682608055323
Ki1: -0.010328287785263186
Kd1: -0.15114211209921577
Kp2: 0.08434452278809991
Ki2: 0.04882327357895286
Kd2: 0.0
init_obs: [ 0.33394683,  0.14069917,  0.08893781, -0.03843376]
