Kp1: -2.806492718933996
Ki1: -0.009351422887619327
Kd1: -0.14194800005830122
Kp2: 0.08691378986367729
Ki2: 0.05043326528296757
Kd2: 0.0
init_obs: [0.41715566, 0.01584298, 0.20939912, 0.41992701]
