Kp1: -2.71310037008539
Ki1: -0.009255713926650281
Kd1: -0.16001457108078584
Kp2: 0.08707532602193452
Ki2: 0.047803438205989354
Kd2: 0.0
init_obs: [ 0.06051064,  0.22040876,  0.32677917, -0.09485883]
