Kp1: -2.7614116266332944
Ki1: -0.009384941615165147
Kd1: -0.1518492891190111
Kp2: 0.07931065945181205
Ki2: 0.052244051426188425
Kd2: 0.0
init_obs: [ 0.42482949, -0.23695086, -0.32404448, -0.39836212]
