Kp1: -3.22366298793734
Ki1: -0.010540034890228542
Kd1: -0.13798503282131747
Kp2: 0.08369714522373338
Ki2: 0.04547923648393089
Kd2: 0.0
init_obs: [ 0.08962375, -0.3320689 , -0.40284464,  0.49266454]
