Kp1: -3.221091782728044
Ki1: -0.010070631788101312
Kd1: -0.1639436405392828
Kp2: 0.08597196775321976
Ki2: 0.05300442662098009
Kd2: 0.0
init_obs: [-0.26010709,  0.21944657, -0.04182707, -0.11387378]
