Kp1: -2.9427125358744126
Ki1: -0.010786007462995618
Kd1: -0.15618202201455328
Kp2: 0.08363869901451443
Ki2: 0.049013988522908405
Kd2: 0.0
init_obs: [ 0.26060876, -0.44173189,  0.17274721,  0.45047282]
