Kp1: -3.2197479844095778
Ki1: -0.009077336713131106
Kd1: -0.16480018389795728
Kp2: 0.07650250297646512
Ki2: 0.051702901977569694
Kd2: 0.0
init_obs: [-0.40283747, -0.27903619,  0.15409082,  0.19623685]
