Kp1: -3.2285883493741343
Ki1: -0.010293566564013368
Kd1: -0.14183305189942935
Kp2: 0.07881666303888964
Ki2: 0.05065083652812348
Kd2: 0.0
init_obs: [-0.4861787 ,  0.15861127, -0.28988659,  0.03293288]
