Kp1: -3.1515074584556206
Ki1: -0.010697855642193388
Kd1: -0.14963499133594232
Kp2: 0.08397334491825591
Ki2: 0.05398193379153702
Kd2: 0.0
init_obs: [ 0.32163134,  0.00953074, -0.34703189, -0.01081938]
