Kp1: -3.1976276388322082
Ki1: -0.009899433249721167
Kd1: -0.16148116619525077
Kp2: 0.08458799092763368
Ki2: 0.04633468341403222
Kd2: 0.0
init_obs: [-0.02671678,  0.24140316,  0.03941776,  0.17103875]
