Kp1: -2.7648115553340773
Ki1: -0.009848768177657443
Kd1: -0.1430599116788751
Kp2: 0.07357567522049112
Ki2: 0.05123920269034096
Kd2: 0.0
init_obs: [-0.30112772,  0.12905983,  0.47832231, -0.43810629]
