Kp1: -2.7373442717318843
Ki1: -0.00909895773290608
Kd1: -0.1377677620970162
Kp2: 0.0811430501110261
Ki2: 0.050367717678142514
Kd2: 0.0
init_obs: [-0.484715  ,  0.0531353 , -0.01697084,  0.09067652]
