Kp1: -3.1708514996696966
Ki1: -0.009717073274250287
Kd1: -0.14519708371863815
Kp2: 0.0772954306718321
Ki2: 0.046012090404796174
Kd2: 0.0
init_obs: [-0.06241163,  0.3600594 , -0.42559619,  0.26341569]
