Kp1: -2.7340282540657013
Ki1: -0.0095045730651421
Kd1: -0.16078410715796446
Kp2: 0.07675814890277653
Ki2: 0.05080815346701722
Kd2: 0.0
init_obs: [-0.35407453,  0.27421756,  0.17060829, -0.07018175]
