Kp1: -3.0205876410801444
Ki1: -0.010986134630499762
Kd1: -0.145577824541407
Kp2: 0.07602107902464264
Ki2: 0.04994197507525302
Kd2: 0.0
init_obs: [ 0.33940291, -0.45119746,  0.24014404,  0.16909256]
