Kp1: -3.051473011472484
Ki1: -0.010830325447215301
Kd1: -0.13818078194939315
Kp2: 0.07691538272057807
Ki2: 0.04511924877775547
Kd2: 0.0
init_obs: [ 0.28084103,  0.26255294, -0.19653125, -0.17184384]
