Kp1: -2.931104356169036
Ki1: -0.009932823950597958
Kd1: -0.1524016663039284
Kp2: 0.0777066829843015
Ki2: 0.04694184934641657
Kd2: 0.0
init_obs: [ 0.11616826,  0.38063598,  0.42155282, -0.31779756]
