Kp1: -2.776680971216671
Ki1: -0.009623328764227076
Kd1: -0.15043666794728958
Kp2: 0.08100277967051027
Ki2: 0.04555189804232716
Kd2: 0.0
init_obs: [ 0.33933334, -0.16994459,  0.2607207 ,  0.33055967]
