Kp1: -3.2348496666827433
Ki1: -0.010968280551450547
Kd1: -0.14121241129023637
Kp2: 0.07977389363565067
Ki2: 0.04970410012885625
Kd2: 0.0
init_obs: [ 0.13764321, -0.29029239,  0.47378621, -0.01944711]
