Kp1: -3.205896128238037
Ki1: -0.010462440198865011
Kd1: -0.14075086963526956
Kp2: 0.08366167458503573
Ki2: 0.05378676651242589
Kd2: 0.0
init_obs: [ 0.17276408, -0.32577949,  0.49154052,  0.2429667 ]
