Kp1: -2.7241530508995937
Ki1: -0.010657668188492684
Kd1: -0.14235342417172006
Kp2: 0.08572010208087029
Ki2: 0.04743217586041449
Kd2: 0.0
init_obs: [-0.03510799,  0.20583998,  0.3841726 ,  0.18565036]
