Kp1: -2.99995771520592
Ki1: -0.01033607677271878
Kd1: -0.1380085133048224
Kp2: 0.08001478016047227
Ki2: 0.053402636952914355
Kd2: 0.0
init_obs: [0.12987196, 0.21068542, 0.02669633, 0.10566921]
