Kp1: -2.7537497125612536
Ki1: -0.009007351524614262
Kd1: -0.1481371082568971
Kp2: 0.08354831313814214
Ki2: 0.046555168606936065
Kd2: 0.0
init_obs: [-0.40019399,  0.48775811, -0.02918   ,  0.31716529]
