Kp1: -3.191250695881509
Ki1: -0.009648761261649982
Kd1: -0.14977663652109727
Kp2: 0.07985133743084502
Ki2: 0.05310082417395909
Kd2: 0.0
init_obs: [-1.59219883e-01,  1.64177783e-01,  3.47687212e-04, -4.88111924e-01]
