Kp1: -2.890347074809429
Ki1: -0.010093437581074723
Kd1: -0.1602774259332552
Kp2: 0.0729552454037998
Ki2: 0.054766109291445965
Kd2: 0.0
init_obs: [ 0.06055693,  0.3124708 , -0.2685441 , -0.3765663 ]
