Kp1: -2.7540384564440985
Ki1: -0.009763837905614765
Kd1: -0.1354581741715259
Kp2: 0.07614057528861198
Ki2: 0.05263972876615302
Kd2: 0.0
init_obs: [-0.45461053,  0.49775369, -0.29541892, -0.23773754]
