Kp1: -3.284998713273014
Ki1: -0.010558769352685139
Kd1: -0.1596818506314675
Kp2: 0.08104963042217968
Ki2: 0.05009893411925692
Kd2: 0.0
init_obs: [ 0.20800759,  0.04101519, -0.29725064, -0.42118581]
