Kp1: -3.1195833516248053
Ki1: -0.0102559274797933
Kd1: -0.1393775913542203
Kp2: 0.08007418095880413
Ki2: 0.04698493496490053
Kd2: 0.0
init_obs: [0.05871541, 0.46135913, 0.08921852, 0.2282212 ]
