Kp1: -2.914622735844488
Ki1: -0.00909112027058858
Kd1: -0.15715047353569483
Kp2: 0.07691951521026771
Ki2: 0.04855185671936815
Kd2: 0.0
init_obs: [-0.28720557,  0.46053137,  0.28175224,  0.25138321]
