Kp1: -2.769201839540119
Ki1: -0.009377797718799562
Kd1: -0.15704853927321985
Kp2: 0.07544106963492868
Ki2: 0.053878591183979675
Kd2: 0.0
init_obs: [-0.15662011,  0.19627664,  0.15528595, -0.25646941]
