Kp1: -2.9530533949684257
Ki1: -0.010205610999445627
Kd1: -0.15636760186527768
Kp2: 0.0865685779923646
Ki2: 0.046385260975611305
Kd2: 0.0
init_obs: [0.47843556, 0.24851702, 0.32307764, 0.44282342]
