Kp1: -2.77610558234236
Ki1: -0.01087154731745062
Kd1: -0.16321723723191056
Kp2: 0.0865483638660567
Ki2: 0.05474951721576665
Kd2: 0.0
init_obs: [-0.06990731, -0.39588015, -0.0919463 , -0.10437185]
