Kp1: -2.8854843600902806
Ki1: -0.00978976770512494
Kd1: -0.15558135613570287
Kp2: 0.07936261175777169
Ki2: 0.05176341439706148
Kd2: 0.0
init_obs: [-0.11749037,  0.05051603,  0.12454803, -0.48186793]
