Kp1: -3.1006363016370893
Ki1: -0.010966680525806457
Kd1: -0.16032057322166446
Kp2: 0.08475950229129385
Ki2: 0.04605822462436646
Kd2: 0.0
init_obs: [-0.47271625,  0.31091772, -0.42085801, -0.18774141]
