Kp1: -3.272873414438268
Ki1: -0.00949176839415521
Kd1: -0.16150876281359847
Kp2: 0.08376895504531565
Ki2: 0.04872182235760559
Kd2: 0.0
init_obs: [ 0.42859808, -0.11221818,  0.13177088,  0.10681849]
