Kp1: -2.9031799798400506
Ki1: -0.00990109624004038
Kd1: -0.15110763621843082
Kp2: 0.07730008413518688
Ki2: 0.04771217231802986
Kd2: 0.0
init_obs: [-0.05890359, -0.06209208,  0.1647146 ,  0.24464152]
