Kp1: -2.8502147086959275
Ki1: -0.01046439190489061
Kd1: -0.13911945619076518
Kp2: 0.08124019446747376
Ki2: 0.04803737903129052
Kd2: 0.0
init_obs: [ 0.47590479, -0.33203064, -0.46455155,  0.29070738]
