Kp1: -3.1626769308974025
Ki1: -0.010881681629515702
Kd1: -0.16158452156151684
Kp2: 0.07419281871850342
Ki2: 0.04560199814822041
Kd2: 0.0
init_obs: [ 0.3695845 ,  0.12940605,  0.15821757, -0.0911087 ]
