Kp1: -3.229511239462381
Ki1: -0.0092574663317944
Kd1: -0.15550994934622214
Kp2: 0.07215696363237636
Ki2: 0.04685129504782241
Kd2: 0.0
init_obs: [-0.3084551 ,  0.0420945 , -0.35973961,  0.16515162]
