Kp1: -3.1575234031892316
Ki1: -0.009434883268512063
Kd1: -0.14028429796226757
Kp2: 0.08050052275732954
Ki2: 0.05274669080832503
Kd2: 0.0
init_obs: [ 0.49274944, -0.34711841, -0.29414928, -0.14063085]
