Kp1: -2.9809454361602707
Ki1: -0.009229375214066006
Kd1: -0.15894318994512013
Kp2: 0.08071679141838237
Ki2: 0.04571787894502305
Kd2: 0.0
init_obs: [-0.40526964, -0.09383904, -0.35685838,  0.20905321]
