Kp1: -3.2270035306205482
Ki1: -0.009368796352238187
Kd1: -0.15604377323930313
Kp2: 0.07689226158455625
Ki2: 0.04640604972548758
Kd2: 0.0
init_obs: [ 0.13145098,  0.26637926, -0.45048658,  0.13685288]
