Kp1: -2.8896934408501544
Ki1: -0.010676373296690972
Kd1: -0.13782104565475498
Kp2: 0.07689886071292994
Ki2: 0.051951470830648605
Kd2: 0.0
init_obs: [ 0.34158614,  0.49409091,  0.23461808, -0.20983244]
