Kp1: -3.088632254085562
Ki1: -0.009060052435676575
Kd1: -0.1423076934231907
Kp2: 0.07262002151303369
Ki2: 0.053119457020274964
Kd2: 0.0
init_obs: [ 0.43725138,  0.13113665,  0.47672555, -0.14869374]
