Kp1: -2.7723801561265455
Ki1: -0.009923594100573516
Kd1: -0.14991864147272316
Kp2: 0.08032591405995267
Ki2: 0.050308172747758534
Kd2: 0.0
init_obs: [ 0.33167256, -0.45161965, -0.37147803, -0.00988204]
