Kp1: -2.971409073297946
Ki1: -0.009284895886886593
Kd1: -0.1557179213715197
Kp2: 0.07911438123473435
Ki2: 0.054386157680908334
Kd2: 0.0
init_obs: [ 0.26502147,  0.40711257, -0.46744739,  0.30642473]
