Kp1: -3.185078985102061
Ki1: -0.009335836851724112
Kd1: -0.13646844156989313
Kp2: 0.0823683211079055
Ki2: 0.04976726043324636
Kd2: 0.0
init_obs: [-0.22919845, -0.24732024,  0.13511863,  0.20923319]
