Kp1: -3.217878386471191
Ki1: -0.009145870966863534
Kd1: -0.14980273419801843
Kp2: 0.08195068482571963
Ki2: 0.05440494238407313
Kd2: 0.0
init_obs: [-0.39768306, -0.21011387,  0.01174807,  0.0518721 ]
