Kp1: -2.911033534608654
Ki1: -0.009407704606801298
Kd1: -0.13661478386662473
Kp2: 0.08540767803251387
Ki2: 0.047828462447986955
Kd2: 0.0
init_obs: [-0.2453543 ,  0.07212422,  0.40259275,  0.28260971]
