Kp1: -3.104944388489387
Ki1: -0.00964318635628105
Kd1: -0.1520678705935455
Kp2: 0.07757593145474276
Ki2: 0.04636454822388814
Kd2: 0.0
init_obs: [ 0.36273291, -0.06186682,  0.39739185,  0.15889119]
