Kp1: -2.7252363843821854
Ki1: -0.009298544516569956
Kd1: -0.14599649720877622
Kp2: 0.07831704701354134
Ki2: 0.051626905560311145
Kd2: 0.0
init_obs: [-0.2721174 , -0.22126307,  0.40416605,  0.05540444]
