Kp1: -3.0257419466138673
Ki1: -0.010706881463046198
Kd1: -0.15172073921796878
Kp2: 0.08518881932345539
Ki2: 0.051732825434773005
Kd2: 0.0
init_obs: [ 0.02676246, -0.03579768, -0.44545539, -0.33315416]
