Kp1: -3.204038722595962
Ki1: -0.010829299366909217
Kd1: -0.1424539306512985
Kp2: 0.0861512910670239
Ki2: 0.04980382387028638
Kd2: 0.0
init_obs: [-0.23384176, -0.44454335,  0.40271772, -0.19328665]
