Kp1: -2.791186626535196
Ki1: -0.010755628902909856
Kd1: -0.136596289877354
Kp2: 0.07841592652731975
Ki2: 0.050331126637337645
Kd2: 0.0
init_obs: [ 0.43881802, -0.44617565, -0.0573403 ,  0.21666235]
