Kp1: -2.9830043894908145
Ki1: -0.009204271910042111
Kd1: -0.1450644070286261
Kp2: 0.07867244768139645
Ki2: 0.0500245926392661
Kd2: 0.0
init_obs: [ 0.35456567, -0.03722721,  0.36200302, -0.32169279]
