Kp1: -3.0464062461249015
Ki1: -0.009202733046951185
Kd1: -0.13871591761553492
Kp2: 0.07477258862607591
Ki2: 0.05226439994686143
Kd2: 0.0
init_obs: [ 0.23047552,  0.19415964, -0.48300251,  0.12916024]
