Kp1: -3.1312504257260887
Ki1: -0.009130430336616707
Kd1: -0.14488612026765715
Kp2: 0.08203232969675049
Ki2: 0.050115758212534646
Kd2: 0.0
init_obs: [ 0.15766461,  0.49617866, -0.34992883,  0.41845783]
