Kp1: -3.0844407352222007
Ki1: -0.010554831688696968
Kd1: -0.1540185932287241
Kp2: 0.08255690457361003
Ki2: 0.051465352546812615
Kd2: 0.0
init_obs: [-0.38670428,  0.11304148,  0.25797804, -0.24481861]
