Kp1: -3.0461769245731722
Ki1: -0.009015941125050544
Kd1: -0.15876228247228605
Kp2: 0.08187378339356607
Ki2: 0.05189391875588786
Kd2: 0.0
init_obs: [ 0.1282027 ,  0.13847252, -0.2276841 ,  0.13125739]
