Kp1: -3.164383730811343
Ki1: -0.010560851115128389
Kd1: -0.1369180341572389
Kp2: 0.07484863865366655
Ki2: 0.050324378408771235
Kd2: 0.0
init_obs: [-0.42294953, -0.30529498,  0.49970329, -0.40605957]
