Kp1: -3.251861691517517
Ki1: -0.010703055642849176
Kd1: -0.160622553031712
Kp2: 0.08409220679711829
Ki2: 0.045657765489044946
Kd2: 0.0
init_obs: [-0.31799707,  0.00966752, -0.23549946,  0.31862267]
