Kp1: -2.8866030657504718
Ki1: -0.01013707312768811
Kd1: -0.13750994046334006
Kp2: 0.0754794690206767
Ki2: 0.04681191316624833
Kd2: 0.0
init_obs: [0.16425992, 0.2529325 , 0.18520463, 0.10219379]
