Kp1: -3.0434404421456556
Ki1: -0.00919802613391866
Kd1: -0.1625530262894597
Kp2: 0.07771144858293154
Ki2: 0.04928497488389652
Kd2: 0.0
init_obs: [0.12837941, 0.29108839, 0.09907818, 0.01232629]
