Kp1: -3.1627746961700867
Ki1: -0.009444165832675528
Kd1: -0.1475279292741155
Kp2: 0.08008105326142331
Ki2: 0.0547157476706161
Kd2: 0.0
init_obs: [-0.32261841,  0.03799385,  0.36365056,  0.44077902]
