Kp1: -3.255032752868943
Ki1: -0.00961215422138042
Kd1: -0.1478481065788161
Kp2: 0.0802373111789548
Ki2: 0.051395462661571384
Kd2: 0.0
init_obs: [-0.0798975 ,  0.02065407,  0.22289597, -0.13102589]
