Kp1: -3.264049646040016
Ki1: -0.00964322843846779
Kd1: -0.15138930642040546
Kp2: 0.08259073031220264
Ki2: 0.053042816683972704
Kd2: 0.0
init_obs: [0.12439407, 0.02854961, 0.15210934, 0.30402484]
