Kp1: -3.1081477319404334
Ki1: -0.010418172849664812
Kd1: -0.14322477372039633
Kp2: 0.07795575832159747
Ki2: 0.05453867375004631
Kd2: 0.0
init_obs: [-0.06228374, -0.08496191,  0.45442109,  0.30631285]
