Kp1: -2.9934036288239283
Ki1: -0.00989835353714614
Kd1: -0.13534352142805758
Kp2: 0.0743616972178187
Ki2: 0.05478822207853409
Kd2: 0.0
init_obs: [-0.21133641,  0.39418601, -0.44004938, -0.24866799]
