Kp1: -3.1950967092236766
Ki1: -0.009129462527692768
Kd1: -0.15381769543499785
Kp2: 0.07789018280047547
Ki2: 0.050365813541013466
Kd2: 0.0
init_obs: [-0.37349242, -0.01579324, -0.2166802 ,  0.23893323]
