Kp1: -2.7710484119685224
Ki1: -0.009214038464577091
Kd1: -0.14423456524308137
Kp2: 0.0803329580511167
Ki2: 0.04684858493273886
Kd2: 0.0
init_obs: [ 0.35998599,  0.02752987, -0.15897278,  0.27915397]
