Kp1: -2.849973759256555
Ki1: -0.00977230630631245
Kd1: -0.14450512244014257
Kp2: 0.08031164869397067
Ki2: 0.04654716593522451
Kd2: 0.0
init_obs: [-0.47011864, -0.47564809,  0.02567678, -0.35917353]
