Kp1: -3.1913741596283423
Ki1: -0.010220095630760704
Kd1: -0.15470572074037542
Kp2: 0.07786469424054479
Ki2: 0.04812926417935154
Kd2: 0.0
init_obs: [-0.19185674,  0.15909147,  0.32128427,  0.1318159 ]
