Kp1: -3.284372761666261
Ki1: -0.010047228948018785
Kd1: -0.1565829668875095
Kp2: 0.08534519551268893
Ki2: 0.04503252781520531
Kd2: 0.0
init_obs: [ 0.26774697, -0.25564164, -0.1543669 , -0.36185709]
