Kp1: -3.209352559754058
Ki1: -0.01067146621427921
Kd1: -0.14102004200032422
Kp2: 0.08707712027781579
Ki2: 0.0465358474961563
Kd2: 0.0
init_obs: [-0.26113127,  0.46267008, -0.44843037, -0.25858745]
