Kp1: -3.179554129811201
Ki1: -0.010965592981961418
Kd1: -0.14010570272535958
Kp2: 0.07638319257417839
Ki2: 0.047302950336258726
Kd2: 0.0
init_obs: [0.18972912, 0.42024313, 0.00766732, 0.46546903]
