Kp1: -2.9637567657934825
Ki1: -0.009732880312147675
Kd1: -0.1393004037647835
Kp2: 0.07934615561178124
Ki2: 0.05405503154148548
Kd2: 0.0
init_obs: [ 0.17227757, -0.42629741,  0.19508494,  0.4154879 ]
