Kp1: -2.7172353869965558
Ki1: -0.009057724975724265
Kd1: -0.1396295576834918
Kp2: 0.0791181522598908
Ki2: 0.048548368118295215
Kd2: 0.0
init_obs: [0.22401737, 0.23021081, 0.32285214, 0.14177244]
