Kp1: -3.019273034059939
Ki1: -0.00968855411397704
Kd1: -0.15615086461592398
Kp2: 0.07947995945805084
Ki2: 0.047086329237111514
Kd2: 0.0
init_obs: [ 0.08485368, -0.05553844,  0.43750349, -0.1382016 ]
