Kp1: -2.8898340799957265
Ki1: -0.009261361038375257
Kd1: -0.14936966520073094
Kp2: 0.08683386550333241
Ki2: 0.046289774583702765
Kd2: 0.0
init_obs: [ 0.45579803, -0.28137218, -0.17979231,  0.35649516]
