Kp1: -3.1004531143919682
Ki1: -0.01055198325893596
Kd1: -0.14488235233686345
Kp2: 0.08040884995828948
Ki2: 0.05225861620954689
Kd2: 0.0
init_obs: [-0.39648031, -0.08619836,  0.27429868, -0.3436041 ]
