Kp1: -2.7756265246222647
Ki1: -0.009139746739356035
Kd1: -0.15040984319696232
Kp2: 0.08415601830493728
Ki2: 0.051743597611047076
Kd2: 0.0
init_obs: [ 0.21616146,  0.12515838, -0.06776893, -0.42593333]
