Kp1: -3.1506619886594716
Ki1: -0.010639551896310828
Kd1: -0.15340914488000376
Kp2: 0.08650679092029022
Ki2: 0.04732184734402975
Kd2: 0.0
init_obs: [ 0.21224935, -0.45679788, -0.05021523, -0.28494619]
