Kp1: -2.9980551190008202
Ki1: -0.009470454493198143
Kd1: -0.13623964236688252
Kp2: 0.08750790988295126
Ki2: 0.05156757975029944
Kd2: 0.0
init_obs: [-0.33614204,  0.2928264 ,  0.24121823, -0.39300142]
