Kp1: -2.9208968843704035
Ki1: -0.009413252096819993
Kd1: -0.15018885888499178
Kp2: 0.08797398217928457
Ki2: 0.05216102804335915
Kd2: 0.0
init_obs: [-0.12193162,  0.40194774,  0.16149342, -0.20157672]
