Kp1: -2.8942061834785493
Ki1: -0.010948585462301744
Kd1: -0.14350240604240608
Kp2: 0.07687069743555253
Ki2: 0.046502058675047725
Kd2: 0.0
init_obs: [-0.15185182, -0.27346376, -0.05402316, -0.13329263]
