Kp1: -2.801955445548849
Ki1: -0.010552586729675874
Kd1: -0.14760851257999055
Kp2: 0.07932620041839222
Ki2: 0.049274010430390154
Kd2: 0.0
init_obs: [-0.17041473,  0.40636252,  0.10124296,  0.08492935]
