Kp1: -2.788205851668253
Ki1: -0.009692472145574397
Kd1: -0.1403661751720712
Kp2: 0.07894630693860546
Ki2: 0.04711266107610357
Kd2: 0.0
init_obs: [-0.31451053, -0.10968632, -0.25265507,  0.20480927]
