Kp1: -3.1480708579668364
Ki1: -0.00966288686760886
Kd1: -0.15295993742211667
Kp2: 0.08322453537439993
Ki2: 0.053334503320210204
Kd2: 0.0
init_obs: [ 0.29023925, -0.32345452, -0.3681572 , -0.26145843]
