Kp1: -3.2754250099397018
Ki1: -0.00999536897783245
Kd1: -0.16360117329765683
Kp2: 0.08634291835476289
Ki2: 0.04674946171720365
Kd2: 0.0
init_obs: [ 0.4385363 , -0.27664641, -0.42935606, -0.30654885]
