Kp1: -3.0357909459150694
Ki1: -0.01012011391307931
Kd1: -0.15358267249455773
Kp2: 0.08702570784711412
Ki2: 0.05330208158193395
Kd2: 0.0
init_obs: [0.16750494, 0.16472701, 0.30836752, 0.17273521]
