Kp1: -3.0057564104354286
Ki1: -0.009433046431333348
Kd1: -0.16294064806281394
Kp2: 0.07204180520645707
Ki2: 0.04622496577827136
Kd2: 0.0
init_obs: [0.04983624, 0.41292539, 0.3745473 , 0.30763335]
