Kp1: -2.8013502630536498
Ki1: -0.00989646470879493
Kd1: -0.16312956099883671
Kp2: 0.07924930395759926
Ki2: 0.05065172092620035
Kd2: 0.0
init_obs: [-0.09476499,  0.03215974,  0.1194466 , -0.46982434]
