Kp1: -2.9720738665307187
Ki1: -0.010813488940819224
Kd1: -0.16229103904826184
Kp2: 0.08526307325041463
Ki2: 0.04593785349526384
Kd2: 0.0
init_obs: [-0.48457666, -0.28821631,  0.25379639,  0.24138171]
