Kp1: -2.9923232042164694
Ki1: -0.010942785223026448
Kd1: -0.13999289135937606
Kp2: 0.0737109495389573
Ki2: 0.04543964433123152
Kd2: 0.0
init_obs: [-0.1722185 ,  0.2307037 ,  0.05899378,  0.36426813]
