Kp1: -2.862564114947058
Ki1: -0.010259832097760388
Kd1: -0.15903225203688148
Kp2: 0.07475643556044244
Ki2: 0.045610672802578994
Kd2: 0.0
init_obs: [-0.00749639, -0.18343233, -0.32516177,  0.15408615]
