Kp1: -3.0005068212143753
Ki1: -0.01097165831286093
Kd1: -0.13860612510404358
Kp2: 0.07560011765145058
Ki2: 0.04824906054600043
Kd2: 0.0
init_obs: [-0.38191119,  0.21304822, -0.26316674,  0.17304839]
