Kp1: -3.2441173385266158
Ki1: -0.010106287459738785
Kd1: -0.1474629446823252
Kp2: 0.08086130055439349
Ki2: 0.04752917792428762
Kd2: 0.0
init_obs: [-0.39435282, -0.0014816 , -0.08315448,  0.30217712]
