Kp1: -2.87544680363476
Ki1: -0.01003665359737558
Kd1: -0.15962881466374013
Kp2: 0.07439212326076045
Ki2: 0.045179357798749334
Kd2: 0.0
init_obs: [ 0.28159123, -0.00956852,  0.31859823,  0.13617063]
