Kp1: -2.9717999066232172
Ki1: -0.010063937449494558
Kd1: -0.1476189989632741
Kp2: 0.08182794397466372
Ki2: 0.049743281833304245
Kd2: 0.0
init_obs: [-0.17409353, -0.19654659, -0.14126384, -0.34900727]
