Kp1: -3.135466753647891
Ki1: -0.010731454520833204
Kd1: -0.13560860832126043
Kp2: 0.07898059917609845
Ki2: 0.045289626384212855
Kd2: 0.0
init_obs: [-0.09732125,  0.13497569, -0.37972441,  0.32191923]
