Kp1: -2.863875802802335
Ki1: -0.010763238752580204
Kd1: -0.15398135877879374
Kp2: 0.07692691672560657
Ki2: 0.046868426673902674
Kd2: 0.0
init_obs: [-0.30844903, -0.31201645, -0.11448603, -0.00880508]
