Kp1: -2.972072531751081
Ki1: -0.009335693110943136
Kd1: -0.1590158027830518
Kp2: 0.0809606865912641
Ki2: 0.05360134784447809
Kd2: 0.0
init_obs: [-0.16749397, -0.37468166,  0.02212887, -0.31739299]
