Kp1: -3.0534341640383245
Ki1: -0.01044553362268624
Kd1: -0.14741530119071117
Kp2: 0.07864860709500078
Ki2: 0.04888079077560366
Kd2: 0.0
init_obs: [-0.40284901,  0.11368426, -0.1627712 ,  0.37532114]
