Kp1: -3.2448078869630033
Ki1: -0.010821513986756948
Kd1: -0.15120392636167865
Kp2: 0.07382135288088008
Ki2: 0.050975067476198156
Kd2: 0.0
init_obs: [-0.40232677,  0.28347531,  0.26764633, -0.13866348]
