Kp1: -3.0661799683932127
Ki1: -0.0092902176832625
Kd1: -0.1355928996558899
Kp2: 0.08159913631863809
Ki2: 0.048145088908107266
Kd2: 0.0
init_obs: [-0.07714588,  0.13098408, -0.49051983, -0.38335305]
