Kp1: -3.245350684478581
Ki1: -0.009032103113495907
Kd1: -0.16466041690909008
Kp2: 0.08667478931895768
Ki2: 0.054694856955253474
Kd2: 0.0
init_obs: [ 0.038932  , -0.44869294, -0.31710103, -0.47026138]
