Kp1: -3.167130519400488
Ki1: -0.010253354308372455
Kd1: -0.1393154279190474
Kp2: 0.07761285765466429
Ki2: 0.05230006798404668
Kd2: 0.0
init_obs: [ 0.16539549, -0.41354468,  0.09743967, -0.28066758]
