Kp1: -3.20986783557586
Ki1: -0.010919344889870737
Kd1: -0.1356564480857688
Kp2: 0.08672291857288408
Ki2: 0.0481730008824004
Kd2: 0.0
init_obs: [-0.36289629,  0.13364661,  0.27726833, -0.13844123]
