Kp1: -3.197124613103038
Ki1: -0.00921278642501383
Kd1: -0.142739425374886
Kp2: 0.0877499408173748
Ki2: 0.05127445708884826
Kd2: 0.0
init_obs: [ 0.03587906,  0.4964016 ,  0.22767221, -0.28011131]
