Kp1: -2.8758195818473675
Ki1: -0.010809387811823239
Kd1: -0.1471799823987642
Kp2: 0.08265792141235281
Ki2: 0.04808870303284688
Kd2: 0.0
init_obs: [-0.37738898, -0.40027215, -0.23134545, -0.25482615]
