Kp1: -3.0421135373308537
Ki1: -0.0093700701376326
Kd1: -0.15636104057204966
Kp2: 0.07902354372319131
Ki2: 0.051454060949097796
Kd2: 0.0
init_obs: [-0.12108465, -0.32976939, -0.44486298,  0.42438509]
