Kp1: -3.022577923856942
Ki1: -0.01047208991574682
Kd1: -0.14596168228619205
Kp2: 0.07417587383350173
Ki2: 0.05484417814591728
Kd2: 0.0
init_obs: [ 0.43316743, -0.03711623,  0.10694736,  0.08250542]
