Kp1: -2.856175809080324
Ki1: -0.009500994229333115
Kd1: -0.14989871257212783
Kp2: 0.07399114829463872
Ki2: 0.04848191420860389
Kd2: 0.0
init_obs: [ 0.17276221, -0.2490328 ,  0.37294413,  0.4281623 ]
