Kp1: -2.76552082200428
Ki1: -0.009842931338120937
Kd1: -0.15544343194124732
Kp2: 0.08730460396798657
Ki2: 0.05019983123688524
Kd2: 0.0
init_obs: [-0.37246766, -0.3459532 , -0.00613501,  0.33702005]
