Kp1: -3.091184927749618
Ki1: -0.010191337833231806
Kd1: -0.1448135238590735
Kp2: 0.07692071421461365
Ki2: 0.04845377905919159
Kd2: 0.0
init_obs: [ 0.07757222, -0.46963499,  0.01433409, -0.39023345]
