Kp1: -2.7428382957965973
Ki1: -0.009615489154678167
Kd1: -0.15367621655692468
Kp2: 0.07750994637524629
Ki2: 0.04559576417593203
Kd2: 0.0
init_obs: [ 0.45296321, -0.05434246,  0.39435373,  0.25288918]
