Kp1: -2.9819969859552433
Ki1: -0.009846180496714589
Kd1: -0.15684158152715247
Kp2: 0.07305590030704612
Ki2: 0.047249604618002844
Kd2: 0.0
init_obs: [-0.3891846 , -0.26736394,  0.1072856 , -0.248894  ]
