Kp1: -3.0217836111688383
Ki1: -0.010436255053020146
Kd1: -0.13506424302866224
Kp2: 0.07763334676455715
Ki2: 0.04886329992508313
Kd2: 0.0
init_obs: [-0.42379225,  0.49064503,  0.43207606, -0.09643103]
