Kp1: -3.0412317025627233
Ki1: -0.009601305154559241
Kd1: -0.14020812182805675
Kp2: 0.08040066135303796
Ki2: 0.0528250043711625
Kd2: 0.0
init_obs: [-0.46247267, -0.10851063, -0.46586353,  0.08253102]
