Kp1: -2.85365104426025
Ki1: -0.010008917221346326
Kd1: -0.14173628914555667
Kp2: 0.07800770853739483
Ki2: 0.05049217318718448
Kd2: 0.0
init_obs: [-0.44454217, -0.45085922, -0.27823348,  0.37372722]
