Kp1: -2.9255260042162794
Ki1: -0.010923443704764136
Kd1: -0.1455653813342385
Kp2: 0.08290676479245006
Ki2: 0.052160911860902076
Kd2: 0.0
init_obs: [0.23900523, 0.45168949, 0.45478928, 0.41650388]
