Kp1: -2.9810510131523023
Ki1: -0.009408767386555121
Kd1: -0.143331002219249
Kp2: 0.07295102472354952
Ki2: 0.05335318744813833
Kd2: 0.0
init_obs: [-0.43621203,  0.25580049, -0.05324269,  0.04466355]
