Kp1: -3.259624120166361
Ki1: -0.00938146085666403
Kd1: -0.15868398773840411
Kp2: 0.08494798657336845
Ki2: 0.04693289959663375
Kd2: 0.0
init_obs: [ 0.48020917, -0.32779962, -0.4210303 ,  0.23241177]
