Kp1: -2.877749160014275
Ki1: -0.009363263318740047
Kd1: -0.16018786535110321
Kp2: 0.08219063691197137
Ki2: 0.053473088393451065
Kd2: 0.0
init_obs: [-0.30034911, -0.23637657, -0.1420218 , -0.37217145]
