Kp1: -2.9741355223237247
Ki1: -0.00938314579927227
Kd1: -0.15070453443617243
Kp2: 0.07482459517209375
Ki2: 0.04744769401581477
Kd2: 0.0
init_obs: [-0.39183628, -0.1697703 , -0.47643482,  0.44457522]
