Kp1: -2.749250971202359
Ki1: -0.010003738264539435
Kd1: -0.1398767405305895
Kp2: 0.07853086459633206
Ki2: 0.04519444642601879
Kd2: 0.0
init_obs: [-0.43943385,  0.36681629, -0.47580876,  0.33036367]
