Kp1: -2.8795900413914537
Ki1: -0.009437472676321718
Kd1: -0.14298185668668992
Kp2: 0.0831411611191941
Ki2: 0.04854416474261474
Kd2: 0.0
init_obs: [-0.30354063,  0.42180936,  0.35151444, -0.31915064]
