Kp1: -3.1537487752146154
Ki1: -0.009448045779862736
Kd1: -0.1612916803750354
Kp2: 0.07631480999685332
Ki2: 0.05103331305185843
Kd2: 0.0
init_obs: [ 0.39141488,  0.02675149,  0.13289613, -0.26545567]
