Kp1: -2.797801063437945
Ki1: -0.00924641458249042
Kd1: -0.1413204269056945
Kp2: 0.07203755142638615
Ki2: 0.05310493940050989
Kd2: 0.0
init_obs: [ 0.16530568, -0.4150175 ,  0.24398912, -0.3621692 ]
