Kp1: -2.7705273982528236
Ki1: -0.01003694856516979
Kd1: -0.15923896207295257
Kp2: 0.08184194580224523
Ki2: 0.0487909374511097
Kd2: 0.0
init_obs: [-0.25567796,  0.07184874, -0.38186924, -0.16884907]
