Kp1: -2.7081972022026335
Ki1: -0.010089399618218068
Kd1: -0.14992497989640294
Kp2: 0.08400320815793416
Ki2: 0.05065478199500067
Kd2: 0.0
init_obs: [ 0.1632315 ,  0.1439577 , -0.14167384, -0.01394929]
