Kp1: -3.029814067589699
Ki1: -0.010028447510421923
Kd1: -0.15819108622260972
Kp2: 0.08589826027091454
Ki2: 0.05242937114706906
Kd2: 0.0
init_obs: [-0.30844887, -0.07277542,  0.15187675, -0.37515013]
