Kp1: -3.0175427958879606
Ki1: -0.009463136519028378
Kd1: -0.15160470935784578
Kp2: 0.07948036149904406
Ki2: 0.05455278821916307
Kd2: 0.0
init_obs: [ 0.17270399, -0.1190272 ,  0.43941465, -0.42650626]
