Kp1: -3.292148859810542
Ki1: -0.009843363717205074
Kd1: -0.15317747241966276
Kp2: 0.08368864278961134
Ki2: 0.053846564164050294
Kd2: 0.0
init_obs: [ 0.26627082,  0.04749611,  0.24031496, -0.16501466]
