Kp1: -2.7920903997671545
Ki1: -0.009625739012572106
Kd1: -0.15800997198503317
Kp2: 0.0845699138991645
Ki2: 0.051634601962690166
Kd2: 0.0
init_obs: [0.48628159, 0.2601259 , 0.19638326, 0.27004755]
