Kp1: -3.1318821050322945
Ki1: -0.010770610287878265
Kd1: -0.15665088286729953
Kp2: 0.0841318329333416
Ki2: 0.049027922660406106
Kd2: 0.0
init_obs: [ 0.43667632, -0.49037991,  0.07061795,  0.24031263]
