Kp1: -2.8721440557147564
Ki1: -0.010952141351241453
Kd1: -0.1456907964285889
Kp2: 0.07989106348839371
Ki2: 0.0524847031525707
Kd2: 0.0
init_obs: [ 0.18185428, -0.12282607, -0.02632201, -0.32013991]
