Kp1: -3.0508841935206736
Ki1: -0.009410867997121975
Kd1: -0.13964024533695668
Kp2: 0.08019465574271982
Ki2: 0.0497707197726478
Kd2: 0.0
init_obs: [ 0.42273837, -0.19773487,  0.45654422,  0.37244372]
