Kp1: -2.7880323293804743
Ki1: -0.010772451438134661
Kd1: -0.13780314665742982
Kp2: 0.07404253016101346
Ki2: 0.04648583191320324
Kd2: 0.0
init_obs: [ 0.41843981, -0.15249351,  0.16645476, -0.22289348]
