Kp1: -3.1507794317329063
Ki1: -0.009233930784546145
Kd1: -0.15038115974812397
Kp2: 0.07315155333039874
Ki2: 0.05469081912633953
Kd2: 0.0
init_obs: [ 0.3265222 ,  0.39820171, -0.32314119,  0.06813102]
