Kp1: -3.037718946253727
Ki1: -0.010786546954495048
Kd1: -0.15640937757165393
Kp2: 0.07488603805143687
Ki2: 0.04709567208720714
Kd2: 0.0
init_obs: [ 0.28789304, -0.0107387 , -0.26367488,  0.34308563]
