Kp1: -2.930487258883673
Ki1: -0.009619339285152488
Kd1: -0.15446431249595452
Kp2: 0.08073043790144319
Ki2: 0.05396827231785706
Kd2: 0.0
init_obs: [ 0.28381598, -0.04078829, -0.28593445, -0.37264939]
