Kp1: -3.294975113019661
Ki1: -0.010303439990920796
Kd1: -0.1372565066589859
Kp2: 0.07848929043270618
Ki2: 0.04500539835525672
Kd2: 0.0
init_obs: [ 0.47278321,  0.41172176, -0.49709207,  0.16509021]
