Kp1: -2.7767778360987156
Ki1: -0.009920125206341014
Kd1: -0.14318166181171646
Kp2: 0.08222148234425211
Ki2: 0.045917081934749734
Kd2: 0.0
init_obs: [0.40057191, 0.11526835, 0.33282798, 0.14630274]
