Kp1: -3.239883208651737
Ki1: -0.009282464666203517
Kd1: -0.1602110964492404
Kp2: 0.08013628934528627
Ki2: 0.04721651163777618
Kd2: 0.0
init_obs: [ 0.34952838, -0.08472643,  0.37434454, -0.16209279]
