Kp1: -2.7115826925503326
Ki1: -0.009488153632270324
Kd1: -0.14902309069574485
Kp2: 0.08541648420029524
Ki2: 0.04662341115197084
Kd2: 0.0
init_obs: [ 0.13483296, -0.20413093, -0.25812439,  0.28964061]
