Kp1: -2.9991217266932475
Ki1: -0.010559132642301508
Kd1: -0.14736278698140806
Kp2: 0.08012226614467138
Ki2: 0.048472002050578555
Kd2: 0.0
init_obs: [-0.2698846 ,  0.39613153,  0.36088101, -0.39568458]
