Kp1: -3.088212959533018
Ki1: -0.01073492420533636
Kd1: -0.15390695624329226
Kp2: 0.08518490306288433
Ki2: 0.050883913397490425
Kd2: 0.0
init_obs: [-2.73278381e-01,  4.05462756e-01,  1.92122090e-03,  2.31589140e-04]
