Kp1: -3.20147860072557
Ki1: -0.010737801159013636
Kd1: -0.16284600533156052
Kp2: 0.0805155219401786
Ki2: 0.052973134444005546
Kd2: 0.0
init_obs: [-0.20836006, -0.10520576, -0.2363617 ,  0.18840955]
