Kp1: -2.961552596455592
Ki1: -0.009182719887566462
Kd1: -0.13729829927000145
Kp2: 0.07961574992498804
Ki2: 0.05117766073348508
Kd2: 0.0
init_obs: [ 0.02481301, -0.44685439, -0.39963694,  0.31790224]
