Kp1: -3.0778991900304717
Ki1: -0.009310686998909095
Kd1: -0.16389122077255905
Kp2: 0.07879584718122767
Ki2: 0.04506268579351357
Kd2: 0.0
init_obs: [ 0.0383353 , -0.0649287 , -0.28201228, -0.22714343]
