Kp1: -2.795681436464643
Ki1: -0.010779718005724366
Kd1: -0.13501411183336354
Kp2: 0.08374894850296448
Ki2: 0.04842208051281256
Kd2: 0.0
init_obs: [-0.07823019, -0.28181467,  0.2369261 ,  0.34608694]
