Kp1: -3.1697305832914555
Ki1: -0.009078719782208228
Kd1: -0.15318926147288492
Kp2: 0.07254857006765145
Ki2: 0.04556153407184936
Kd2: 0.0
init_obs: [-0.26700921, -0.21812609, -0.07492312, -0.00709125]
