Kp1: -3.0878364929389517
Ki1: -0.009442145269116386
Kd1: -0.13604337250015947
Kp2: 0.07313756619748607
Ki2: 0.04629094913607625
Kd2: 0.0
init_obs: [ 0.34915824, -0.07738561, -0.18584898,  0.01655752]
