Kp1: -2.7082671996227785
Ki1: -0.010144108251361842
Kd1: -0.1641777879367405
Kp2: 0.08504866723290672
Ki2: 0.04687175091649718
Kd2: 0.0
init_obs: [ 0.15744846,  0.38074281, -0.01530956,  0.48715727]
