Kp1: -3.0979859312598643
Ki1: -0.009690531181596993
Kd1: -0.16454043280951702
Kp2: 0.079107816983654
Ki2: 0.05020599524893783
Kd2: 0.0
init_obs: [-0.43770128,  0.31922672, -0.20245082,  0.30114401]
