Kp1: -2.9976425676434393
Ki1: -0.009371985136148953
Kd1: -0.15294573456768992
Kp2: 0.07680369054664171
Ki2: 0.04903908154744438
Kd2: 0.0
init_obs: [0.23801848, 0.38955439, 0.2692613 , 0.36654236]
