Kp1: -2.9359145209426463
Ki1: -0.0109530607561959
Kd1: -0.15209957156906717
Kp2: 0.07387670725560198
Ki2: 0.05459988277682163
Kd2: 0.0
init_obs: [-0.36152023, -0.20502503,  0.17370334,  0.09940833]
