Kp1: -2.774337387056329
Ki1: -0.01056908288012367
Kd1: -0.15197349777433541
Kp2: 0.07324498640420016
Ki2: 0.05218709896429846
Kd2: 0.0
init_obs: [ 0.34686713, -0.48071268,  0.38492852, -0.057355  ]
