Kp1: -2.8240983459303983
Ki1: -0.010432326057169608
Kd1: -0.1488638941447935
Kp2: 0.07495747344486024
Ki2: 0.051238088262070505
Kd2: 0.0
init_obs: [ 0.38414945, -0.14168853, -0.42988206, -0.42655728]
