Kp1: -2.7579373840890686
Ki1: -0.009856244630315585
Kd1: -0.14516568385649645
Kp2: 0.08388432119288403
Ki2: 0.049702245109628576
Kd2: 0.0
init_obs: [-0.11367708, -0.29924384, -0.15167349, -0.32594233]
