Kp1: -3.1632391599695895
Ki1: -0.010900119555439031
Kd1: -0.1619176740751074
Kp2: 0.07397638501720681
Ki2: 0.052887914110350036
Kd2: 0.0
init_obs: [-0.3738972 , -0.16881629, -0.38336616, -0.07122989]
