Kp1: -2.965649720691527
Ki1: -0.009301116723465192
Kd1: -0.14557511823737443
Kp2: 0.0877611429239092
Ki2: 0.048668711787870494
Kd2: 0.0
init_obs: [-0.3222331 ,  0.42936283,  0.31218528, -0.1476003 ]
