Kp1: -2.9184787025441414
Ki1: -0.009100037330644276
Kd1: -0.14045221626895046
Kp2: 0.08661494125677636
Ki2: 0.05347067354021793
Kd2: 0.0
init_obs: [ 0.14733743, -0.05839581, -0.30181774,  0.43316531]
