Kp1: -2.994728762478701
Ki1: -0.010595448749529479
Kd1: -0.14825831074028475
Kp2: 0.08651249261847038
Ki2: 0.05348703878451938
Kd2: 0.0
init_obs: [ 0.2987747 , -0.18588255,  0.39744662, -0.06841509]
