Kp1: -3.022777480467637
Ki1: -0.009090346180553906
Kd1: -0.13694295796373687
Kp2: 0.08637211673755575
Ki2: 0.049093383175988436
Kd2: 0.0
init_obs: [ 0.28487865, -0.35447619, -0.19799957, -0.22572808]
