Kp1: -3.2925289099360255
Ki1: -0.00987410084476225
Kd1: -0.1608483757276032
Kp2: 0.07215432420110397
Ki2: 0.05347818237533243
Kd2: 0.0
init_obs: [ 0.25455306,  0.252805  , -0.15990188,  0.25404592]
