Kp1: -3.134352133314003
Ki1: -0.010883389644384865
Kd1: -0.14926302253069068
Kp2: 0.07707554541450878
Ki2: 0.04556893797344949
Kd2: 0.0
init_obs: [0.09456346, 0.28141345, 0.20709753, 0.1702123 ]
