Kp1: -3.0544038746109554
Ki1: -0.009300375805312986
Kd1: -0.1607322732386532
Kp2: 0.08238345863713592
Ki2: 0.04598894588864237
Kd2: 0.0
init_obs: [ 0.1527119 , -0.05082966, -0.34995942,  0.13225262]
