Kp1: -2.801141580275755
Ki1: -0.010834740097636575
Kd1: -0.1578691662403931
Kp2: 0.07226436534271063
Ki2: 0.04786519084313509
Kd2: 0.0
init_obs: [ 0.08677722,  0.06016028, -0.25116253,  0.46670949]
