Kp1: -2.9530909386166893
Ki1: -0.010090946896988374
Kd1: -0.14243420574089444
Kp2: 0.07761323194079493
Ki2: 0.052526649620033464
Kd2: 0.0
init_obs: [ 0.08461767, -0.04860523, -0.37938175,  0.15905064]
