Kp1: -3.0509314604461926
Ki1: -0.0094503342884719
Kd1: -0.13630440907209196
Kp2: 0.07302165496233282
Ki2: 0.05045289205403386
Kd2: 0.0
init_obs: [-0.04126557, -0.2420378 , -0.287792  ,  0.4036527 ]
