Kp1: -2.792728028913275
Ki1: -0.010405614806009796
Kd1: -0.15708594595812397
Kp2: 0.07505840821172798
Ki2: 0.052552227425884536
Kd2: 0.0
init_obs: [-0.21802389, -0.38168223, -0.16506346,  0.15244624]
