Kp1: -3.143664857543544
Ki1: -0.010933764574990205
Kd1: -0.14859851672756627
Kp2: 0.07860162869703849
Ki2: 0.04918560036967221
Kd2: 0.0
init_obs: [ 0.0284401 ,  0.39938968,  0.29730039, -0.3520936 ]
