Kp1: -3.283932554612675
Ki1: -0.010463182499998858
Kd1: -0.14804542077262256
Kp2: 0.080551217847763
Ki2: 0.04978574918152821
Kd2: 0.0
init_obs: [-0.34337485, -0.03362838,  0.05659554,  0.06484379]
