Kp1: -2.9256473942507473
Ki1: -0.010531823890066927
Kd1: -0.13873137122460716
Kp2: 0.07470083801273797
Ki2: 0.05023946130274222
Kd2: 0.0
init_obs: [ 0.04199595, -0.16548575,  0.11598773, -0.41206822]
