Kp1: -3.1126761731771184
Ki1: -0.009266210090461927
Kd1: -0.15486345382440253
Kp2: 0.08618832134691096
Ki2: 0.04692410843816916
Kd2: 0.0
init_obs: [ 0.25272286,  0.35628265,  0.389099  , -0.42300976]
