Kp1: -3.0671524073527037
Ki1: -0.010005616933515716
Kd1: -0.15738411610743555
Kp2: 0.07620213736170799
Ki2: 0.048579228586339056
Kd2: 0.0
init_obs: [-0.38469726,  0.02271708, -0.0144442 , -0.47661329]
