Kp1: -2.7796433358228914
Ki1: -0.009705358334880341
Kd1: -0.1519794174134915
Kp2: 0.0721667163555451
Ki2: 0.04992195556515286
Kd2: 0.0
init_obs: [-0.45857019, -0.41602941, -0.0054531 ,  0.34138389]
