Kp1: -3.2259394881418837
Ki1: -0.01093870821245034
Kd1: -0.1568428796238709
Kp2: 0.07462493195279943
Ki2: 0.05452888153083729
Kd2: 0.0
init_obs: [-0.31181833,  0.1827015 , -0.21020737, -0.03010388]
