Kp1: -2.7620836602764705
Ki1: -0.010139836805253082
Kd1: -0.15505628962316823
Kp2: 0.07644452218091854
Ki2: 0.05006191919484734
Kd2: 0.0
init_obs: [ 0.21642047, -0.2849075 ,  0.11645031, -0.23767784]
