Kp1: -2.7130849757896716
Ki1: -0.009998425503429706
Kd1: -0.15416436188288649
Kp2: 0.08092778130316818
Ki2: 0.05001290633414243
Kd2: 0.0
init_obs: [-0.13610232, -0.07849797,  0.0822503 ,  0.36238131]
