Kp1: -2.7960195789302045
Ki1: -0.010027602529793485
Kd1: -0.15776585176625924
Kp2: 0.07398630703172915
Ki2: 0.04693654959345667
Kd2: 0.0
init_obs: [-0.20651728,  0.16564632, -0.09786438,  0.1549254 ]
