Kp1: -2.886336750515735
Ki1: -0.010342406937732702
Kd1: -0.15722676485854714
Kp2: 0.07848767501399252
Ki2: 0.04649132570132142
Kd2: 0.0
init_obs: [-0.22422775, -0.05815801, -0.05261069,  0.02884528]
