Kp1: -3.033011943104702
Ki1: -0.010413177063489905
Kd1: -0.14514459499449817
Kp2: 0.08650659695256586
Ki2: 0.05026309080936686
Kd2: 0.0
init_obs: [ 0.42207407, -0.36235335,  0.22285196,  0.47286449]
