Kp1: -2.753652596550549
Ki1: -0.010007365312118181
Kd1: -0.1512180952704614
Kp2: 0.07998621873134615
Ki2: 0.05091974626213556
Kd2: 0.0
init_obs: [-0.08614423,  0.07853892,  0.44462254,  0.19205492]
