Kp1: -2.790495399321437
Ki1: -0.009872855263535842
Kd1: -0.139666092652996
Kp2: 0.08607240102981271
Ki2: 0.054847122972306865
Kd2: 0.0
init_obs: [-0.21173426, -0.42298419,  0.08521061,  0.38201993]
