Kp1: -3.1591667023566483
Ki1: -0.010341660826131343
Kd1: -0.13520526062677835
Kp2: 0.08482437075506935
Ki2: 0.049839712053057636
Kd2: 0.0
init_obs: [ 0.29858999, -0.05392962, -0.44612299,  0.40408114]
