Kp1: -2.861577979245327
Ki1: -0.010757252504144192
Kd1: -0.15476842291762044
Kp2: 0.07458046572341695
Ki2: 0.04601231426985932
Kd2: 0.0
init_obs: [-0.39205578,  0.16054753, -0.19938856,  0.14703403]
