Kp1: -2.764379000324628
Ki1: -0.010328267296058145
Kd1: -0.1384025817926973
Kp2: 0.08065733872635293
Ki2: 0.051417858238941454
Kd2: 0.0
init_obs: [ 0.22041181, -0.42363834,  0.20910185,  0.17045183]
