Kp1: -2.8191856157843995
Ki1: -0.010039817824861484
Kd1: -0.15612914359481747
Kp2: 0.07928144697685068
Ki2: 0.04860248954685028
Kd2: 0.0
init_obs: [-0.34104199,  0.02181118,  0.36275816,  0.46487652]
