Kp1: -2.9301295679738697
Ki1: -0.010128483785720647
Kd1: -0.15583114521249802
Kp2: 0.0813933912630085
Ki2: 0.04594102038856521
Kd2: 0.0
init_obs: [ 0.17259439,  0.36655526,  0.25638957, -0.05191879]
