Kp1: -3.1048383680575236
Ki1: -0.00906665610972037
Kd1: -0.14935209933609392
Kp2: 0.08712958570611906
Ki2: 0.05417190534783694
Kd2: 0.0
init_obs: [-0.04453409, -0.23463982, -0.06030337,  0.15975483]
