Kp1: -2.8157552142497444
Ki1: -0.010773473670313323
Kd1: -0.14844030700903352
Kp2: 0.07483739848974433
Ki2: 0.049223738010910796
Kd2: 0.0
init_obs: [ 0.47417423,  0.27023865,  0.03173409, -0.12330461]
