Kp1: -3.149987823899894
Ki1: -0.010257089076293604
Kd1: -0.15284080366628383
Kp2: 0.08737998902824737
Ki2: 0.0477657554298962
Kd2: 0.0
init_obs: [-0.3353799 , -0.45874424,  0.24404705,  0.31478938]
