Kp1: -2.703277995833192
Ki1: -0.0105407875602969
Kd1: -0.1363154226435327
Kp2: 0.07363660058632814
Ki2: 0.047848129986595066
Kd2: 0.0
init_obs: [ 0.15997828,  0.1043239 , -0.13307703, -0.25359624]
