Kp1: -2.729562958318938
Ki1: -0.010641908434964906
Kd1: -0.13820560791756042
Kp2: 0.08788078474707615
Ki2: 0.04694214738279011
Kd2: 0.0
init_obs: [-0.18011108, -0.16898263, -0.05917405,  0.30690747]
