Kp1: -2.8666198895940402
Ki1: -0.009598611729945403
Kd1: -0.15800317445920148
Kp2: 0.07529077942951892
Ki2: 0.05128904452974429
Kd2: 0.0
init_obs: [ 0.34887628,  0.13071596,  0.23013788, -0.21292313]
