Kp1: -2.9124168049701855
Ki1: -0.010499677637225743
Kd1: -0.15295017838747932
Kp2: 0.08571311520221064
Ki2: 0.050805532586795814
Kd2: 0.0
init_obs: [-0.33933062,  0.11678567, -0.34410865, -0.48549231]
