Kp1: -3.001187991877761
Ki1: -0.009665329089065765
Kd1: -0.1515745091163309
Kp2: 0.08692039066773015
Ki2: 0.04987733773374828
Kd2: 0.0
init_obs: [-0.39101506, -0.25802965,  0.19492941, -0.38227007]
