Kp1: -2.839874541059329
Ki1: -0.009623756273210821
Kd1: -0.1556644379418385
Kp2: 0.07593983913210184
Ki2: 0.04552675569831472
Kd2: 0.0
init_obs: [ 0.08599687,  0.3029218 , -0.02381431,  0.40789075]
