Kp1: -3.1672137729477434
Ki1: -0.010732492910578751
Kd1: -0.14524956847070178
Kp2: 0.07928513738635304
Ki2: 0.05370137684273904
Kd2: 0.0
init_obs: [-0.11797697, -0.48901676,  0.48641878, -0.06172783]
