Kp1: -2.8855531153899965
Ki1: -0.009976147364438514
Kd1: -0.14456479446683757
Kp2: 0.07666935477935517
Ki2: 0.04549172702390873
Kd2: 0.0
init_obs: [ 0.04413001, -0.48165323,  0.09646071,  0.48207004]
