Kp1: -2.841912055720697
Ki1: -0.009213112971964631
Kd1: -0.15026765329694394
Kp2: 0.08438062944195948
Ki2: 0.045006112643042384
Kd2: 0.0
init_obs: [-0.09192521, -0.07817121,  0.36940002, -0.31079448]
