Kp1: -3.197991131027944
Ki1: -0.00987574264924055
Kd1: -0.14224576852670195
Kp2: 0.08186690979175439
Ki2: 0.053412380159227446
Kd2: 0.0
init_obs: [-0.09442553, -0.27423938,  0.07269834,  0.38020893]
