Kp1: -2.9572120088438743
Ki1: -0.010413669072343151
Kd1: -0.13841241829267784
Kp2: 0.07597551662766798
Ki2: 0.05042687733163908
Kd2: 0.0
init_obs: [-0.39611556,  0.2536206 , -0.03914278, -0.26584888]
