Kp1: -3.106767708254064
Ki1: -0.009705983249580904
Kd1: -0.16127114477432608
Kp2: 0.07375221761839293
Ki2: 0.05360890537260015
Kd2: 0.0
init_obs: [-0.1739459 ,  0.24033013,  0.00348612,  0.3341134 ]
