Kp1: -3.299891276052563
Ki1: -0.009090475832457248
Kd1: -0.1437404553674773
Kp2: 0.07510558605068747
Ki2: 0.05208313938089837
Kd2: 0.0
init_obs: [-0.48089086, -0.19992685, -0.45687662,  0.17749375]
