Kp1: -3.075244402370019
Ki1: -0.010917085305111977
Kd1: -0.15827968961648956
Kp2: 0.0804748439532248
Ki2: 0.045295932728567405
Kd2: 0.0
init_obs: [-0.02661687,  0.091846  ,  0.18597385,  0.37190163]
