Kp1: -2.9094543428610136
Ki1: -0.010017221415067808
Kd1: -0.15667207401183916
Kp2: 0.07594238745056267
Ki2: 0.046505464231550435
Kd2: 0.0
init_obs: [ 0.45583671,  0.16125742,  0.44371222, -0.18750125]
