Kp1: -2.7967562500521694
Ki1: -0.010229814911018603
Kd1: -0.14004985365233102
Kp2: 0.07369569345687707
Ki2: 0.05495426510986495
Kd2: 0.0
init_obs: [-0.3220511 , -0.37677298,  0.34561757, -0.08961486]
