Kp1: -2.9497293057291305
Ki1: -0.009511872485390194
Kd1: -0.14312168369141148
Kp2: 0.07791395743111183
Ki2: 0.048997570757879076
Kd2: 0.0
init_obs: [-0.39307402,  0.08006901,  0.32261748,  0.29780036]
