Kp1: -3.230751985843705
Ki1: -0.010817385800090012
Kd1: -0.14148083364669278
Kp2: 0.08392491405039168
Ki2: 0.052747336534694246
Kd2: 0.0
init_obs: [ 0.17901488, -0.43910577,  0.3063171 , -0.26893556]
