Kp1: -2.793011498881472
Ki1: -0.009816041001392342
Kd1: -0.16434586337472823
Kp2: 0.07529861643549284
Ki2: 0.05434134236437063
Kd2: 0.0
init_obs: [ 0.01779819, -0.21623319, -0.44323681, -0.19775358]
