Kp1: -3.1321651776407453
Ki1: -0.010413104689273202
Kd1: -0.14625962629583264
Kp2: 0.07715003832225772
Ki2: 0.053501319439818076
Kd2: 0.0
init_obs: [-0.29763792, -0.06026066,  0.1658976 ,  0.30371865]
