Kp1: -3.1550977983992583
Ki1: -0.010920531096576043
Kd1: -0.15772060921671022
Kp2: 0.0752600096918863
Ki2: 0.047884158581971495
Kd2: 0.0
init_obs: [-0.14462324, -0.21385468, -0.14371424, -0.17845817]
