Kp1: -3.0090219184690694
Ki1: -0.00967467927905083
Kd1: -0.14696263846289828
Kp2: 0.08724450204891308
Ki2: 0.04504302787627231
Kd2: 0.0
init_obs: [0.33587771, 0.25241203, 0.3045682 , 0.03909294]
