Kp1: -2.912099558918561
Ki1: -0.009030376409083045
Kd1: -0.14271357438463028
Kp2: 0.0838566047695985
Ki2: 0.04822510676476057
Kd2: 0.0
init_obs: [-0.10719688, -0.36507015, -0.16642524, -0.26571428]
