Kp1: -2.9352554822790724
Ki1: -0.009862456457731358
Kd1: -0.1640157964541452
Kp2: 0.07229897941601038
Ki2: 0.050250366224173185
Kd2: 0.0
init_obs: [ 0.19859058,  0.41845124,  0.03771916, -0.33761756]
