Kp1: -2.8555375906236735
Ki1: -0.009883038396281296
Kd1: -0.1379933301402102
Kp2: 0.08521624766090133
Ki2: 0.051688870492776595
Kd2: 0.0
init_obs: [-0.48681915,  0.10303659,  0.3957675 ,  0.1052219 ]
