Kp1: -3.0847091916075673
Ki1: -0.009399880305725458
Kd1: -0.1444296998268395
Kp2: 0.0785853664510916
Ki2: 0.05322603665256769
Kd2: 0.0
init_obs: [-0.11371393,  0.2350989 , -0.01282384, -0.07149782]
