Kp1: -2.9192794438068495
Ki1: -0.010539711626024224
Kd1: -0.1409845091410816
Kp2: 0.08683582901109292
Ki2: 0.050316515148230205
Kd2: 0.0
init_obs: [ 0.10007251,  0.38112007,  0.0037653 , -0.30369251]
