Kp1: -2.898359842160703
Ki1: -0.010185319005789888
Kd1: -0.1386131363877267
Kp2: 0.0754106644515034
Ki2: 0.04580089956858764
Kd2: 0.0
init_obs: [ 0.20502593,  0.13934324, -0.18847437, -0.08974008]
