Kp1: -3.0118414970227336
Ki1: -0.010213562277062693
Kd1: -0.1386445061513126
Kp2: 0.08260223380711042
Ki2: 0.05063046440804125
Kd2: 0.0
init_obs: [ 0.21525669,  0.20299467, -0.09027151, -0.01192701]
