Kp1: -3.0033498069334126
Ki1: -0.010568423918312864
Kd1: -0.14038305804453816
Kp2: 0.08009491960128921
Ki2: 0.04559326367950344
Kd2: 0.0
init_obs: [-0.05937001,  0.02665787, -0.45909079,  0.47118097]
