Kp1: -3.210521165399617
Ki1: -0.009195348223613644
Kd1: -0.1624136456974068
Kp2: 0.08144775226417343
Ki2: 0.048466632853081226
Kd2: 0.0
init_obs: [-0.37602198, -0.28136379, -0.03813257,  0.02888557]
