Kp1: -3.059718652910563
Ki1: -0.009771846467084531
Kd1: -0.14038649051778557
Kp2: 0.07910724032502384
Ki2: 0.049889860043655865
Kd2: 0.0
init_obs: [-0.21400505, -0.05280176,  0.24757982,  0.42893131]
