Kp1: -2.701496533224802
Ki1: -0.009928229779650641
Kd1: -0.13737437983457854
Kp2: 0.08787366750813017
Ki2: 0.048469858491064256
Kd2: 0.0
init_obs: [ 0.21511641, -0.37259912,  0.01027808,  0.4570279 ]
