Kp1: -3.1322709225941137
Ki1: -0.009421750587315206
Kd1: -0.1554299277912882
Kp2: 0.07493776241601323
Ki2: 0.053439742552053665
Kd2: 0.0
init_obs: [-0.27572104,  0.36911561, -0.42079605, -0.14758068]
