Kp1: -2.836095881223625
Ki1: -0.010671202234261766
Kd1: -0.15240885369627538
Kp2: 0.07729543260632087
Ki2: 0.04533108987389587
Kd2: 0.0
init_obs: [-0.2704895 ,  0.30736644,  0.38037897, -0.34579445]
