Kp1: -3.124096646604062
Ki1: -0.009259356757344546
Kd1: -0.1591551977889227
Kp2: 0.07652732120889576
Ki2: 0.049804095738941095
Kd2: 0.0
init_obs: [-0.01089239,  0.27256559, -0.30137627,  0.01648482]
