Kp1: -3.2074015727970657
Ki1: -0.009587134728658237
Kd1: -0.15256006400768243
Kp2: 0.0788926901846637
Ki2: 0.04957399509447496
Kd2: 0.0
init_obs: [-0.48422007,  0.3038741 ,  0.44395623, -0.05429239]
