Kp1: -2.7378572477936
Ki1: -0.010856101015899676
Kd1: -0.14003909890691973
Kp2: 0.08308002294374628
Ki2: 0.05207962449819677
Kd2: 0.0
init_obs: [-0.31447053,  0.03417174, -0.35159241,  0.25839243]
