Kp1: -2.879749962519443
Ki1: -0.00988977858278494
Kd1: -0.15925216021665903
Kp2: 0.08493562349033953
Ki2: 0.051645674633640996
Kd2: 0.0
init_obs: [ 0.49388562,  0.40308105,  0.26472072, -0.28862541]
