Kp1: -2.7524916051540167
Ki1: -0.010464755541157826
Kd1: -0.14564590452022866
Kp2: 0.07542576355176549
Ki2: 0.05413094202733825
Kd2: 0.0
init_obs: [ 0.12270666, -0.15140403,  0.14359771,  0.07262412]
