Kp1: -2.7867559488687617
Ki1: -0.00937873754135272
Kd1: -0.1496784373510881
Kp2: 0.08608421718968719
Ki2: 0.048515528507872795
Kd2: 0.0
init_obs: [-0.28891414,  0.40228801,  0.33619747,  0.19794755]
