Kp1: -3.2847509068239287
Ki1: -0.009208580865617662
Kd1: -0.15458260159003892
Kp2: 0.08790151414563162
Ki2: 0.05306829157588453
Kd2: 0.0
init_obs: [ 0.33573141, -0.3665775 , -0.46073067, -0.05904766]
