Kp1: -3.2123476841167737
Ki1: -0.01048826181482792
Kd1: -0.1569693154322215
Kp2: 0.08713267782461259
Ki2: 0.050488177711351404
Kd2: 0.0
init_obs: [-0.46265296, -0.3657103 ,  0.21164638,  0.31889029]
