Kp1: -2.793917998036722
Ki1: -0.010505000532395843
Kd1: -0.14132734699103341
Kp2: 0.07896839703649602
Ki2: 0.05299917367227916
Kd2: 0.0
init_obs: [-0.18067923, -0.4146616 , -0.30205387, -0.24243505]
