Kp1: -3.274477639677309
Ki1: -0.010247837729286498
Kd1: -0.1565179995852959
Kp2: 0.08452555037374732
Ki2: 0.05308101554556575
Kd2: 0.0
init_obs: [-0.24789661,  0.49079215,  0.21947864, -0.20430454]
