Kp1: -2.7117299514488247
Ki1: -0.010284334548194381
Kd1: -0.1601750559866792
Kp2: 0.07495139060020553
Ki2: 0.05235462285176004
Kd2: 0.0
init_obs: [ 0.07654286, -0.21239699,  0.1082679 ,  0.31413435]
