Kp1: -3.0154834444123573
Ki1: -0.010359979460163227
Kd1: -0.16064650549539675
Kp2: 0.08563345265947019
Ki2: 0.05152007937158736
Kd2: 0.0
init_obs: [ 0.27453513, -0.2178647 ,  0.30134635, -0.2912839 ]
