Kp1: -2.8699852999043833
Ki1: -0.009229479553228533
Kd1: -0.16415891709395647
Kp2: 0.07790615910742378
Ki2: 0.052840379557939125
Kd2: 0.0
init_obs: [-0.39661796,  0.30380167, -0.37673809, -0.32355443]
