Kp1: -2.7476666747237717
Ki1: -0.010359610761571032
Kd1: -0.14399053124212377
Kp2: 0.0829573521247719
Ki2: 0.05451975843802377
Kd2: 0.0
init_obs: [-0.07773571, -0.16012382,  0.39830506, -0.15282667]
