Kp1: -3.0376003909460945
Ki1: -0.009338421947530826
Kd1: -0.16079495349671727
Kp2: 0.08083221062365585
Ki2: 0.052219540103030364
Kd2: 0.0
init_obs: [-0.0043518 , -0.34578917, -0.00727911,  0.39282869]
