Kp1: -3.0036437670197103
Ki1: -0.009311844827400452
Kd1: -0.1535985264321967
Kp2: 0.07360807293940493
Ki2: 0.054084160473783664
Kd2: 0.0
init_obs: [ 0.32145034, -0.12817624, -0.06575226,  0.27226004]
