Kp1: -2.843470497955976
Ki1: -0.009232407551553324
Kd1: -0.15009338949723247
Kp2: 0.07939158366242398
Ki2: 0.04902074028106762
Kd2: 0.0
init_obs: [-0.26825854, -0.39607216,  0.29831584, -0.20552186]
