Kp1: -2.722640234310043
Ki1: -0.00960989850818681
Kd1: -0.13781282741998155
Kp2: 0.07270216892136025
Ki2: 0.05498924811406808
Kd2: 0.0
init_obs: [ 0.05674076, -0.48669051, -0.19504322, -0.35181266]
