Kp1: -2.724444306006204
Ki1: -0.01093830257437525
Kd1: -0.14579936373328467
Kp2: 0.08246569037525626
Ki2: 0.053154329068334054
Kd2: 0.0
init_obs: [0.2836008 , 0.1218908 , 0.3233927 , 0.45547281]
