Kp1: -3.1425912255116777
Ki1: -0.009363945707758147
Kd1: -0.15975098649017944
Kp2: 0.0800978006789622
Ki2: 0.04928580134567166
Kd2: 0.0
init_obs: [ 0.02822233,  0.38161131, -0.04430219, -0.39426807]
