Kp1: -3.136074638698395
Ki1: -0.009276947186821831
Kd1: -0.13682434875375438
Kp2: 0.08317242090560756
Ki2: 0.04635189775256636
Kd2: 0.0
init_obs: [ 0.02211447, -0.17893804, -0.46852279,  0.4964433 ]
