Kp1: -2.705189832989382
Ki1: -0.0093225447370832
Kd1: -0.150634331583348
Kp2: 0.08137651210542941
Ki2: 0.052510771699355696
Kd2: 0.0
init_obs: [ 0.34288389, -0.3372357 ,  0.2960256 , -0.41891489]
