Kp1: -2.804367897407069
Ki1: -0.009508236716393937
Kd1: -0.13685605640501666
Kp2: 0.08302452517568687
Ki2: 0.05240820038155136
Kd2: 0.0
init_obs: [ 0.35439521, -0.37678634,  0.28758658, -0.11121022]
