Kp1: -3.065540703610222
Ki1: -0.0098678809029359
Kd1: -0.15453287953261133
Kp2: 0.07713220012000753
Ki2: 0.049779535974845524
Kd2: 0.0
init_obs: [-0.16170856, -0.10169694,  0.37268367, -0.30456422]
