Kp1: -2.716400827606326
Ki1: -0.010493961576233514
Kd1: -0.15035872869787983
Kp2: 0.08346375050523484
Ki2: 0.045718591767659564
Kd2: 0.0
init_obs: [ 0.15191785,  0.01008414, -0.33115137,  0.33994128]
