Kp1: -3.142780391074493
Ki1: -0.01007298526730365
Kd1: -0.15323063798760828
Kp2: 0.08411242192937063
Ki2: 0.05265777950163212
Kd2: 0.0
init_obs: [-0.35919229,  0.38317606, -0.44839725,  0.0559167 ]
