Kp1: -3.160136444668921
Ki1: -0.010562697415542496
Kd1: -0.14240008834872678
Kp2: 0.07526899333655615
Ki2: 0.05308278498649362
Kd2: 0.0
init_obs: [ 0.01925833, -0.20638068,  0.30489473, -0.37124304]
