Kp1: -2.825071365364434
Ki1: -0.009430674280892896
Kd1: -0.1627348892220027
Kp2: 0.07397448464790933
Ki2: 0.05361932699172394
Kd2: 0.0
init_obs: [ 0.37034026, -0.4745276 , -0.42971854,  0.22748801]
