Kp1: -2.771608137366872
Ki1: -0.009388148397169376
Kd1: -0.1419824172825171
Kp2: 0.07211432214728238
Ki2: 0.04937102993699716
Kd2: 0.0
init_obs: [ 0.01880591,  0.03922272, -0.04501445,  0.01810682]
