Kp1: -2.796683959538568
Ki1: -0.010930475011757743
Kd1: -0.1353676360374581
Kp2: 0.08535550897011131
Ki2: 0.049097175173438735
Kd2: 0.0
init_obs: [-0.21337884,  0.30895974,  0.46370167, -0.47053303]
