Kp1: -3.0906695706244927
Ki1: -0.009994352803756587
Kd1: -0.1449290856324991
Kp2: 0.07777994397606422
Ki2: 0.05289525654783031
Kd2: 0.0
init_obs: [-0.3808099 ,  0.42643714, -0.20457796,  0.23584572]
