Kp1: -3.030545376873005
Ki1: -0.009545236316528954
Kd1: -0.13606909614959992
Kp2: 0.08630233470181295
Ki2: 0.05180479312253688
Kd2: 0.0
init_obs: [-0.01988713, -0.4207979 ,  0.37021197,  0.08868337]
