Kp1: -2.971040640857352
Ki1: -0.00983770306997984
Kd1: -0.1394703715961736
Kp2: 0.0782666776268635
Ki2: 0.05300124592822748
Kd2: 0.0
init_obs: [-0.03313593, -0.31682708,  0.37161196, -0.21726968]
