Kp1: -2.9158389464965038
Ki1: -0.010202317516845074
Kd1: -0.15167113095327503
Kp2: 0.07950691053030401
Ki2: 0.05365634094000759
Kd2: 0.0
init_obs: [-0.36518277,  0.02267002,  0.49265119,  0.37833707]
