Kp1: -2.762733299847287
Ki1: -0.010483429370011193
Kd1: -0.13969409373331018
Kp2: 0.08124424165824012
Ki2: 0.04641939789071935
Kd2: 0.0
init_obs: [-0.33447651, -0.3396961 ,  0.46258974,  0.28788684]
