Kp1: -2.709688508233059
Ki1: -0.010507035964092729
Kd1: -0.14255612073107068
Kp2: 0.08510458504686112
Ki2: 0.04586495789470876
Kd2: 0.0
init_obs: [-0.38184695,  0.10864727,  0.28963397,  0.44535569]
