Kp1: -2.8455976033642725
Ki1: -0.00952519655376351
Kd1: -0.15354482511284817
Kp2: 0.08192923956663953
Ki2: 0.04939297191330795
Kd2: 0.0
init_obs: [-0.03882324, -0.45325098, -0.21118774, -0.49555558]
