Kp1: -2.8012079485383756
Ki1: -0.009771331596165167
Kd1: -0.1641388469066731
Kp2: 0.08493481609709766
Ki2: 0.05108051042404202
Kd2: 0.0
init_obs: [ 0.25756621, -0.37819626,  0.03379793,  0.46833122]
