Kp1: -3.1543724906737913
Ki1: -0.010203634166644809
Kd1: -0.1426874915610843
Kp2: 0.0730723932731181
Ki2: 0.05190293141516468
Kd2: 0.0
init_obs: [ 0.19617022,  0.27482584,  0.40629279, -0.40605125]
