Kp1: -3.1424058805880986
Ki1: -0.010035428110989005
Kd1: -0.1564681596789535
Kp2: 0.07855147875036098
Ki2: 0.05260753178188443
Kd2: 0.0
init_obs: [-0.47320554, -0.47012608, -0.06540222, -0.33008032]
