Kp1: -3.0022477752379055
Ki1: -0.009464474540827853
Kd1: -0.15177517500589502
Kp2: 0.07724926725059764
Ki2: 0.05146900659860934
Kd2: 0.0
init_obs: [ 0.48761424, -0.25870473,  0.22805494,  0.33317021]
