Kp1: -2.975492122007864
Ki1: -0.009742801763713315
Kd1: -0.15547630982867922
Kp2: 0.07433526342400999
Ki2: 0.05345618989099195
Kd2: 0.0
init_obs: [-0.30817959,  0.04147087, -0.16113801,  0.35680104]
