Kp1: -3.2679174661180426
Ki1: -0.010113630098756004
Kd1: -0.15165134869484723
Kp2: 0.07612023259851994
Ki2: 0.05079746473689178
Kd2: 0.0
init_obs: [-0.10095153,  0.4048215 , -0.03845035, -0.01105504]
