Kp1: -2.7411079250670802
Ki1: -0.00946096302547114
Kd1: -0.13745828426159534
Kp2: 0.08043967644549728
Ki2: 0.051951476281942716
Kd2: 0.0
init_obs: [-0.32992608,  0.04464724, -0.13289946,  0.04186444]
