Kp1: -2.8280852939315566
Ki1: -0.009739142212112176
Kd1: -0.14673474979969692
Kp2: 0.08545772478460323
Ki2: 0.04721225186237904
Kd2: 0.0
init_obs: [-0.02603196, -0.17832595,  0.33670987, -0.17253317]
