Kp1: -3.064409382741279
Ki1: -0.009611533681705545
Kd1: -0.16062490499341933
Kp2: 0.08704796881159454
Ki2: 0.0459726639233037
Kd2: 0.0
init_obs: [ 0.47887684, -0.08790829, -0.18493844, -0.46007399]
