Kp1: -2.7444744851236873
Ki1: -0.009135198532289559
Kd1: -0.1449478088465875
Kp2: 0.08228288661024888
Ki2: 0.05144204431320877
Kd2: 0.0
init_obs: [ 0.42848967, -0.2205931 , -0.38210462,  0.45323784]
