Kp1: -3.0360479557809787
Ki1: -0.010356194674799615
Kd1: -0.1563062013180096
Kp2: 0.07918690714182434
Ki2: 0.047362941640872624
Kd2: 0.0
init_obs: [-0.06630785,  0.22904395,  0.44877456,  0.39159087]
