Kp1: -3.187306320752832
Ki1: -0.010422681663454057
Kd1: -0.14810646869427951
Kp2: 0.085257527428675
Ki2: 0.05093160942918084
Kd2: 0.0
init_obs: [-0.07402168, -0.13390921, -0.38639363,  0.16064037]
