Kp1: -3.283055067984196
Ki1: -0.00924285698025498
Kd1: -0.15149659961232742
Kp2: 0.08584172702014269
Ki2: 0.047649122886306725
Kd2: 0.0
init_obs: [-0.13899665,  0.43377118, -0.00509959,  0.17156597]
