Kp1: -2.727582596557859
Ki1: -0.010816803346073383
Kd1: -0.1522639735655792
Kp2: 0.07689838311123708
Ki2: 0.05069884065334712
Kd2: 0.0
init_obs: [ 0.1415146 ,  0.44175119, -0.20605281,  0.46157929]
