Kp1: -3.1476440819172655
Ki1: -0.0108007102770341
Kd1: -0.16476036090836207
Kp2: 0.07921058123229668
Ki2: 0.0509532745122244
Kd2: 0.0
init_obs: [-0.24233331, -0.19414131, -0.18142047,  0.47791761]
