Kp1: -2.8143561764877285
Ki1: -0.009421012462893227
Kd1: -0.16498312639576365
Kp2: 0.07944916642785
Ki2: 0.051031032473272245
Kd2: 0.0
init_obs: [-0.10305281,  0.05171953,  0.21947358, -0.23891846]
