Kp1: -2.814104923910607
Ki1: -0.010642825661917914
Kd1: -0.16202770134967498
Kp2: 0.07550092949593658
Ki2: 0.054183334742636036
Kd2: 0.0
init_obs: [ 0.29115392,  0.10706985,  0.11281572, -0.16344408]
