Kp1: -3.1287113491788467
Ki1: -0.01058112227633059
Kd1: -0.1602232264889719
Kp2: 0.08202788713061814
Ki2: 0.04974144275036223
Kd2: 0.0
init_obs: [-0.14606886,  0.42492024,  0.06290981, -0.3811413 ]
