Kp1: -2.8013889315919753
Ki1: -0.00901452695378933
Kd1: -0.13556399343790865
Kp2: 0.07451922532802314
Ki2: 0.048040535143517867
Kd2: 0.0
init_obs: [-0.37204266,  0.11564237,  0.14714704,  0.23979624]
