Kp1: -3.0078229571371393
Ki1: -0.010541670738462907
Kd1: -0.1509514162331953
Kp2: 0.07216620187809877
Ki2: 0.0512005224528021
Kd2: 0.0
init_obs: [ 0.31738354, -0.35907251, -0.02695807, -0.22252115]
