Kp1: -2.7511413989321194
Ki1: -0.010864102118606653
Kd1: -0.1597637240610104
Kp2: 0.07381878081974201
Ki2: 0.05061032032470056
Kd2: 0.0
init_obs: [-0.00631841,  0.11562263,  0.03170998,  0.18927997]
