Kp1: -2.8163136023695703
Ki1: -0.009189640285545496
Kd1: -0.1613662403491542
Kp2: 0.07876626820210711
Ki2: 0.052169063545881134
Kd2: 0.0
init_obs: [ 0.25062426, -0.25504906,  0.21908293, -0.43046013]
