Kp1: -3.2737577397428548
Ki1: -0.009707595418296099
Kd1: -0.14053999999321543
Kp2: 0.0731291787901401
Ki2: 0.05305654606401288
Kd2: 0.0
init_obs: [-0.32284499,  0.31091591, -0.33257553, -0.19518964]
