Kp1: -3.213889078013726
Ki1: -0.010130851433177449
Kd1: -0.150420534147655
Kp2: 0.07471305335876129
Ki2: 0.054767364139701895
Kd2: 0.0
init_obs: [-0.2897997 , -0.05255959,  0.28504069,  0.08174076]
