Kp1: -3.1384338733173154
Ki1: -0.009628044649454248
Kd1: -0.14412627667315808
Kp2: 0.0840652315846505
Ki2: 0.05065134437330915
Kd2: 0.0
init_obs: [ 0.35589812,  0.16547789, -0.06100257,  0.3457419 ]
