Kp1: -3.0697629210596666
Ki1: -0.010768659266557646
Kd1: -0.15990811995532986
Kp2: 0.08277708046378489
Ki2: 0.053505322136349946
Kd2: 0.0
init_obs: [0.47194954, 0.29757049, 0.27990793, 0.00818236]
