Kp1: -3.251839275927897
Ki1: -0.010368672353627125
Kd1: -0.1413805816848666
Kp2: 0.0869220382010243
Ki2: 0.0529799218327366
Kd2: 0.0
init_obs: [ 0.31331659,  0.00240512,  0.00776003, -0.31813985]
