Kp1: -2.713378304705536
Ki1: -0.010055285587316892
Kd1: -0.14130718453460758
Kp2: 0.08712291289856251
Ki2: 0.054192748246805936
Kd2: 0.0
init_obs: [ 0.42083279, -0.24251181, -0.10666097,  0.34807876]
