Kp1: -2.723582417420743
Ki1: -0.009093257617778197
Kd1: -0.14893512484507665
Kp2: 0.07472402272997798
Ki2: 0.04741860189058954
Kd2: 0.0
init_obs: [ 0.00923075, -0.26706779,  0.37001622,  0.11782283]
