Kp1: -3.0067628271712046
Ki1: -0.009252226434597262
Kd1: -0.15010040233279942
Kp2: 0.08223738351957509
Ki2: 0.04754838287158234
Kd2: 0.0
init_obs: [-0.45166177,  0.28305538,  0.11767495,  0.27221606]
