Kp1: -3.182036143863476
Ki1: -0.009892247146297726
Kd1: -0.13619809868934696
Kp2: 0.08089209861834566
Ki2: 0.04541486268290071
Kd2: 0.0
init_obs: [-0.40484165, -0.27003916,  0.16578275, -0.35524639]
