Kp1: -3.2527785462295866
Ki1: -0.00939933834715081
Kd1: -0.16210192309237634
Kp2: 0.08526615808990373
Ki2: 0.05120023413559549
Kd2: 0.0
init_obs: [-0.06938623, -0.38705261, -0.19182174,  0.05378129]
