Kp1: -2.8872316399092632
Ki1: -0.0090537913457266
Kd1: -0.14356917196926905
Kp2: 0.07770106966990592
Ki2: 0.053966092260866044
Kd2: 0.0
init_obs: [-0.39045244, -0.3154901 , -0.45238634,  0.15165046]
