Kp1: -3.0129196821743416
Ki1: -0.010150818241747388
Kd1: -0.15812457457504486
Kp2: 0.0794329904068544
Ki2: 0.04840652695042647
Kd2: 0.0
init_obs: [ 0.19714045,  0.28098963, -0.39669102, -0.09453182]
