Kp1: -3.2722962808359086
Ki1: -0.010709411190049837
Kd1: -0.16082381078085195
Kp2: 0.0774783872349
Ki2: 0.045702860618824816
Kd2: 0.0
init_obs: [-0.31238883, -0.28902753,  0.37857482, -0.22398321]
