Kp1: -2.967838703219723
Ki1: -0.010522162412081157
Kd1: -0.14824922900031826
Kp2: 0.07683469717194746
Ki2: 0.04667459584154078
Kd2: 0.0
init_obs: [ 0.36299019, -0.11317125, -0.36111579,  0.13472379]
