Kp1: -3.2571427039440226
Ki1: -0.009794285866876406
Kd1: -0.1578602258815492
Kp2: 0.07609502808828775
Ki2: 0.05347772447928652
Kd2: 0.0
init_obs: [-0.46251023,  0.22843496, -0.01237943, -0.24039894]
