Kp1: -3.172004692249703
Ki1: -0.009529368589147175
Kd1: -0.1528337522037056
Kp2: 0.08671270927860279
Ki2: 0.0496367484011298
Kd2: 0.0
init_obs: [-0.04948175,  0.27379464, -0.05671897, -0.48639026]
