Kp1: -2.702381684322254
Ki1: -0.009287247144097866
Kd1: -0.16485805314240673
Kp2: 0.07787382527045127
Ki2: 0.04895057916981373
Kd2: 0.0
init_obs: [-0.44286866,  0.28763472, -0.48333507,  0.11033028]
