Kp1: -3.207809654978895
Ki1: -0.009383709055938324
Kd1: -0.15999715388135546
Kp2: 0.0728912735866387
Ki2: 0.04853282595517517
Kd2: 0.0
init_obs: [ 0.01449981, -0.09791196, -0.22562598,  0.39056886]
