Kp1: -3.095239430431813
Ki1: -0.009191351858951534
Kd1: -0.14895741252171765
Kp2: 0.0863093265656938
Ki2: 0.04960266887968293
Kd2: 0.0
init_obs: [ 0.49189748, -0.38104234,  0.27359792, -0.15231519]
