Kp1: -2.78932716498032
Ki1: -0.010412314281066641
Kd1: -0.14858638634364432
Kp2: 0.0803037936532492
Ki2: 0.04973404618281543
Kd2: 0.0
init_obs: [-0.00125684, -0.03541845,  0.49913692,  0.17241086]
