Kp1: -3.0129567354971583
Ki1: -0.010012385619014002
Kd1: -0.14393696073812765
Kp2: 0.07909714464519876
Ki2: 0.047113930852691305
Kd2: 0.0
init_obs: [-0.22859179,  0.13589643,  0.37964545, -0.29884579]
