Kp1: -2.8765594162357537
Ki1: -0.010007185475930845
Kd1: -0.1457002081728356
Kp2: 0.07478274865024034
Ki2: 0.05115089264402565
Kd2: 0.0
init_obs: [ 0.23578406, -0.13538598,  0.1992581 ,  0.35735752]
