Kp1: -3.14234832228525
Ki1: -0.009480709970747866
Kd1: -0.15615073604722737
Kp2: 0.0759207314403211
Ki2: 0.0538658742111727
Kd2: 0.0
init_obs: [-0.01849156, -0.10115974,  0.23825373,  0.00136628]
