Kp1: -2.797147014309059
Ki1: -0.010402741297650899
Kd1: -0.1360960241972317
Kp2: 0.08379009633015795
Ki2: 0.05442808676466542
Kd2: 0.0
init_obs: [ 0.41033908, -0.1384052 ,  0.34962817,  0.39335388]
