Kp1: -3.0569824504303984
Ki1: -0.010341932448688154
Kd1: -0.14066437702635956
Kp2: 0.07390866898528221
Ki2: 0.052365787450777815
Kd2: 0.0
init_obs: [-0.10851611, -0.25568613, -0.2745673 ,  0.08816801]
