Kp1: -2.9449321991118405
Ki1: -0.009539935949066948
Kd1: -0.1466038722620516
Kp2: 0.08680444151472363
Ki2: 0.04623128040469396
Kd2: 0.0
init_obs: [0.3001267 , 0.11882539, 0.13801514, 0.0677713 ]
