Kp1: -2.9223805369505333
Ki1: -0.010632526405264369
Kd1: -0.14745909201762483
Kp2: 0.08744437060258274
Ki2: 0.04903085490726819
Kd2: 0.0
init_obs: [ 0.46779705,  0.37430771,  0.04316811, -0.08183081]
