Kp1: -2.90646932693361
Ki1: -0.009127551471144298
Kd1: -0.14584307901062737
Kp2: 0.07510328784026171
Ki2: 0.05300592256149329
Kd2: 0.0
init_obs: [ 0.46523713, -0.27176813,  0.00575254, -0.21789378]
