Kp1: -3.1381893843745687
Ki1: -0.010236333352791204
Kd1: -0.1477639924630158
Kp2: 0.0793748819232713
Ki2: 0.04970608529631901
Kd2: 0.0
init_obs: [ 0.30335433,  0.42646025, -0.1358055 ,  0.0007192 ]
