Kp1: -2.7453390716116344
Ki1: -0.009138677426798265
Kd1: -0.13774055675411653
Kp2: 0.08653696306700642
Ki2: 0.04943118799445835
Kd2: 0.0
init_obs: [-0.04745734,  0.39981839, -0.1091326 ,  0.20626071]
