Kp1: -3.1699649337186147
Ki1: -0.009768306448214987
Kd1: -0.1392431465515823
Kp2: 0.08612698441202982
Ki2: 0.04610827479551207
Kd2: 0.0
init_obs: [ 0.35354674, -0.03344816, -0.29412192, -0.02256392]
