Kp1: -3.0183806589052855
Ki1: -0.00991130930872368
Kd1: -0.162018179250707
Kp2: 0.08612243505575899
Ki2: 0.05394157330182218
Kd2: 0.0
init_obs: [-0.29984775,  0.49209053,  0.00887958,  0.37983256]
