Kp1: -2.9681221229088512
Ki1: -0.009237174310483202
Kd1: -0.15630786493457785
Kp2: 0.07665189871811469
Ki2: 0.05198526856620851
Kd2: 0.0
init_obs: [ 0.33998518,  0.1641344 , -0.03655701,  0.08888293]
