Kp1: -2.7457124341518986
Ki1: -0.009665390436057521
Kd1: -0.14676037748736334
Kp2: 0.0863854181261946
Ki2: 0.05239745839404397
Kd2: 0.0
init_obs: [-0.02983628, -0.33481585,  0.24739576,  0.27704323]
