Kp1: -2.9593834310488907
Ki1: -0.00966160446276939
Kd1: -0.16356278138311361
Kp2: 0.0721289234939273
Ki2: 0.05118390190278295
Kd2: 0.0
init_obs: [ 0.42474846, -0.44441506, -0.422066  ,  0.13591425]
