Kp1: -3.155165733676818
Ki1: -0.00993886006176858
Kd1: -0.13507780317652737
Kp2: 0.08669532890493001
Ki2: 0.0493616304546873
Kd2: 0.0
init_obs: [0.48981905, 0.25557474, 0.06695172, 0.32489888]
