Kp1: -2.9778476208999813
Ki1: -0.00906871748304884
Kd1: -0.14100525579069526
Kp2: 0.08584514875651515
Ki2: 0.04617784382707155
Kd2: 0.0
init_obs: [ 0.39473335, -0.21743133,  0.18860817, -0.31092578]
