Kp1: -2.9371920055495084
Ki1: -0.010239374247476599
Kd1: -0.15835895607871056
Kp2: 0.08280629433577627
Ki2: 0.05066975084646002
Kd2: 0.0
init_obs: [ 0.46855716, -0.49904959,  0.46967343,  0.13080079]
