Kp1: -2.7688096198085415
Ki1: -0.010503707053703092
Kd1: -0.1452462443130915
Kp2: 0.08135103325485384
Ki2: 0.05394729154124292
Kd2: 0.0
init_obs: [ 0.20674316,  0.08534131, -0.30021845, -0.09777168]
