Kp1: -3.1144546337239554
Ki1: -0.009334738248644425
Kd1: -0.13848516779769413
Kp2: 0.0787675092525402
Ki2: 0.04789381411631492
Kd2: 0.0
init_obs: [-0.11003444, -0.22104567,  0.01862711, -0.32985965]
