Kp1: -2.9514373371371425
Ki1: -0.009153405594821659
Kd1: -0.16374773579363705
Kp2: 0.08454303218954898
Ki2: 0.051410485527986896
Kd2: 0.0
init_obs: [ 0.33082746, -0.2430572 , -0.11445427,  0.2043703 ]
