Kp1: -2.7804764273742366
Ki1: -0.010437362894172828
Kd1: -0.15530714908059676
Kp2: 0.0748579654999064
Ki2: 0.05469908957639705
Kd2: 0.0
init_obs: [-0.37307359,  0.42301371, -0.01947147,  0.09863613]
