Kp1: -2.870718161709207
Ki1: -0.010539511933785353
Kd1: -0.14284909690755235
Kp2: 0.07778783107524959
Ki2: 0.04578685963793133
Kd2: 0.0
init_obs: [ 0.28363989, -0.34952184,  0.13575839, -0.11932061]
