Kp1: -3.093309799713409
Ki1: -0.010275982888819488
Kd1: -0.1548986848627564
Kp2: 0.07890890540888239
Ki2: 0.050627701819366815
Kd2: 0.0
init_obs: [-0.42986961, -0.39450203,  0.46296216, -0.40810691]
