Kp1: -3.264709753534522
Ki1: -0.009867314384157933
Kd1: -0.1476020491954835
Kp2: 0.08153165130544487
Ki2: 0.04529205307049891
Kd2: 0.0
init_obs: [-0.4000881 , -0.18661495,  0.12670351,  0.28779354]
