Kp1: -3.053790706483783
Ki1: -0.009207958002685361
Kd1: -0.14345234399063994
Kp2: 0.07254230723298566
Ki2: 0.04575425526331822
Kd2: 0.0
init_obs: [ 1.73411280e-05,  1.70793875e-01, -8.82190400e-02,  5.43209333e-02]
