Kp1: -2.861404494564094
Ki1: -0.010340777957572565
Kd1: -0.1512750803969168
Kp2: 0.0872449710757345
Ki2: 0.0510748539064165
Kd2: 0.0
init_obs: [ 0.49083955, -0.40418022, -0.2610998 ,  0.2395383 ]
