Kp1: -2.7116021846345832
Ki1: -0.009439216957822447
Kd1: -0.13911220557237144
Kp2: 0.07209104259973752
Ki2: 0.04619818854031868
Kd2: 0.0
init_obs: [-0.00839836, -0.04422005,  0.19307433,  0.00885953]
