Kp1: -2.8374781597212833
Ki1: -0.010710006606542137
Kd1: -0.15787560043412774
Kp2: 0.08599257411428768
Ki2: 0.05264479134350284
Kd2: 0.0
init_obs: [-0.00807546, -0.36948849,  0.4495129 , -0.17071333]
