Kp1: -3.2632902957659855
Ki1: -0.009757441141162683
Kd1: -0.155951146247631
Kp2: 0.07276650243847817
Ki2: 0.046119393600671514
Kd2: 0.0
init_obs: [ 0.43132207, -0.01386002, -0.1951751 ,  0.01265732]
