Kp1: -2.895439773570505
Ki1: -0.01061805621147829
Kd1: -0.1369258240571419
Kp2: 0.08180259833976289
Ki2: 0.05143841392915249
Kd2: 0.0
init_obs: [ 0.16995472,  0.22581075, -0.05355814,  0.20515886]
