Kp1: -3.2529492854036377
Ki1: -0.009312612873480631
Kd1: -0.15912152114760045
Kp2: 0.07469333189527233
Ki2: 0.054101764041298545
Kd2: 0.0
init_obs: [ 0.14328941,  0.06088468, -0.34468949, -0.48664124]
