Kp1: -2.843125154791033
Ki1: -0.01087126093618353
Kd1: -0.14686453210176875
Kp2: 0.08293445501159655
Ki2: 0.048314390306500275
Kd2: 0.0
init_obs: [-0.24575228, -0.32749411, -0.06197217, -0.11402108]
