Kp1: -2.9783981912336226
Ki1: -0.010762259484947136
Kd1: -0.15153765912996878
Kp2: 0.08069152578916024
Ki2: 0.0450063661943467
Kd2: 0.0
init_obs: [ 0.3932965 ,  0.38904135, -0.05419418,  0.13602686]
