Kp1: -3.120601954937372
Ki1: -0.009087302031519107
Kd1: -0.14119125610701827
Kp2: 0.08614442747308539
Ki2: 0.04947683051273927
Kd2: 0.0
init_obs: [-0.31619652, -0.20134602, -0.46560194,  0.14435133]
