Kp1: -3.210203332482405
Ki1: -0.00947839665071942
Kd1: -0.14269418486819893
Kp2: 0.08032215925203896
Ki2: 0.05495950526932008
Kd2: 0.0
init_obs: [-0.064822  , -0.1382202 ,  0.27536427,  0.39859162]
