Kp1: -3.2927340854396334
Ki1: -0.009874611524632657
Kd1: -0.1402810392081347
Kp2: 0.07745995066118166
Ki2: 0.04983818799753486
Kd2: 0.0
init_obs: [ 0.11358148,  0.17819005, -0.24288297,  0.36685163]
