Kp1: -3.026398696531576
Ki1: -0.00917541430116083
Kd1: -0.13591063350982854
Kp2: 0.07694983816420772
Ki2: 0.05289526806643485
Kd2: 0.0
init_obs: [ 0.1679696 , -0.42494326, -0.38872456,  0.09734351]
