Kp1: -2.9813135538628974
Ki1: -0.010837581248230057
Kd1: -0.15060350775051243
Kp2: 0.08604402283198866
Ki2: 0.054408508833151105
Kd2: 0.0
init_obs: [ 0.04188481,  0.19554735, -0.40072063, -0.39781901]
