Kp1: -3.072960462700278
Ki1: -0.01041158378477469
Kd1: -0.14097639575388932
Kp2: 0.08746628177336235
Ki2: 0.05257826664417545
Kd2: 0.0
init_obs: [-0.45818191, -0.39180617,  0.29096377,  0.27458607]
