Kp1: -3.04428435617372
Ki1: -0.010330370577704555
Kd1: -0.1647278093123556
Kp2: 0.08008132711756792
Ki2: 0.04873043744381402
Kd2: 0.0
init_obs: [-0.4761107 , -0.22655908, -0.25394728, -0.085692  ]
