Kp1: -3.086480926447394
Ki1: -0.010851313423691784
Kd1: -0.15331923979145665
Kp2: 0.07901727140432373
Ki2: 0.04604499159320469
Kd2: 0.0
init_obs: [ 0.25536881, -0.25182749, -0.06114643,  0.2624306 ]
