Kp1: -3.16748047877607
Ki1: -0.010747348377066073
Kd1: -0.1436550785326673
Kp2: 0.07908568384264679
Ki2: 0.05246517642578862
Kd2: 0.0
init_obs: [ 0.23827272, -0.33118154, -0.34563069,  0.09144991]
