Kp1: -2.8640720928273256
Ki1: -0.010479998283808105
Kd1: -0.13733127901830589
Kp2: 0.08698871792839497
Ki2: 0.045931677481650106
Kd2: 0.0
init_obs: [-0.35306253, -0.15285044,  0.01171293, -0.33282418]
