Kp1: -2.776806788052336
Ki1: -0.010301563777434011
Kd1: -0.15234490521123434
Kp2: 0.08118531899264558
Ki2: 0.04898460342863933
Kd2: 0.0
init_obs: [ 0.43130761,  0.0425109 , -0.31767914, -0.44395269]
