Kp1: -2.782701794180163
Ki1: -0.010615380087949574
Kd1: -0.14289869293502483
Kp2: 0.074795537022578
Ki2: 0.0520891503365027
Kd2: 0.0
init_obs: [ 0.13641029, -0.27258162,  0.260774  , -0.30566951]
