Kp1: -2.8883770937830553
Ki1: -0.009025121855942663
Kd1: -0.15155361003080078
Kp2: 0.08237962111408496
Ki2: 0.0529693112396641
Kd2: 0.0
init_obs: [ 0.37297445,  0.3481868 ,  0.35962761, -0.23827256]
