Kp1: -2.9471475880881943
Ki1: -0.010995379878947314
Kd1: -0.1354097139347559
Kp2: 0.07851966957590081
Ki2: 0.05434475048274972
Kd2: 0.0
init_obs: [-0.31836518, -0.17412201,  0.22160539,  0.31305437]
