Kp1: -2.782728546236191
Ki1: -0.009482655144096805
Kd1: -0.14646181471300196
Kp2: 0.07768782264559002
Ki2: 0.05167665994105397
Kd2: 0.0
init_obs: [ 0.16854033,  0.34882576, -0.2672223 ,  0.17969655]
