Kp1: -2.7372245099497876
Ki1: -0.009206478602788386
Kd1: -0.1439802085256662
Kp2: 0.081913587663249
Ki2: 0.053952696989179316
Kd2: 0.0
init_obs: [ 0.34623632,  0.3625396 , -0.27601363,  0.13240216]
