Kp1: -2.7891819469441854
Ki1: -0.00926216815383288
Kd1: -0.15227888845540505
Kp2: 0.08495541204749767
Ki2: 0.0527339981148901
Kd2: 0.0
init_obs: [ 0.23860975, -0.16225151,  0.23463594,  0.11864637]
