Kp1: -3.0391964059331027
Ki1: -0.01019184295868308
Kd1: -0.14660528910736767
Kp2: 0.0722403002696443
Ki2: 0.054029960751612066
Kd2: 0.0
init_obs: [ 0.01126421, -0.2314562 ,  0.18156316, -0.05604144]
