Kp1: -3.2200990794301623
Ki1: -0.00905556503752642
Kd1: -0.15581274042649618
Kp2: 0.07844590633967505
Ki2: 0.05343295835050284
Kd2: 0.0
init_obs: [ 0.09353405,  0.20164848,  0.02729739, -0.22367708]
