Kp1: -2.9232988875793433
Ki1: -0.010346758373844318
Kd1: -0.13608163859465383
Kp2: 0.07281757599581226
Ki2: 0.05170081283164682
Kd2: 0.0
init_obs: [-0.05372288,  0.19105722,  0.26492808, -0.19889885]
