Kp1: -3.2462571854072584
Ki1: -0.009656421037014832
Kd1: -0.1598057832755018
Kp2: 0.07269197958410327
Ki2: 0.0521387116988
Kd2: 0.0
init_obs: [ 0.32437642,  0.41961286,  0.31564676, -0.064338  ]
