Kp1: -2.733092166788502
Ki1: -0.009728437431512686
Kd1: -0.1634463321093145
Kp2: 0.07871822539512995
Ki2: 0.045378257269833314
Kd2: 0.0
init_obs: [ 0.43021438, -0.4714358 , -0.36540221,  0.13471935]
