Kp1: -2.7441011131047692
Ki1: -0.009777303561603829
Kd1: -0.16365259205164553
Kp2: 0.07644011510100411
Ki2: 0.053556387433827436
Kd2: 0.0
init_obs: [-0.37676106, -0.03530055,  0.43860017,  0.0352584 ]
