Kp1: -3.13455273445002
Ki1: -0.010858877611865983
Kd1: -0.1445331213659306
Kp2: 0.07891869245299989
Ki2: 0.05420499896224067
Kd2: 0.0
init_obs: [-0.39312893, -0.09069796, -0.05602778,  0.03887695]
