Kp1: -2.9077257132605414
Ki1: -0.01003878270993001
Kd1: -0.15636951603108312
Kp2: 0.08590453479984304
Ki2: 0.04771284355342593
Kd2: 0.0
init_obs: [ 0.03544453,  0.47228628, -0.43643868, -0.27268455]
