Kp1: -2.7231173228627616
Ki1: -0.009279723241613832
Kd1: -0.1354015567530367
Kp2: 0.08591645181506859
Ki2: 0.0524301780830849
Kd2: 0.0
init_obs: [ 0.31778606,  0.44972198, -0.10480215, -0.09419476]
