Kp1: -3.1133519329978623
Ki1: -0.009457160101039204
Kd1: -0.15859688422734886
Kp2: 0.08499860251705159
Ki2: 0.04920872484581329
Kd2: 0.0
init_obs: [-0.43110329, -0.46379977,  0.08368742,  0.05144919]
