Kp1: -2.963179265796594
Ki1: -0.010604698954081164
Kd1: -0.14032510013067015
Kp2: 0.08719246231134059
Ki2: 0.05235484192998361
Kd2: 0.0
init_obs: [-0.05930524,  0.35496152,  0.11023247, -0.17491477]
