Kp1: -3.1554783771774604
Ki1: -0.00982856842160149
Kd1: -0.15310227782917207
Kp2: 0.0875922992116772
Ki2: 0.05015970843393224
Kd2: 0.0
init_obs: [-0.17046482, -0.33623285, -0.05512111,  0.37412692]
