Kp1: -2.714932384662643
Ki1: -0.009172980919666746
Kd1: -0.1497675424580251
Kp2: 0.07543324778699485
Ki2: 0.04855418825440571
Kd2: 0.0
init_obs: [-0.12122805,  0.24225824, -0.06787078, -0.18004355]
