Kp1: -3.166091344010416
Ki1: -0.00945504067631387
Kd1: -0.16231331764230228
Kp2: 0.07813342290562357
Ki2: 0.05334423915684068
Kd2: 0.0
init_obs: [-0.39899313, -0.32044401, -0.02395221,  0.16631962]
