Kp1: -3.2858072922845256
Ki1: -0.010841447287167244
Kd1: -0.14343922136999274
Kp2: 0.07439042604034278
Ki2: 0.052141858903137044
Kd2: 0.0
init_obs: [ 0.23911238,  0.17629246,  0.36673835, -0.33298478]
