Kp1: -3.2071430540810937
Ki1: -0.009705531261216196
Kd1: -0.15344188477741263
Kp2: 0.08053837354455576
Ki2: 0.051408293794811155
Kd2: 0.0
init_obs: [-0.22373174, -0.29785899,  0.03594074,  0.40948515]
