Kp1: -2.7883186583627264
Ki1: -0.00965371191532033
Kd1: -0.1456932873184858
Kp2: 0.08333629072951562
Ki2: 0.049253414880258486
Kd2: 0.0
init_obs: [-0.31234933, -0.06281057, -0.05931469,  0.43175018]
