Kp1: -2.7685299777113
Ki1: -0.009607246856193127
Kd1: -0.15267135974128127
Kp2: 0.08210258630961471
Ki2: 0.05144156821107222
Kd2: 0.0
init_obs: [-0.0252913 , -0.23491848, -0.29259744,  0.16460393]
