Kp1: -2.7624586564083384
Ki1: -0.009937996268458498
Kd1: -0.14896542380634192
Kp2: 0.0727434262356882
Ki2: 0.052983037078032695
Kd2: 0.0
init_obs: [-0.16518704, -0.21913424, -0.10205041, -0.0121983 ]
