Kp1: -2.9100516829996055
Ki1: -0.010975893261314613
Kd1: -0.13662763088781654
Kp2: 0.08520393876031974
Ki2: 0.0539306097860418
Kd2: 0.0
init_obs: [-0.0618119 ,  0.19030479,  0.27376742, -0.46926466]
