Kp1: -2.7658097694566433
Ki1: -0.00926298151268518
Kd1: -0.14625015468226502
Kp2: 0.08782929726728725
Ki2: 0.04748787552417761
Kd2: 0.0
init_obs: [-0.40989541,  0.17495836,  0.05194379,  0.46408726]
