Kp1: -2.954684072313188
Ki1: -0.010769101306358511
Kd1: -0.14377860425387168
Kp2: 0.07719914835323546
Ki2: 0.047179877340006934
Kd2: 0.0
init_obs: [ 0.18291491,  0.24730654,  0.45391208, -0.4894227 ]
