Kp1: -3.258288020059771
Ki1: -0.010773774906310601
Kd1: -0.15339023540140428
Kp2: 0.07345702830117101
Ki2: 0.0520128839824112
Kd2: 0.0
init_obs: [-0.48079873, -0.45731739,  0.00741264,  0.05161529]
