Kp1: -3.1000864528752805
Ki1: -0.00998215941460476
Kd1: -0.15976161419164522
Kp2: 0.07612462849487311
Ki2: 0.04518961332622679
Kd2: 0.0
init_obs: [ 0.1662764 , -0.2139041 ,  0.02729393, -0.37134879]
