Kp1: -3.2729047658165413
Ki1: -0.009616317403104722
Kd1: -0.1448849233801297
Kp2: 0.08341716390062504
Ki2: 0.05130669657222523
Kd2: 0.0
init_obs: [ 0.20810507, -0.11023824, -0.08894388, -0.48300191]
