Kp1: -3.2321243360974576
Ki1: -0.009689797942774617
Kd1: -0.1416775635138942
Kp2: 0.07829940506658599
Ki2: 0.04507236894666796
Kd2: 0.0
init_obs: [-0.07246177,  0.2242198 , -0.12492341,  0.1597171 ]
