Kp1: -3.097002660603045
Ki1: -0.009900393622720742
Kd1: -0.13858205479574573
Kp2: 0.07710753410825888
Ki2: 0.04964625104398235
Kd2: 0.0
init_obs: [-0.14014407,  0.1021478 ,  0.22804198,  0.22608608]
