Kp1: -3.1480374405452
Ki1: -0.010509290201125043
Kd1: -0.1641354277765016
Kp2: 0.08734772095228788
Ki2: 0.04591088909244162
Kd2: 0.0
init_obs: [-0.05607738, -0.13936414, -0.49756623,  0.30894328]
