Kp1: -3.0637042817597764
Ki1: -0.00914772637916676
Kd1: -0.15411516080247267
Kp2: 0.08729271873231012
Ki2: 0.05495961380914458
Kd2: 0.0
init_obs: [ 0.06653525, -0.24204099, -0.14959792,  0.35084173]
