Kp1: -3.1449143065297402
Ki1: -0.009429916087908857
Kd1: -0.13593602227895726
Kp2: 0.0865669952640914
Ki2: 0.04782629854208845
Kd2: 0.0
init_obs: [ 0.40078371, -0.28303156, -0.47684077, -0.46766327]
