Kp1: -3.0932579786576206
Ki1: -0.01067447716841785
Kd1: -0.16152655275318953
Kp2: 0.08601498271529424
Ki2: 0.054030807364193995
Kd2: 0.0
init_obs: [ 0.22649364, -0.23115092,  0.17732267, -0.32717687]
