Kp1: -2.839875484920286
Ki1: -0.01066909444638322
Kd1: -0.13770167218611518
Kp2: 0.08582531544812713
Ki2: 0.05449637183325915
Kd2: 0.0
init_obs: [-0.20685168, -0.27733162, -0.32325028,  0.44824392]
