Kp1: -2.8346419026398926
Ki1: -0.010309306853277926
Kd1: -0.13619760377491255
Kp2: 0.07272321686689835
Ki2: 0.053519437329704905
Kd2: 0.0
init_obs: [-0.1877429 ,  0.49853969, -0.13245403, -0.3507327 ]
