Kp1: -2.9581994467322428
Ki1: -0.010980895828921118
Kd1: -0.14934721995901565
Kp2: 0.07551397860281227
Ki2: 0.052724030483300335
Kd2: 0.0
init_obs: [ 0.0325195 , -0.44822167,  0.32775968, -0.49530253]
