Kp1: -2.723754641211274
Ki1: -0.00953557271104702
Kd1: -0.1419252694691235
Kp2: 0.07544078532609926
Ki2: 0.05356429959500262
Kd2: 0.0
init_obs: [ 0.49274697,  0.32521878, -0.13740891,  0.15903764]
