Kp1: -3.248961246404059
Ki1: -0.010227818781475266
Kd1: -0.1421391333971692
Kp2: 0.08290293656233519
Ki2: 0.04697647258280276
Kd2: 0.0
init_obs: [ 0.05457865,  0.2211894 , -0.18494115, -0.34989229]
