Kp1: -2.714371748486318
Ki1: -0.010708433022206866
Kd1: -0.1556160145987747
Kp2: 0.08068971323178122
Ki2: 0.04990725561097759
Kd2: 0.0
init_obs: [0.11321003, 0.07486225, 0.34277013, 0.1559647 ]
