Kp1: -2.9867848362368266
Ki1: -0.009384729063757813
Kd1: -0.16226087329912953
Kp2: 0.07508360758862137
Ki2: 0.04960671288406424
Kd2: 0.0
init_obs: [-0.41542859,  0.13535281,  0.19371099, -0.05814462]
