Kp1: -2.849414431865993
Ki1: -0.010605759468671476
Kd1: -0.1568010097914978
Kp2: 0.07353393458693923
Ki2: 0.04949838134565485
Kd2: 0.0
init_obs: [ 0.48996452,  0.0070764 ,  0.32330288, -0.14565291]
