Kp1: -3.0550152155948087
Ki1: -0.010774633475702183
Kd1: -0.1602821790497476
Kp2: 0.07821334347985899
Ki2: 0.052670788894648705
Kd2: 0.0
init_obs: [-0.32785707, -0.23198155,  0.3774384 , -0.32967357]
