Kp1: -2.924217918290429
Ki1: -0.010693738785400116
Kd1: -0.14795557203667536
Kp2: 0.08187178540489556
Ki2: 0.050300068413353195
Kd2: 0.0
init_obs: [-0.06432879,  0.18366206, -0.39581703,  0.03094978]
