Kp1: -3.1508617064966398
Ki1: -0.010502390034341447
Kd1: -0.16311928517279697
Kp2: 0.07825790231685678
Ki2: 0.048553539226374114
Kd2: 0.0
init_obs: [-0.28036632, -0.42066888, -0.36428939,  0.38145829]
