Kp1: -3.145695666887697
Ki1: -0.009413621578637583
Kd1: -0.14702327774842583
Kp2: 0.07898222128823744
Ki2: 0.04549055365055125
Kd2: 0.0
init_obs: [-0.16525882,  0.19136925, -0.02326969,  0.35942878]
