Kp1: -3.2918501199324495
Ki1: -0.009945073349272361
Kd1: -0.16001449083739497
Kp2: 0.0802684169937374
Ki2: 0.049360177029708366
Kd2: 0.0
init_obs: [-0.09883005, -0.04176601, -0.43428977, -0.49998627]
