Kp1: -3.0175065337905407
Ki1: -0.009766235588981329
Kd1: -0.1412945599210148
Kp2: 0.0750731874221758
Ki2: 0.05077618907961004
Kd2: 0.0
init_obs: [-0.2597877 , -0.21027333,  0.49387462, -0.24914229]
