Kp1: -3.1632188636170913
Ki1: -0.010910542119114675
Kd1: -0.13829086584994396
Kp2: 0.08088030258159411
Ki2: 0.04767719447596872
Kd2: 0.0
init_obs: [-0.16839867,  0.01392797,  0.12620168,  0.17972168]
