Kp1: -3.007945620075549
Ki1: -0.010429087962532002
Kd1: -0.1379992423898482
Kp2: 0.08684863357180243
Ki2: 0.04586239077164195
Kd2: 0.0
init_obs: [ 0.0335686 , -0.03213866, -0.1874892 ,  0.35421471]
