Kp1: -2.9861496398602982
Ki1: -0.010560778657506594
Kd1: -0.1566448000354805
Kp2: 0.08074682463377209
Ki2: 0.04901249540103508
Kd2: 0.0
init_obs: [-0.20175966,  0.29161616,  0.12033748,  0.25587377]
