Kp1: -2.8643211073470956
Ki1: -0.010773618781420453
Kd1: -0.13804363429668284
Kp2: 0.08276437819199789
Ki2: 0.049448394200767874
Kd2: 0.0
init_obs: [-0.28542104, -0.42962455, -0.16493057,  0.29709447]
