Kp1: -3.2749671885570444
Ki1: -0.010550969652678223
Kd1: -0.15187941193119034
Kp2: 0.07424945013433178
Ki2: 0.05153419274723077
Kd2: 0.0
init_obs: [ 0.07825696,  0.21332693, -0.03320205, -0.36406113]
