Kp1: -2.943132216743625
Ki1: -0.009628525807843484
Kd1: -0.14420906212586948
Kp2: 0.0758416100634257
Ki2: 0.052251553860562974
Kd2: 0.0
init_obs: [-0.24270474,  0.48356692, -0.13809799,  0.4315115 ]
