Kp1: -2.9089399901137742
Ki1: -0.009158252739349894
Kd1: -0.15415888088711452
Kp2: 0.0829801282797804
Ki2: 0.051566009374754224
Kd2: 0.0
init_obs: [-0.49133697, -0.17853854, -0.15090261,  0.14625893]
