Kp1: -2.9411020585044083
Ki1: -0.009887644762028422
Kd1: -0.16188975428800267
Kp2: 0.08744579011393915
Ki2: 0.05307824778256062
Kd2: 0.0
init_obs: [-0.28308002,  0.33195907, -0.33030475,  0.07454762]
