Kp1: -3.0580989519959427
Ki1: -0.010820727822148622
Kd1: -0.1508481865167883
Kp2: 0.08742710173279684
Ki2: 0.05446575160076107
Kd2: 0.0
init_obs: [ 0.00470185,  0.38361063, -0.41821926, -0.04555188]
