Kp1: -2.9721383536040276
Ki1: -0.010604020151057532
Kd1: -0.15741907505079156
Kp2: 0.08563252069979513
Ki2: 0.045611032859491286
Kd2: 0.0
init_obs: [-0.31518674, -0.14355945,  0.41114886, -0.15150699]
