Kp1: -2.754616723005312
Ki1: -0.010174797946627503
Kd1: -0.14718853325445616
Kp2: 0.07804659842999762
Ki2: 0.05152581732245657
Kd2: 0.0
init_obs: [0.33190914, 0.1503526 , 0.1470713 , 0.06583506]
