Kp1: -2.9484717775862435
Ki1: -0.00913606002194258
Kd1: -0.14639796145285447
Kp2: 0.07929247086556522
Ki2: 0.054579481940774
Kd2: 0.0
init_obs: [ 0.09485899, -0.13712071,  0.46303325,  0.10317058]
