Kp1: -3.0201851392106374
Ki1: -0.010748411808790768
Kd1: -0.15830304247523203
Kp2: 0.08138363151175877
Ki2: 0.05208412066902105
Kd2: 0.0
init_obs: [ 0.43454153, -0.49620093, -0.09977904, -0.01586964]
