Kp1: -3.2126599853682283
Ki1: -0.010205527631502176
Kd1: -0.1453373121271686
Kp2: 0.0861698196053151
Ki2: 0.05120072717914133
Kd2: 0.0
init_obs: [-0.38102828, -0.48957793,  0.40615005,  0.08429439]
