Kp1: -2.8165903030159036
Ki1: -0.009654531456355378
Kd1: -0.1619287559396794
Kp2: 0.08164817089756564
Ki2: 0.053889017788255014
Kd2: 0.0
init_obs: [0.07719613, 0.42614746, 0.24964911, 0.10099079]
