Kp1: -2.969986994388118
Ki1: -0.010555170913454594
Kd1: -0.1516390891854566
Kp2: 0.0808484497819498
Ki2: 0.05085303089350386
Kd2: 0.0
init_obs: [ 0.29384553,  0.05331599, -0.14663326,  0.02454138]
