Kp1: -2.8802018949947295
Ki1: -0.01070769674020785
Kd1: -0.1456179315252108
Kp2: 0.08283291398262603
Ki2: 0.045704572708751945
Kd2: 0.0
init_obs: [ 0.29784759, -0.45730734,  0.40893456, -0.14825756]
