Kp1: -2.7493169652771003
Ki1: -0.010839504687091168
Kd1: -0.1477338672678801
Kp2: 0.07401109862139173
Ki2: 0.05021546712206844
Kd2: 0.0
init_obs: [-0.30758207,  0.17052062, -0.44092377,  0.41918608]
