Kp1: -3.1359189332780684
Ki1: -0.009930153699760788
Kd1: -0.15927971693512194
Kp2: 0.07594968236993797
Ki2: 0.05466976078165669
Kd2: 0.0
init_obs: [0.40748892, 0.27500795, 0.24381177, 0.23825156]
