Kp1: -2.7016105112872717
Ki1: -0.00911902568493427
Kd1: -0.14557373793082082
Kp2: 0.08019645934119451
Ki2: 0.04590869482204807
Kd2: 0.0
init_obs: [-0.33566727, -0.0090242 , -0.47884891, -0.25303233]
