Kp1: -2.8722002070200023
Ki1: -0.010739943633216413
Kd1: -0.16229575658036247
Kp2: 0.08121119873054022
Ki2: 0.05351853691761643
Kd2: 0.0
init_obs: [ 0.19670587,  0.25675339,  0.03847251, -0.08825743]
