Kp1: -3.2005014935813065
Ki1: -0.00910302360432502
Kd1: -0.13708695262819917
Kp2: 0.08434114941530921
Ki2: 0.04776518341594908
Kd2: 0.0
init_obs: [-0.3143399 ,  0.02955479, -0.28347338, -0.0736633 ]
