Kp1: -2.741679559086369
Ki1: -0.01036948883539088
Kd1: -0.1563329769273012
Kp2: 0.07680970283301314
Ki2: 0.051246451930734474
Kd2: 0.0
init_obs: [ 0.18295257,  0.24199839, -0.41072422, -0.20879123]
