Kp1: -2.999340504961854
Ki1: -0.009421081719727628
Kd1: -0.1470855858302145
Kp2: 0.07591528742794205
Ki2: 0.052966461977016946
Kd2: 0.0
init_obs: [-0.44272213,  0.07143932,  0.18043192, -0.16163962]
