Kp1: -2.8297098616328027
Ki1: -0.010952383431944919
Kd1: -0.16231493937963246
Kp2: 0.08627306976662494
Ki2: 0.04978283454378209
Kd2: 0.0
init_obs: [0.39543443, 0.46354098, 0.30770918, 0.40897253]
