Kp1: -2.997010833120704
Ki1: -0.010262138474881244
Kd1: -0.15291690787496146
Kp2: 0.07791703730891722
Ki2: 0.0498299894211873
Kd2: 0.0
init_obs: [-0.10305267,  0.37537578, -0.18747869, -0.10034694]
