Kp1: -3.1713210267661562
Ki1: -0.010188785374437957
Kd1: -0.15080493022219474
Kp2: 0.07992276652891196
Ki2: 0.046382347527544526
Kd2: 0.0
init_obs: [-0.35972067, -0.35714475,  0.04956346,  0.46383255]
