Kp1: -3.039321265640636
Ki1: -0.009634863111799695
Kd1: -0.16126763114525408
Kp2: 0.08625121126795394
Ki2: 0.047398786705868695
Kd2: 0.0
init_obs: [-0.48588043, -0.40502873, -0.25277728, -0.22599212]
