Kp1: -3.2987962994579556
Ki1: -0.00936391208761131
Kd1: -0.1541929468142802
Kp2: 0.08214148857847432
Ki2: 0.045277950652068875
Kd2: 0.0
init_obs: [ 0.39225952, -0.24292064,  0.26512866, -0.44167434]
