Kp1: -3.1134859357231517
Ki1: -0.010426396833973325
Kd1: -0.14675977833113835
Kp2: 0.07896145095137531
Ki2: 0.0456784350473428
Kd2: 0.0
init_obs: [-0.06455649,  0.23962311,  0.33930754, -0.40858335]
