Kp1: -3.121235137402131
Ki1: -0.009874177987359702
Kd1: -0.14269141285020093
Kp2: 0.07670494256118451
Ki2: 0.04619988975101311
Kd2: 0.0
init_obs: [-0.19925188,  0.28271224,  0.28747922, -0.26571049]
