Kp1: -2.7594931705788976
Ki1: -0.010086927782455906
Kd1: -0.13674815678604002
Kp2: 0.08624427019611627
Ki2: 0.05129483322952976
Kd2: 0.0
init_obs: [0.1356844 , 0.07952258, 0.0421261 , 0.09548446]
