Kp1: -2.933867981877004
Ki1: -0.009218021043370953
Kd1: -0.14036029644992887
Kp2: 0.07848435078886175
Ki2: 0.05296575074429325
Kd2: 0.0
init_obs: [-0.02371918, -0.11260196, -0.28684819,  0.34248062]
