Kp1: -3.2884260637284464
Ki1: -0.010461028369061362
Kd1: -0.13914100378979213
Kp2: 0.07699393378337989
Ki2: 0.050452237533060065
Kd2: 0.0
init_obs: [ 0.46033137,  0.09653102, -0.22188852,  0.28806775]
