Kp1: -2.748268348177553
Ki1: -0.010772989005924589
Kd1: -0.16452979992695912
Kp2: 0.08671363999034598
Ki2: 0.050924466991914365
Kd2: 0.0
init_obs: [-0.12561528,  0.06184981, -0.42487646, -0.16734391]
