Kp1: -3.2463483521367293
Ki1: -0.009685054689066804
Kd1: -0.14875097010686839
Kp2: 0.07528185765160506
Ki2: 0.04811297069947282
Kd2: 0.0
init_obs: [ 0.28290127,  0.42746035, -0.35146569, -0.20689301]
