Kp1: -2.999574031010692
Ki1: -0.00907896693164646
Kd1: -0.16319164386008256
Kp2: 0.0722434473914195
Ki2: 0.04525991475310292
Kd2: 0.0
init_obs: [ 0.20188458,  0.21571229, -0.01832131,  0.25190421]
