Kp1: -3.1826149935545804
Ki1: -0.010892977181601187
Kd1: -0.13647771043506327
Kp2: 0.08046880426190738
Ki2: 0.050115100803302864
Kd2: 0.0
init_obs: [-0.39168049, -0.43717702, -0.01621808,  0.22218609]
