Kp1: -2.7246258121561615
Ki1: -0.009036324393463286
Kd1: -0.1394275931909992
Kp2: 0.08228666780184059
Ki2: 0.050202080677448094
Kd2: 0.0
init_obs: [ 0.22215898,  0.3999809 , -0.3349084 , -0.27069505]
