Kp1: -2.866892781060378
Ki1: -0.009200940188544726
Kd1: -0.16162197379442997
Kp2: 0.07996700437827377
Ki2: 0.04598930353651003
Kd2: 0.0
init_obs: [ 0.42814907,  0.24215364, -0.0580396 , -0.38114127]
