Kp1: -3.294904485256107
Ki1: -0.010720034055598935
Kd1: -0.16301995329522465
Kp2: 0.0730690842404902
Ki2: 0.0461426714361628
Kd2: 0.0
init_obs: [-0.02846238,  0.39849327,  0.29104558, -0.47154778]
