Kp1: -2.881954867524202
Ki1: -0.010759782100987639
Kd1: -0.15315197427635094
Kp2: 0.07862464273658967
Ki2: 0.046604970232877324
Kd2: 0.0
init_obs: [-0.04808722, -0.35462529,  0.06783809, -0.40581254]
