Kp1: -2.852594582243757
Ki1: -0.009536793014251966
Kd1: -0.15244829588951594
Kp2: 0.08582918875056204
Ki2: 0.048050230006926986
Kd2: 0.0
init_obs: [-0.29575621, -0.16943961,  0.07761174,  0.0518425 ]
