Kp1: -3.0968848485944847
Ki1: -0.009579150946141332
Kd1: -0.142591089676356
Kp2: 0.07609816431733422
Ki2: 0.05418214935778696
Kd2: 0.0
init_obs: [-0.33076678,  0.02055382,  0.48495826, -0.21247219]
