Kp1: -2.7823226771236897
Ki1: -0.009270670898543849
Kd1: -0.13552639213276266
Kp2: 0.07500337291005577
Ki2: 0.05379323141349969
Kd2: 0.0
init_obs: [-0.09627596, -0.46586289,  0.08800948,  0.01052655]
