Kp1: -3.048414333648349
Ki1: -0.010238610514484343
Kd1: -0.1415578529460119
Kp2: 0.07913747002441693
Ki2: 0.045247225482177314
Kd2: 0.0
init_obs: [-0.39868024, -0.20594524,  0.37728842, -0.42020618]
