Kp1: -2.7552559899107916
Ki1: -0.009087166979407063
Kd1: -0.16208314786348757
Kp2: 0.08428520947607478
Ki2: 0.051163188344499524
Kd2: 0.0
init_obs: [ 0.27108942,  0.23724925,  0.16210733, -0.12883972]
