Kp1: -2.971892408403775
Ki1: -0.009429443732441142
Kd1: -0.15091864002371572
Kp2: 0.0858266709376108
Ki2: 0.0503090871424309
Kd2: 0.0
init_obs: [ 0.49626678, -0.24499985,  0.0188801 ,  0.41621273]
