Kp1: -2.881966531615058
Ki1: -0.009141824371047144
Kd1: -0.1532411819255435
Kp2: 0.07732975312892207
Ki2: 0.04918755367312008
Kd2: 0.0
init_obs: [ 0.0299981 , -0.29664039, -0.49896696, -0.04603132]
