Kp1: -3.025137667396666
Ki1: -0.010505799170943218
Kd1: -0.14788325211553824
Kp2: 0.0789929642567381
Ki2: 0.05248788299267069
Kd2: 0.0
init_obs: [-0.38736892, -0.3106463 , -0.36878359,  0.26171961]
