Kp1: -2.937506941412259
Ki1: -0.010604871597428622
Kd1: -0.14352595992472425
Kp2: 0.08110273958526877
Ki2: 0.047877154460695515
Kd2: 0.0
init_obs: [ 0.48225412, -0.35493024, -0.15025164, -0.41265316]
