Kp1: -2.840792511032527
Ki1: -0.010346048874148073
Kd1: -0.15980085290799734
Kp2: 0.08701650954204507
Ki2: 0.04547167115014387
Kd2: 0.0
init_obs: [ 0.18087055,  0.40691025,  0.05347668, -0.30948565]
