Kp1: -3.1834258407889977
Ki1: -0.01082699955536687
Kd1: -0.16369206090429544
Kp2: 0.08302442988447162
Ki2: 0.04992527788791237
Kd2: 0.0
init_obs: [ 0.43517935,  0.46642444,  0.26019301, -0.37140999]
