Kp1: -2.7158345049350356
Ki1: -0.010470143847095943
Kd1: -0.13907745663742843
Kp2: 0.075773559163408
Ki2: 0.04730788475213524
Kd2: 0.0
init_obs: [-0.35643037,  0.39746999, -0.07909494, -0.07754448]
