Kp1: -2.7488588415827717
Ki1: -0.010378995744894226
Kd1: -0.16224049052783074
Kp2: 0.0863369160305232
Ki2: 0.053846805980194035
Kd2: 0.0
init_obs: [-0.12678835,  0.30651897, -0.25752329, -0.30022816]
