Kp1: -2.744594386774379
Ki1: -0.009550570647684867
Kd1: -0.16344972780390046
Kp2: 0.08385017301677454
Ki2: 0.04558615921020274
Kd2: 0.0
init_obs: [-0.09602169, -0.40295893,  0.03377246,  0.16331445]
