Kp1: -2.7916557151597527
Ki1: -0.009668225007407369
Kd1: -0.1379972338705478
Kp2: 0.07821987934174536
Ki2: 0.045989669370493265
Kd2: 0.0
init_obs: [ 0.30560614, -0.14146922, -0.48729139, -0.09616691]
