Kp1: -2.8245065822812103
Ki1: -0.009693569701212754
Kd1: -0.16315579313426912
Kp2: 0.08487930240181683
Ki2: 0.054139295135017244
Kd2: 0.0
init_obs: [-0.21969063,  0.0197839 , -0.07692429, -0.46014382]
