Kp1: -3.189784655206526
Ki1: -0.009897845808834429
Kd1: -0.156257485503477
Kp2: 0.08302636317137661
Ki2: 0.05446846042747902
Kd2: 0.0
init_obs: [-0.29263286,  0.03383022,  0.17206453,  0.46431341]
