Kp1: -2.9060062403839813
Ki1: -0.009150873432751665
Kd1: -0.15252681637845292
Kp2: 0.076864101750941
Ki2: 0.05286908677177396
Kd2: 0.0
init_obs: [-0.19861149, -0.20429587, -0.17389469,  0.21414686]
