Kp1: -2.8786463408335576
Ki1: -0.010620172326548652
Kd1: -0.1518542073776373
Kp2: 0.07890774041361029
Ki2: 0.05402590555206147
Kd2: 0.0
init_obs: [-0.41251711,  0.39501401,  0.26903426,  0.19625062]
