Kp1: -3.2936027487532424
Ki1: -0.009621097109492726
Kd1: -0.13969625961400653
Kp2: 0.08346779021497866
Ki2: 0.053309649017432584
Kd2: 0.0
init_obs: [-0.01599427, -0.20865148, -0.48977323, -0.01966097]
