Kp1: -3.0171421386836474
Ki1: -0.009833695555286967
Kd1: -0.15615632237640206
Kp2: 0.08779323767846599
Ki2: 0.0532445802321119
Kd2: 0.0
init_obs: [ 0.05197996, -0.00799221,  0.05584226, -0.24163228]
