Kp1: -3.1608798555038833
Ki1: -0.01021008266380809
Kd1: -0.1376883280622351
Kp2: 0.08448455780916915
Ki2: 0.05264466736079128
Kd2: 0.0
init_obs: [ 0.16213641, -0.21148836,  0.20425243,  0.06932731]
