Kp1: -2.7043040483998335
Ki1: -0.009198490959526075
Kd1: -0.14671515567593507
Kp2: 0.08774411665693277
Ki2: 0.05244422040092596
Kd2: 0.0
init_obs: [-0.38659342, -0.44776807,  0.23665521, -0.15112865]
