Kp1: -2.8579975221241716
Ki1: -0.010137138726094506
Kd1: -0.15453153623432705
Kp2: 0.075390631714894
Ki2: 0.04831681499809675
Kd2: 0.0
init_obs: [ 0.33174729,  0.29195791, -0.44005171, -0.39787001]
