Kp1: -3.235523678685033
Ki1: -0.009517356840367176
Kd1: -0.15576765703139214
Kp2: 0.07319645371093798
Ki2: 0.05390634908634143
Kd2: 0.0
init_obs: [ 0.18947937,  0.02534315, -0.4612078 , -0.45312768]
