Kp1: -2.9873852103821577
Ki1: -0.010606689260928132
Kd1: -0.1451416326585157
Kp2: 0.08770065563609715
Ki2: 0.05284943661201308
Kd2: 0.0
init_obs: [0.3629449 , 0.11162058, 0.04947414, 0.12720067]
