Kp1: -2.8844952303168525
Ki1: -0.010657769459512316
Kd1: -0.16411025303273394
Kp2: 0.08587727979815465
Ki2: 0.04693285583902283
Kd2: 0.0
init_obs: [ 0.25105305, -0.18684253,  0.35933366,  0.03389791]
