Kp1: -3.0641931690925666
Ki1: -0.010630843997356827
Kd1: -0.1467075836325678
Kp2: 0.07738741032657051
Ki2: 0.04572662508485377
Kd2: 0.0
init_obs: [-0.41051879,  0.41627602,  0.14473597, -0.11731283]
