Kp1: -3.096289656920934
Ki1: -0.010058600216512939
Kd1: -0.14564555222344036
Kp2: 0.0877222743578001
Ki2: 0.04965096736452948
Kd2: 0.0
init_obs: [-0.10280342,  0.16589526,  0.17035492,  0.26230334]
