Kp1: -2.7751277688174154
Ki1: -0.009198152236295377
Kd1: -0.13837820997488828
Kp2: 0.08646806863300772
Ki2: 0.04655226829067049
Kd2: 0.0
init_obs: [ 0.28132921, -0.11202306, -0.24730668, -0.40768861]
