Kp1: -3.028151596479211
Ki1: -0.009231993869377605
Kd1: -0.15962994477499523
Kp2: 0.0794617803145773
Ki2: 0.051595102679156415
Kd2: 0.0
init_obs: [ 0.12046053, -0.32588703, -0.49653592, -0.00547992]
