Kp1: -2.7950547312515144
Ki1: -0.009442514139460319
Kd1: -0.13907194699290076
Kp2: 0.08532205225700847
Ki2: 0.05050080194108211
Kd2: 0.0
init_obs: [-0.04501989, -0.02069176,  0.49072001, -0.2404287 ]
