Kp1: -3.232602378963602
Ki1: -0.010376304186738317
Kd1: -0.14347756296928318
Kp2: 0.07619386500797955
Ki2: 0.053865198931459135
Kd2: 0.0
init_obs: [ 0.25080246, -0.06390339,  0.14907749,  0.20621842]
