Kp1: -3.214786118935267
Ki1: -0.010092764397206595
Kd1: -0.14569189199691515
Kp2: 0.07757715587521616
Ki2: 0.051526485856787076
Kd2: 0.0
init_obs: [-0.33122173,  0.32437649,  0.24744792,  0.19608241]
