Kp1: -2.8594714618667374
Ki1: -0.009342239518992598
Kd1: -0.16415255607691384
Kp2: 0.08719871355597471
Ki2: 0.05216679254710485
Kd2: 0.0
init_obs: [ 0.14487224, -0.01554975,  0.3344622 , -0.43011948]
