Kp1: -3.0165886160137187
Ki1: -0.010862512387140675
Kd1: -0.15292883211976896
Kp2: 0.07317503222616112
Ki2: 0.0513566192042257
Kd2: 0.0
init_obs: [-0.04106062, -0.23571105,  0.45807888, -0.21065295]
