Kp1: -2.9223470749050016
Ki1: -0.010941040921254313
Kd1: -0.15663200523750734
Kp2: 0.08748741510486284
Ki2: 0.04807522715074496
Kd2: 0.0
init_obs: [-0.46324646, -0.33744518,  0.35331883,  0.14946332]
