Kp1: -2.7561903967001546
Ki1: -0.010520651232299949
Kd1: -0.146166643418479
Kp2: 0.08412412837998944
Ki2: 0.050858850000509326
Kd2: 0.0
init_obs: [ 0.34998959,  0.17243628,  0.46570662, -0.06178703]
