Kp1: -2.8165403678202745
Ki1: -0.010117068654168247
Kd1: -0.1642231701993702
Kp2: 0.0850918594827575
Ki2: 0.045311859499275464
Kd2: 0.0
init_obs: [-0.10956711, -0.42674517,  0.39456104, -0.23230104]
