Kp1: -2.7917273779960485
Ki1: -0.010805515897279707
Kd1: -0.15320782330871854
Kp2: 0.0859182560590285
Ki2: 0.04983797027353113
Kd2: 0.0
init_obs: [-0.43511395, -0.12308062, -0.26782273, -0.2499902 ]
