Kp1: -3.126729927914139
Ki1: -0.010467371129071177
Kd1: -0.13847198713199674
Kp2: 0.08285229189068032
Ki2: 0.054843861060838106
Kd2: 0.0
init_obs: [-0.10405351, -0.15618521, -0.09910611, -0.02163282]
