Kp1: -2.7882493836531017
Ki1: -0.009386728343966113
Kd1: -0.16149260982325686
Kp2: 0.07293493889959374
Ki2: 0.04902825016307558
Kd2: 0.0
init_obs: [-0.09422141,  0.36124132, -0.16556884, -0.43086625]
