Kp1: -2.935686780760472
Ki1: -0.009459367724699708
Kd1: -0.147530297129075
Kp2: 0.085798150984219
Ki2: 0.046723736703162495
Kd2: 0.0
init_obs: [-0.26206304, -0.28643741,  0.30232321,  0.40730135]
