Kp1: -3.131470450876434
Ki1: -0.010790325656418218
Kd1: -0.1453665477572673
Kp2: 0.07800628263158511
Ki2: 0.04593099596609699
Kd2: 0.0
init_obs: [-0.27552135, -0.34575357,  0.48191533,  0.44832212]
