Kp1: -2.8436772514406288
Ki1: -0.010437933869461772
Kd1: -0.13679006677306504
Kp2: 0.07663923021456572
Ki2: 0.054447563685583115
Kd2: 0.0
init_obs: [-0.18347791,  0.46819323, -0.31346059,  0.44828977]
