Kp1: -3.292147751654086
Ki1: -0.00979675552439298
Kd1: -0.14050831485314694
Kp2: 0.08093372014128976
Ki2: 0.054604091801331814
Kd2: 0.0
init_obs: [ 0.40333969, -0.32723783, -0.09148651,  0.41393458]
