Kp1: -2.7315944718995655
Ki1: -0.010281749808848136
Kd1: -0.15327845146708832
Kp2: 0.08037344409604849
Ki2: 0.05226828213256976
Kd2: 0.0
init_obs: [-0.38986114, -0.08828923,  0.47234943, -0.24302498]
