Kp1: -3.0156716011595464
Ki1: -0.010721011301180477
Kd1: -0.14720676596403007
Kp2: 0.08627724433385016
Ki2: 0.04700729055501088
Kd2: 0.0
init_obs: [-0.45512373,  0.31894486,  0.20149754,  0.07999997]
