Kp1: -3.113884871734113
Ki1: -0.010914955115479326
Kd1: -0.14924937797945453
Kp2: 0.08785514470064783
Ki2: 0.05442439425905639
Kd2: 0.0
init_obs: [-0.12054248, -0.40179529,  0.08609919,  0.33335465]
