Kp1: -2.743818276880654
Ki1: -0.010345338607448887
Kd1: -0.14341719039339443
Kp2: 0.0829472848541705
Ki2: 0.04828715240699491
Kd2: 0.0
init_obs: [-0.46801422,  0.47902973,  0.15156447,  0.12546098]
