Kp1: -2.8456580115025285
Ki1: -0.010186288492964591
Kd1: -0.1533461470099
Kp2: 0.07447919113121274
Ki2: 0.052101223234317866
Kd2: 0.0
init_obs: [ 0.07060092, -0.00275849, -0.41888178, -0.1330942 ]
