Kp1: -3.284895865307942
Ki1: -0.009548164768007723
Kd1: -0.15689029430071658
Kp2: 0.08761969507625914
Ki2: 0.04622371504238885
Kd2: 0.0
init_obs: [-0.21236944,  0.08785082,  0.09912335, -0.45868103]
