Kp1: -2.9375647557963314
Ki1: -0.010941707739284686
Kd1: -0.1518303052271439
Kp2: 0.08170430605831039
Ki2: 0.049461082194387544
Kd2: 0.0
init_obs: [-0.30619501,  0.34685484, -0.46282821, -0.36437848]
