Kp1: -2.9074109003377844
Ki1: -0.010579599782236365
Kd1: -0.16302705806874032
Kp2: 0.07907277104400445
Ki2: 0.054310992349435684
Kd2: 0.0
init_obs: [-0.33045404,  0.2317806 ,  0.04218124, -0.23162978]
