Kp1: -2.778915192692025
Ki1: -0.009716774562502575
Kd1: -0.16145693790654445
Kp2: 0.0827358451358007
Ki2: 0.04859513304977821
Kd2: 0.0
init_obs: [-0.0685727 ,  0.30913627, -0.01378618, -0.29225453]
