Kp1: -2.758423857711359
Ki1: -0.009019150005607468
Kd1: -0.15724583235797351
Kp2: 0.08667891301263835
Ki2: 0.051266361551249195
Kd2: 0.0
init_obs: [-0.29743308, -0.32825263, -0.11265739, -0.46520784]
