Kp1: -3.2988129325257294
Ki1: -0.009681965912212374
Kd1: -0.13841762226513388
Kp2: 0.08213401458318959
Ki2: 0.05192628554841568
Kd2: 0.0
init_obs: [-0.34601676,  0.41835078,  0.43525584,  0.12053841]
