Kp1: -2.7649153584235955
Ki1: -0.009459584701847159
Kd1: -0.15176559314772872
Kp2: 0.07678219053698689
Ki2: 0.050451885638872075
Kd2: 0.0
init_obs: [ 0.49697229, -0.46646817, -0.46078353,  0.14934117]
