Kp1: -3.0352930575786843
Ki1: -0.009244834344330632
Kd1: -0.1366335215238813
Kp2: 0.08553320499966371
Ki2: 0.04695766573876027
Kd2: 0.0
init_obs: [ 0.00259411,  0.04459627, -0.48951379, -0.03743068]
