Kp1: -3.1939138199460926
Ki1: -0.009016813545036742
Kd1: -0.1364426228733797
Kp2: 0.07406838402283976
Ki2: 0.05098811884211255
Kd2: 0.0
init_obs: [-0.44371649, -0.26756283, -0.46259979,  0.02853277]
