Kp1: -2.9879930832945045
Ki1: -0.010466115336539825
Kd1: -0.15407721785097397
Kp2: 0.08382518501425752
Ki2: 0.045171091330281375
Kd2: 0.0
init_obs: [ 0.30127579, -0.07351426, -0.29807011,  0.45336357]
