Kp1: -2.7242533229763035
Ki1: -0.009377237893548291
Kd1: -0.14082827419680768
Kp2: 0.07653207568695934
Ki2: 0.05352040610305612
Kd2: 0.0
init_obs: [-0.25968083,  0.06248794,  0.0229585 ,  0.1264236 ]
