Kp1: -2.739966098990263
Ki1: -0.009988938427254191
Kd1: -0.1404471770156563
Kp2: 0.07809064016534524
Ki2: 0.05302909943711558
Kd2: 0.0
init_obs: [-0.33228172,  0.21790716, -0.44981983,  0.25160977]
