Kp1: -2.7222396665427993
Ki1: -0.010442212711698108
Kd1: -0.15682908475939175
Kp2: 0.07691829619887436
Ki2: 0.049835940715008326
Kd2: 0.0
init_obs: [ 0.34724373, -0.11928642, -0.32429733, -0.35090386]
