Kp1: -2.868752617669686
Ki1: -0.009617942478920628
Kd1: -0.14342608314081653
Kp2: 0.08537534688575878
Ki2: 0.04531679444049462
Kd2: 0.0
init_obs: [-0.12995674,  0.06337139,  0.03153738,  0.48374503]
