Kp1: -3.148697990439157
Ki1: -0.009670892907608874
Kd1: -0.14958514622121946
Kp2: 0.08142848228560669
Ki2: 0.052345986358438415
Kd2: 0.0
init_obs: [-0.35515916, -0.28157091,  0.11092151, -0.46162791]
