Kp1: -3.158662815053384
Ki1: -0.009046042091012752
Kd1: -0.15684342419726918
Kp2: 0.07365921086909533
Ki2: 0.0459468345723514
Kd2: 0.0
init_obs: [-0.486124  , -0.24484495, -0.1184653 , -0.1964642 ]
