Kp1: -3.12275982594962
Ki1: -0.010952367515902567
Kd1: -0.13649930693735274
Kp2: 0.07427247027739141
Ki2: 0.04956546663101133
Kd2: 0.0
init_obs: [ 0.36284671, -0.4766057 , -0.27501202, -0.04911257]
