Kp1: -2.7240792681825607
Ki1: -0.009462514833949793
Kd1: -0.14627770556422154
Kp2: 0.07809740330769975
Ki2: 0.04801868620439422
Kd2: 0.0
init_obs: [-0.09648477, -0.29705668,  0.07113967, -0.20820602]
