Kp1: -2.7433795385818587
Ki1: -0.01006471261640496
Kd1: -0.1505263406121458
Kp2: 0.07958609518402589
Ki2: 0.045794149059735265
Kd2: 0.0
init_obs: [-0.435369  ,  0.31999012, -0.16791085,  0.40706136]
