Kp1: -3.0012495330935893
Ki1: -0.009595632274755482
Kd1: -0.16016453699414884
Kp2: 0.07874934797097721
Ki2: 0.049911069970658334
Kd2: 0.0
init_obs: [ 0.33458568,  0.1152793 , -0.0239925 , -0.0350493 ]
