Kp1: -2.754614491050459
Ki1: -0.0106315803489907
Kd1: -0.16488143576460013
Kp2: 0.07768527096321182
Ki2: 0.05456912403470768
Kd2: 0.0
init_obs: [-0.35534609, -0.34398312,  0.4439123 ,  0.13844894]
