Kp1: -3.1705177815137513
Ki1: -0.009534779505050966
Kd1: -0.15811998459956617
Kp2: 0.07466256691706379
Ki2: 0.050032907879815805
Kd2: 0.0
init_obs: [ 0.31809732, -0.31537412,  0.09583053,  0.05016648]
