Kp1: -2.9718931471374836
Ki1: -0.010720225570143998
Kd1: -0.14308695528268778
Kp2: 0.08409343151570861
Ki2: 0.05380491590579409
Kd2: 0.0
init_obs: [-0.02735996,  0.23124941, -0.3757385 ,  0.38583977]
