Kp1: -3.1667797150714643
Ki1: -0.010592475117735008
Kd1: -0.1437888487326311
Kp2: 0.08487726443408412
Ki2: 0.053186838991364005
Kd2: 0.0
init_obs: [0.45457109, 0.43346791, 0.28394937, 0.48723162]
