Kp1: -2.9175816483520385
Ki1: -0.010861040505491734
Kd1: -0.14309194805266126
Kp2: 0.07288709881646273
Ki2: 0.04543705287254298
Kd2: 0.0
init_obs: [-0.02013194, -0.19201826, -0.47598676, -0.16978438]
