Kp1: -3.1223088773952643
Ki1: -0.009761655889887798
Kd1: -0.1482980733225082
Kp2: 0.0774775694000227
Ki2: 0.04906199368160319
Kd2: 0.0
init_obs: [ 0.49606728,  0.45554726, -0.2498719 ,  0.47349226]
