Kp1: -3.035846640519405
Ki1: -0.010479338558348985
Kd1: -0.1647677304846965
Kp2: 0.08725108644412848
Ki2: 0.05396514617898225
Kd2: 0.0
init_obs: [-0.35186914, -0.22170651, -0.39121623,  0.43128355]
