Kp1: -3.2695539645706004
Ki1: -0.010378077971607742
Kd1: -0.1567593923543473
Kp2: 0.07373229963611888
Ki2: 0.05426717143187479
Kd2: 0.0
init_obs: [-0.24821205, -0.35939945,  0.06382216,  0.07087171]
