Kp1: -2.929513753334911
Ki1: -0.010619899922564869
Kd1: -0.13731327690322076
Kp2: 0.07725823801799298
Ki2: 0.0520099690609071
Kd2: 0.0
init_obs: [-0.02711508,  0.09699913, -0.46657565, -0.16978295]
