Kp1: -2.742599553334551
Ki1: -0.010659772591455213
Kd1: -0.13941377117923426
Kp2: 0.07416597968761338
Ki2: 0.051538360633789616
Kd2: 0.0
init_obs: [ 0.47874378, -0.32696381, -0.21460552, -0.29788667]
