Kp1: -3.2941256189954267
Ki1: -0.009819501666548294
Kd1: -0.1618770807418139
Kp2: 0.0831478556397423
Ki2: 0.04593896965590971
Kd2: 0.0
init_obs: [-0.24816801, -0.22904742, -0.20672569, -0.07488172]
