Kp1: -2.9333150196518103
Ki1: -0.009131264417074424
Kd1: -0.1592823159523334
Kp2: 0.08689368188428219
Ki2: 0.054261804318231834
Kd2: 0.0
init_obs: [ 0.00849257,  0.44829224, -0.33049353, -0.28547133]
