Kp1: -2.9340406318789127
Ki1: -0.009895742534816308
Kd1: -0.13782169577372935
Kp2: 0.08742812009764199
Ki2: 0.05377883759266361
Kd2: 0.0
init_obs: [ 0.14306565,  0.27302509,  0.03825888, -0.00767771]
