Kp1: -2.8555653653044524
Ki1: -0.009164390983019475
Kd1: -0.1455987944012761
Kp2: 0.080079785612334
Ki2: 0.05291521188842468
Kd2: 0.0
init_obs: [-0.04645929, -0.16430139,  0.13301855,  0.25735883]
