Kp1: -3.037514888039827
Ki1: -0.009428041121269092
Kd1: -0.13621782298260238
Kp2: 0.07630251573179207
Ki2: 0.050366916956346736
Kd2: 0.0
init_obs: [-0.43203851, -0.27673711,  0.13043642, -0.12904054]
