Kp1: -2.7040579626174877
Ki1: -0.010072199868024606
Kd1: -0.15412589513225522
Kp2: 0.08626287385292893
Ki2: 0.05405896109548556
Kd2: 0.0
init_obs: [ 0.32946744, -0.04597765,  0.15394406, -0.32235835]
