Kp1: -2.9098123124247954
Ki1: -0.0098459692656533
Kd1: -0.14859916697557457
Kp2: 0.08448351857839835
Ki2: 0.05310188297707913
Kd2: 0.0
init_obs: [ 0.05995933, -0.44748101,  0.1049652 ,  0.38733074]
