Kp1: -3.209430443712986
Ki1: -0.009397350952400242
Kd1: -0.16218233274344623
Kp2: 0.07443182585410739
Ki2: 0.05322614549096985
Kd2: 0.0
init_obs: [ 0.24980967,  0.44021563, -0.31396395,  0.34521691]
