Kp1: -3.213107335170583
Ki1: -0.009707615298767356
Kd1: -0.14480895004019806
Kp2: 0.07429547804537454
Ki2: 0.050832160274942785
Kd2: 0.0
init_obs: [ 0.4018929 , -0.47409101,  0.26884889,  0.32711918]
