Kp1: -2.8833130297241283
Ki1: -0.009372469728063396
Kd1: -0.1399471797180332
Kp2: 0.07611685482780434
Ki2: 0.04941026374418697
Kd2: 0.0
init_obs: [-0.1713542 , -0.0169395 ,  0.08531408, -0.43837961]
