Kp1: -3.156413467320591
Ki1: -0.010327489425268191
Kd1: -0.15167934023922677
Kp2: 0.08108749712684123
Ki2: 0.051378515069623765
Kd2: 0.0
init_obs: [-0.38448475, -0.19789815,  0.10367446,  0.23908101]
