Kp1: -2.9647100714170733
Ki1: -0.009249872809649812
Kd1: -0.15670661028680666
Kp2: 0.07665990698842698
Ki2: 0.04621287288988256
Kd2: 0.0
init_obs: [-0.05990123, -0.16445551, -0.47948992,  0.3092595 ]
