Kp1: -3.135510320856126
Ki1: -0.009206961083898166
Kd1: -0.141843836531873
Kp2: 0.07310485003463087
Ki2: 0.05231303337815965
Kd2: 0.0
init_obs: [-0.25270928,  0.36926052,  0.10175976, -0.37536314]
