Kp1: -2.931465347077959
Ki1: -0.009417896694366872
Kd1: -0.13902981974679263
Kp2: 0.07334533268797908
Ki2: 0.05194470659691519
Kd2: 0.0
init_obs: [ 0.09022658, -0.27445297, -0.07272857, -0.41898843]
