Kp1: -3.038665632184347
Ki1: -0.010942594859185629
Kd1: -0.15732560319442876
Kp2: 0.07830389291700933
Ki2: 0.052889902645543954
Kd2: 0.0
init_obs: [-0.07996272,  0.08817861,  0.24243776,  0.38042067]
