Kp1: -3.0969443822130724
Ki1: -0.010474677914722912
Kd1: -0.1467977431485103
Kp2: 0.08200819878352972
Ki2: 0.045596656024977894
Kd2: 0.0
init_obs: [-0.3557079 , -0.25131692, -0.10773354,  0.02978216]
