Kp1: -2.7595045275513144
Ki1: -0.009832029488387063
Kd1: -0.156273637466065
Kp2: 0.07927324261981594
Ki2: 0.045409747778520276
Kd2: 0.0
init_obs: [ 0.13316228,  0.24300707,  0.08331879, -0.41568694]
