Kp1: -2.768442081490196
Ki1: -0.009768885128620477
Kd1: -0.1387651797035056
Kp2: 0.08085854962385446
Ki2: 0.04624601112798436
Kd2: 0.0
init_obs: [ 0.13857249,  0.47063199,  0.15623773, -0.20581851]
