Kp1: -2.7984141731270675
Ki1: -0.010860034133263054
Kd1: -0.1643912054113307
Kp2: 0.08183388967266167
Ki2: 0.04716623092646776
Kd2: 0.0
init_obs: [-0.1607575 ,  0.0813612 ,  0.3909601 ,  0.26212505]
