Kp1: -2.9195045237010984
Ki1: -0.010405887137679351
Kd1: -0.145032561993797
Kp2: 0.07683418004521501
Ki2: 0.051260481523590154
Kd2: 0.0
init_obs: [ 0.41228643,  0.42860681,  0.32072731, -0.34065608]
