Kp1: -3.2767984542334427
Ki1: -0.009525393517438994
Kd1: -0.15608056403532186
Kp2: 0.08514051305736448
Ki2: 0.05056129100865179
Kd2: 0.0
init_obs: [ 0.09586218, -0.25333726,  0.3071421 ,  0.48295523]
