Kp1: -2.7171099753845906
Ki1: -0.010754423352868525
Kd1: -0.15020327856984522
Kp2: 0.0722120791071992
Ki2: 0.0454834996964538
Kd2: 0.0
init_obs: [-0.14887071, -0.47515576, -0.24229679,  0.1331136 ]
