Kp1: -3.2504455106320633
Ki1: -0.009432432930435228
Kd1: -0.164544647688746
Kp2: 0.07351074962848035
Ki2: 0.04789939071507416
Kd2: 0.0
init_obs: [-0.0080329 ,  0.22842733, -0.08660548, -0.09810713]
