Kp1: -3.137750928856999
Ki1: -0.009823120659340573
Kd1: -0.16385244694180337
Kp2: 0.0741995677463359
Ki2: 0.051739647423510504
Kd2: 0.0
init_obs: [ 0.17757871,  0.07625517, -0.04129047, -0.12425513]
