Kp1: -3.2923712633858404
Ki1: -0.010660398748353813
Kd1: -0.14676418915315068
Kp2: 0.07364121930569179
Ki2: 0.046431283123139114
Kd2: 0.0
init_obs: [-0.24012398, -0.34435638, -0.07432227,  0.32085925]
