Kp1: -3.1239102387485875
Ki1: -0.010306032400015602
Kd1: -0.14791650555927185
Kp2: 0.08048812142910451
Ki2: 0.04775738259365899
Kd2: 0.0
init_obs: [ 0.22911849,  0.4652241 , -0.34266205,  0.41689787]
