Kp1: -3.066441162083352
Ki1: -0.009508487968660438
Kd1: -0.15637866825642727
Kp2: 0.07445541526889782
Ki2: 0.04801567945801974
Kd2: 0.0
init_obs: [ 0.00159301, -0.08377733, -0.47073147,  0.2253217 ]
