Kp1: -3.1900009191549454
Ki1: -0.009747526218266312
Kd1: -0.14999948143465996
Kp2: 0.07326450941253473
Ki2: 0.05267956619080654
Kd2: 0.0
init_obs: [-0.00631621, -0.12901245,  0.39294703,  0.01758697]
