Kp1: -2.9798304463660177
Ki1: -0.010161839050995948
Kd1: -0.14690595900186207
Kp2: 0.08758172741423159
Ki2: 0.04742420409808232
Kd2: 0.0
init_obs: [-0.29341666,  0.27602918, -0.22288487,  0.45520681]
