Kp1: -2.938633029493903
Ki1: -0.010120344695663442
Kd1: -0.15150856797714166
Kp2: 0.08620947341389196
Ki2: 0.047938414929820206
Kd2: 0.0
init_obs: [ 0.2941954 ,  0.40245714, -0.31510927, -0.02153865]
