Kp1: -2.8876926545749244
Ki1: -0.010429928897842524
Kd1: -0.13611301127752265
Kp2: 0.08213166118398388
Ki2: 0.04643946083618194
Kd2: 0.0
init_obs: [ 0.30776138, -0.44971079, -0.09576775,  0.01808658]
