Kp1: -2.9945822905357353
Ki1: -0.01005080644196186
Kd1: -0.16384229649214918
Kp2: 0.0878389172886479
Ki2: 0.053798706642497335
Kd2: 0.0
init_obs: [ 0.17052549, -0.04593014,  0.08553393,  0.22875554]
