Kp1: -3.053972897430567
Ki1: -0.010464861887312082
Kd1: -0.15693636470190075
Kp2: 0.08772714212680262
Ki2: 0.05230380471505128
Kd2: 0.0
init_obs: [-0.01401167,  0.46149718,  0.29451463,  0.12834205]
