Kp1: -2.7803375789838745
Ki1: -0.009864950117095974
Kd1: -0.1449968804100783
Kp2: 0.07366220605899758
Ki2: 0.05177785366639153
Kd2: 0.0
init_obs: [-0.29042327, -0.36594548, -0.46609787, -0.23668433]
