Kp1: -2.845787659966925
Ki1: -0.00996509184756175
Kd1: -0.16225688774425343
Kp2: 0.08081090692141216
Ki2: 0.04683474012575556
Kd2: 0.0
init_obs: [-0.03525611, -0.31821956, -0.25509669,  0.08542457]
