Kp1: -2.834823935516315
Ki1: -0.010342350130319823
Kd1: -0.15615116001807988
Kp2: 0.07502278773939543
Ki2: 0.05290827146702015
Kd2: 0.0
init_obs: [-0.32303587, -0.26308601,  0.28983984,  0.24535796]
