Kp1: -3.201875949985083
Ki1: -0.00973298895426777
Kd1: -0.14873803447622067
Kp2: 0.07697027804599989
Ki2: 0.049782275658139835
Kd2: 0.0
init_obs: [-0.26342335,  0.25561224,  0.0525708 ,  0.48684119]
