Kp1: -2.983543864973952
Ki1: -0.01034836341830605
Kd1: -0.162607537822431
Kp2: 0.07611996366471917
Ki2: 0.04740650730025554
Kd2: 0.0
init_obs: [-0.08844396, -0.02740147,  0.02828596, -0.32694256]
