Kp1: -3.0392037259923823
Ki1: -0.010908651169140837
Kd1: -0.16012518792393282
Kp2: 0.07698489349460223
Ki2: 0.046821092284008534
Kd2: 0.0
init_obs: [0.23609766, 0.08527102, 0.36847013, 0.06998388]
