Kp1: -2.9851691265087528
Ki1: -0.009623725296620752
Kd1: -0.13800882936163225
Kp2: 0.08689623258516477
Ki2: 0.04868296928703937
Kd2: 0.0
init_obs: [ 0.12626075,  0.09088901, -0.01408389, -0.1145798 ]
