Kp1: -3.275246472942264
Ki1: -0.0091302124321611
Kd1: -0.15201488562509538
Kp2: 0.08541363729946612
Ki2: 0.05360395672368128
Kd2: 0.0
init_obs: [-0.35744223,  0.26409129, -0.11675947, -0.22734433]
