Kp1: -3.260090315580427
Ki1: -0.010698451086364595
Kd1: -0.1430215349201074
Kp2: 0.08173956102708836
Ki2: 0.054262040650987324
Kd2: 0.0
init_obs: [ 0.42774397,  0.16568819, -0.36001266, -0.43367991]
