Kp1: -3.11288730178944
Ki1: -0.009960410215160002
Kd1: -0.14250548648710484
Kp2: 0.07870730669780716
Ki2: 0.04547532708046781
Kd2: 0.0
init_obs: [ 0.34489474, -0.34330689, -0.06668058, -0.37881684]
