Kp1: -3.0313309335166965
Ki1: -0.009263068572402116
Kd1: -0.15729073689970952
Kp2: 0.08177137028775933
Ki2: 0.04799437228854322
Kd2: 0.0
init_obs: [ 0.13639726, -0.24314096,  0.02105534,  0.41295146]
