Kp1: -3.0022355851469777
Ki1: -0.010062466019543328
Kd1: -0.143458440021995
Kp2: 0.07949026756908899
Ki2: 0.05418049634703048
Kd2: 0.0
init_obs: [ 0.38476333,  0.05582219, -0.33173293, -0.32205705]
