Kp1: -2.75957213526509
Ki1: -0.01004319433996066
Kd1: -0.14638022300857068
Kp2: 0.07702992795412154
Ki2: 0.054615403307806856
Kd2: 0.0
init_obs: [0.28874546, 0.34924825, 0.01327303, 0.17798891]
