Kp1: -2.955242133829047
Ki1: -0.009879051550446756
Kd1: -0.14597970635349258
Kp2: 0.0736532541688188
Ki2: 0.04936798959486663
Kd2: 0.0
init_obs: [ 0.10390892,  0.34163904, -0.44034232, -0.2575185 ]
