Kp1: -3.081483178465758
Ki1: -0.009514257893448822
Kd1: -0.16181391128345907
Kp2: 0.08696141037006083
Ki2: 0.047385181791641334
Kd2: 0.0
init_obs: [-0.30391756, -0.08941548,  0.1501578 , -0.45019284]
