Kp1: -2.7339838270191223
Ki1: -0.009105037183062189
Kd1: -0.1628839743149343
Kp2: 0.08226322671931105
Ki2: 0.05451571745175156
Kd2: 0.0
init_obs: [ 0.43799609,  0.01125421, -0.23599221,  0.05000361]
