Kp1: -3.20272692833105
Ki1: -0.009890912650606754
Kd1: -0.15906557995277024
Kp2: 0.07903577347190574
Ki2: 0.04926558818208766
Kd2: 0.0
init_obs: [-0.10542654, -0.37317577, -0.24483991, -0.26368291]
