Kp1: -3.2122759307414444
Ki1: -0.009560611006037313
Kd1: -0.1456716723788994
Kp2: 0.08095562093978341
Ki2: 0.053442130850107884
Kd2: 0.0
init_obs: [-0.49816503, -0.41399237, -0.03351561, -0.49276712]
