Kp1: -2.7180006851643106
Ki1: -0.009265601258571895
Kd1: -0.14856732073867449
Kp2: 0.07397287202084735
Ki2: 0.047293228031542345
Kd2: 0.0
init_obs: [ 0.38806094, -0.30755222, -0.10068481,  0.33829818]
