Kp1: -2.930839250846772
Ki1: -0.010700093980566363
Kd1: -0.15434541169694696
Kp2: 0.07703907999459284
Ki2: 0.050393919940392475
Kd2: 0.0
init_obs: [-0.0165732 ,  0.31656843, -0.22169718,  0.48917368]
