Kp1: -2.7663506944765484
Ki1: -0.010419809795567584
Kd1: -0.1592026559785911
Kp2: 0.08704565450400475
Ki2: 0.04636183776929502
Kd2: 0.0
init_obs: [0.37097287, 0.33548711, 0.1190383 , 0.31559802]
