Kp1: -2.8240179910130783
Ki1: -0.010809539086787516
Kd1: -0.1617050009920752
Kp2: 0.07286168482856076
Ki2: 0.04902999460546751
Kd2: 0.0
init_obs: [-0.31817504,  0.12767918, -0.11536396, -0.2695432 ]
