Kp1: -3.0075830029069115
Ki1: -0.009222379793540847
Kd1: -0.14121091348298132
Kp2: 0.08146606327660597
Ki2: 0.04658625591691186
Kd2: 0.0
init_obs: [ 0.44400345, -0.43376779,  0.37380738, -0.30342841]
