Kp1: -3.0270833835751736
Ki1: -0.010398164766011748
Kd1: -0.14341159892058006
Kp2: 0.08729442321164423
Ki2: 0.05378579242518705
Kd2: 0.0
init_obs: [ 0.01167262,  0.02329415, -0.30258349, -0.30593299]
