Kp1: -2.7627574235385293
Ki1: -0.010765584123024934
Kd1: -0.14455393354675813
Kp2: 0.08080130431591843
Ki2: 0.05163904142232848
Kd2: 0.0
init_obs: [-0.31160687,  0.00525416,  0.21475919,  0.23091469]
