Kp1: -2.782068580077542
Ki1: -0.009397751606467367
Kd1: -0.14211558740101468
Kp2: 0.08316495068143946
Ki2: 0.04932415526822398
Kd2: 0.0
init_obs: [-0.26518242, -0.31023329, -0.38830386,  0.39021716]
