Kp1: -3.0778921250525313
Ki1: -0.010425067320655379
Kd1: -0.14587228969837548
Kp2: 0.08124131890582952
Ki2: 0.047835198059680645
Kd2: 0.0
init_obs: [-0.41998852, -0.36462207, -0.34713424,  0.03029825]
