Kp1: -3.2930775841321474
Ki1: -0.009993130118038025
Kd1: -0.13926506589158333
Kp2: 0.08314334693168793
Ki2: 0.051444151993202805
Kd2: 0.0
init_obs: [-0.47346281, -0.41172515, -0.37512054, -0.00209845]
