Kp1: -2.963250294868513
Ki1: -0.01081439081999872
Kd1: -0.15232980669159293
Kp2: 0.07305588358629271
Ki2: 0.051494674641087784
Kd2: 0.0
init_obs: [-0.34241811, -0.31880665,  0.32849993, -0.19004456]
