Kp1: -2.7582478008646114
Ki1: -0.0092372508178967
Kd1: -0.16013642936566547
Kp2: 0.07368042280004064
Ki2: 0.046237925776327224
Kd2: 0.0
init_obs: [-0.46518244, -0.09670748, -0.0527996 , -0.00920755]
