Kp1: -2.925510431768758
Ki1: -0.009734186449690405
Kd1: -0.15019887460635373
Kp2: 0.08341862530030575
Ki2: 0.05380458609696853
Kd2: 0.0
init_obs: [ 0.42503387, -0.13967483,  0.32096428, -0.17362599]
