Kp1: -2.840095864996016
Ki1: -0.010349484270985167
Kd1: -0.14191994586014658
Kp2: 0.07457531895107093
Ki2: 0.048600861757145564
Kd2: 0.0
init_obs: [-0.46418475, -0.12747639,  0.07855365,  0.36988712]
