Kp1: -3.217873358346842
Ki1: -0.010549349357055034
Kd1: -0.14186342255698992
Kp2: 0.07994656402733841
Ki2: 0.04709951765902245
Kd2: 0.0
init_obs: [ 0.44118866,  0.26320755, -0.10949791, -0.1822274 ]
