Kp1: -3.1494846336266398
Ki1: -0.009681503486296424
Kd1: -0.14660120147361552
Kp2: 0.08711562816359593
Ki2: 0.04892473257664803
Kd2: 0.0
init_obs: [ 0.17794081,  0.01605517, -0.24371191,  0.16905094]
