Kp1: -3.0911654259732058
Ki1: -0.01016029335127142
Kd1: -0.14434953162140127
Kp2: 0.07791254327537286
Ki2: 0.050486827171204465
Kd2: 0.0
init_obs: [-0.39829299, -0.36955324, -0.21347408, -0.17247175]
