Kp1: -2.713946659351777
Ki1: -0.009375823754907964
Kd1: -0.14228422149645067
Kp2: 0.07683146506889205
Ki2: 0.04515847134639661
Kd2: 0.0
init_obs: [-0.26274067, -0.33265518,  0.36862256,  0.07162204]
