Kp1: -3.011366927671155
Ki1: -0.010505319905372276
Kd1: -0.15552123161619327
Kp2: 0.07496821127416696
Ki2: 0.0464014988426508
Kd2: 0.0
init_obs: [ 0.23765968,  0.21967938, -0.00852875,  0.19975097]
