Kp1: -3.1146782208253723
Ki1: -0.010649368381633577
Kd1: -0.14444011160674472
Kp2: 0.07956882628333324
Ki2: 0.05233503828069767
Kd2: 0.0
init_obs: [ 0.2563509 , -0.29951277, -0.31074945,  0.29442125]
