Kp1: -3.0728725794946823
Ki1: -0.010807084723798136
Kd1: -0.15923682221323204
Kp2: 0.08037768039931951
Ki2: 0.05191186051406963
Kd2: 0.0
init_obs: [ 0.26463673,  0.04535338,  0.14973103, -0.07291955]
