Kp1: -3.2031189963863644
Ki1: -0.009630819006360177
Kd1: -0.15815597408273388
Kp2: 0.07895181386870823
Ki2: 0.045793364217542036
Kd2: 0.0
init_obs: [-0.46606138,  0.25852072,  0.42325627, -0.44848636]
