Kp1: -2.774201460972946
Ki1: -0.010205115175859146
Kd1: -0.16496300405349035
Kp2: 0.08337943902156245
Ki2: 0.051383162967077706
Kd2: 0.0
init_obs: [ 0.15791193, -0.43864528, -0.46989282, -0.17624268]
