Kp1: -2.754166961520346
Ki1: -0.010867205637348054
Kd1: -0.14331950079420686
Kp2: 0.07759464726201452
Ki2: 0.0477219884839413
Kd2: 0.0
init_obs: [-0.34396063,  0.13328183, -0.42018725,  0.34142485]
