Kp1: -3.1162579023940937
Ki1: -0.010361806003282547
Kd1: -0.14116091010469914
Kp2: 0.07417119770012494
Ki2: 0.05231644762182678
Kd2: 0.0
init_obs: [-0.12043249,  0.45538755, -0.22220441, -0.18501258]
