Kp1: -2.7968553997926167
Ki1: -0.010782258652109503
Kd1: -0.14355976569492246
Kp2: 0.07392812076056804
Ki2: 0.04731032198050117
Kd2: 0.0
init_obs: [-0.08829238,  0.12843334,  0.18042795,  0.28467241]
