Kp1: -3.066266769613361
Ki1: -0.009401709792402253
Kd1: -0.16321577826223665
Kp2: 0.07586582969257884
Ki2: 0.048638777786002924
Kd2: 0.0
init_obs: [ 0.16512303, -0.00271152, -0.00756194, -0.32720705]
