Kp1: -2.7828126363755628
Ki1: -0.009788463193688448
Kd1: -0.1611143347513642
Kp2: 0.0760256054214453
Ki2: 0.04684960051676311
Kd2: 0.0
init_obs: [ 0.19481403, -0.38593829,  0.09146885, -0.07478229]
