Kp1: -3.0869497167906315
Ki1: -0.010447036535343226
Kd1: -0.1371928375057206
Kp2: 0.08278072249097194
Ki2: 0.05410587262375455
Kd2: 0.0
init_obs: [ 0.25176748,  0.03881444,  0.07267872, -0.22808809]
