Kp1: -3.259431781436217
Ki1: -0.009174467979210997
Kd1: -0.14115003763658485
Kp2: 0.07894073156705757
Ki2: 0.0484240368318022
Kd2: 0.0
init_obs: [-0.0095497 ,  0.42873489, -0.1485698 ,  0.12279413]
