Kp1: -3.0154173003100384
Ki1: -0.010553496141879835
Kd1: -0.149081830909325
Kp2: 0.07238277814415046
Ki2: 0.0487201404221331
Kd2: 0.0
init_obs: [ 0.22156149,  0.08953196,  0.36913182, -0.10144388]
