Kp1: -2.927920441174045
Ki1: -0.010818811640712299
Kd1: -0.14360531606635618
Kp2: 0.07706126436388008
Ki2: 0.05344839615468299
Kd2: 0.0
init_obs: [-0.08169805, -0.18924589, -0.36575988,  0.17233627]
