Kp1: -3.2762160446865147
Ki1: -0.010726448984202792
Kd1: -0.14331951364238582
Kp2: 0.07941589422720086
Ki2: 0.053482549378193
Kd2: 0.0
init_obs: [-0.21326854,  0.25055067, -0.36042024, -0.08607921]
