Kp1: -3.204046542992007
Ki1: -0.009535274382642048
Kd1: -0.15682091105039686
Kp2: 0.07344562610564995
Ki2: 0.046697858847711826
Kd2: 0.0
init_obs: [ 0.12333707,  0.29410233,  0.44735885, -0.42368897]
