Kp1: -2.7680924034067247
Ki1: -0.010731019539829778
Kd1: -0.13987164313785225
Kp2: 0.08360907706178194
Ki2: 0.052766664209879854
Kd2: 0.0
init_obs: [-0.31244055, -0.04868118, -0.44765089,  0.10692507]
