Kp1: -3.0071194646535178
Ki1: -0.010580881280720322
Kd1: -0.1628580625292883
Kp2: 0.07214982785948282
Ki2: 0.04511861702731611
Kd2: 0.0
init_obs: [ 0.37121574,  0.17567597, -0.42969826, -0.01319046]
