Kp1: -2.836876699243171
Ki1: -0.00990186835974501
Kd1: -0.13862956209790142
Kp2: 0.08288611093523866
Ki2: 0.04871724900773011
Kd2: 0.0
init_obs: [ 0.31437619,  0.37232865, -0.11144399, -0.2678238 ]
