Kp1: -2.9515090086853366
Ki1: -0.009478546303235715
Kd1: -0.13724345771295074
Kp2: 0.08287757575742268
Ki2: 0.05274391781811736
Kd2: 0.0
init_obs: [-0.39053815, -0.16842397, -0.0146288 , -0.17853342]
