Kp1: -2.9626987597135495
Ki1: -0.009374809505824195
Kd1: -0.1552340662146671
Kp2: 0.07244294431013108
Ki2: 0.04811049715331686
Kd2: 0.0
init_obs: [-0.31501825,  0.04330164, -0.07627459, -0.27120512]
