Kp1: -3.207540911047987
Ki1: -0.009752595432454065
Kd1: -0.13879802927608365
Kp2: 0.08375564861979246
Ki2: 0.05397959655067008
Kd2: 0.0
init_obs: [-0.33667681,  0.20682936,  0.15937998,  0.07624522]
