Kp1: -3.2368415435125653
Ki1: -0.010865157939812378
Kd1: -0.14424376166192604
Kp2: 0.0875421470033979
Ki2: 0.0511883560109548
Kd2: 0.0
init_obs: [ 0.4349366 , -0.01584637, -0.1975108 ,  0.02441514]
