Kp1: -3.01777515173306
Ki1: -0.010789665244649955
Kd1: -0.13638164693269786
Kp2: 0.0723520052594041
Ki2: 0.04826094297758129
Kd2: 0.0
init_obs: [-0.28025236,  0.0755327 ,  0.17864153, -0.27442618]
