Kp1: -2.78126564513816
Ki1: -0.00928551531160129
Kd1: -0.13642694998281468
Kp2: 0.07742568503119274
Ki2: 0.04819563854152518
Kd2: 0.0
init_obs: [ 0.35821031, -0.15239758,  0.44360345, -0.27883362]
