Kp1: -2.8224454109980988
Ki1: -0.009279535095066325
Kd1: -0.15960048539543198
Kp2: 0.08467487386509939
Ki2: 0.04790851450323561
Kd2: 0.0
init_obs: [-0.07273909,  0.37831042,  0.42186067,  0.33639907]
