Kp1: -2.969881074214347
Ki1: -0.010918665445934908
Kd1: -0.13636974978068883
Kp2: 0.08165713156982542
Ki2: 0.04978091490348799
Kd2: 0.0
init_obs: [-0.43256563, -0.49185068,  0.24622893, -0.05766768]
