Kp1: -2.749369901361182
Ki1: -0.009782752292697266
Kd1: -0.1559288839992429
Kp2: 0.08291185602889384
Ki2: 0.047716214783885644
Kd2: 0.0
init_obs: [-0.39073902,  0.15757437, -0.09011593, -0.00149077]
