Kp1: -2.9725699929923537
Ki1: -0.009445687555802086
Kd1: -0.15380452651428747
Kp2: 0.07779159358427236
Ki2: 0.052280647208191436
Kd2: 0.0
init_obs: [-0.06551536,  0.42989476, -0.39306052, -0.29202808]
