Kp1: -3.01301503244762
Ki1: -0.010037898280052358
Kd1: -0.15306287178003597
Kp2: 0.08084128497991641
Ki2: 0.05171762730915674
Kd2: 0.0
init_obs: [-0.48646343,  0.4852185 ,  0.36566201, -0.3816908 ]
