Kp1: -3.0997588904066804
Ki1: -0.009966094978619881
Kd1: -0.1621495708531394
Kp2: 0.07828092543994179
Ki2: 0.046839866545567856
Kd2: 0.0
init_obs: [-0.12473724,  0.12343826,  0.27832434,  0.49659651]
