Kp1: -2.9662693013865447
Ki1: -0.010384752221850124
Kd1: -0.1524988122500546
Kp2: 0.0738508914727191
Ki2: 0.045024209203323715
Kd2: 0.0
init_obs: [-0.4680346 ,  0.1137823 , -0.45073226, -0.21734525]
