Kp1: -2.9256529005782053
Ki1: -0.009896831662303925
Kd1: -0.14793337992697098
Kp2: 0.08115569002461546
Ki2: 0.04942980326920803
Kd2: 0.0
init_obs: [-0.30874847,  0.17927134,  0.10719512,  0.3989513 ]
