Kp1: -3.2953682848220742
Ki1: -0.009529151612975803
Kd1: -0.14109883302504608
Kp2: 0.07800793667916196
Ki2: 0.05424360904492925
Kd2: 0.0
init_obs: [ 0.13242067, -0.10386545, -0.03528679,  0.2054881 ]
