Kp1: -2.881113452322235
Ki1: -0.009585014935520853
Kd1: -0.16188972016160885
Kp2: 0.08665702056050048
Ki2: 0.04992109671062637
Kd2: 0.0
init_obs: [-0.08592466,  0.37722179, -0.37287123, -0.16348506]
