Kp1: -3.0988627736089036
Ki1: -0.010807392242621236
Kd1: -0.16235472782002017
Kp2: 0.08245183011344129
Ki2: 0.04697600629315265
Kd2: 0.0
init_obs: [-0.24470167,  0.28198908,  0.40914116,  0.14224524]
