Kp1: -3.1279570329446122
Ki1: -0.010322840417133789
Kd1: -0.15461435555887865
Kp2: 0.07740112238909244
Ki2: 0.05286861672093695
Kd2: 0.0
init_obs: [-0.34323458,  0.35243491,  0.38995534,  0.28138916]
