Kp1: -2.8943302539368103
Ki1: -0.010833334234672294
Kd1: -0.14056474712133452
Kp2: 0.0778473306906101
Ki2: 0.04563339734895742
Kd2: 0.0
init_obs: [ 0.131759  , -0.46741053,  0.02292824,  0.19507703]
