Kp1: -2.7582235384533833
Ki1: -0.01090272258678909
Kd1: -0.15270013186276904
Kp2: 0.08062541485972034
Ki2: 0.05303114265497031
Kd2: 0.0
init_obs: [ 0.44933553, -0.23453783,  0.43714469,  0.17954311]
