Kp1: -3.0844355035187343
Ki1: -0.00903518219150444
Kd1: -0.15361174457618182
Kp2: 0.08316363526562656
Ki2: 0.048732639281547946
Kd2: 0.0
init_obs: [-0.47420858,  0.08989804,  0.43987961,  0.21800192]
