Kp1: -2.8814074195139843
Ki1: -0.009329210280290939
Kd1: -0.15015598582900574
Kp2: 0.07578959120641086
Ki2: 0.05024068433384726
Kd2: 0.0
init_obs: [-0.37235713, -0.43788863, -0.00735927,  0.42164253]
