Kp1: -3.2267512080557523
Ki1: -0.009427810055208135
Kd1: -0.1414210278426099
Kp2: 0.07510633542737179
Ki2: 0.04637330834540834
Kd2: 0.0
init_obs: [ 0.26200033, -0.39184341, -0.32960716,  0.14550524]
