Kp1: -2.764317832670715
Ki1: -0.010174274891252699
Kd1: -0.15658749871020794
Kp2: 0.07988519454433829
Ki2: 0.05308278346705846
Kd2: 0.0
init_obs: [-0.47952848, -0.25522529,  0.41817472,  0.32633674]
