Kp1: -2.9583196720279585
Ki1: -0.01072005380168988
Kd1: -0.15116908543352414
Kp2: 0.07517805819932571
Ki2: 0.04732907395570665
Kd2: 0.0
init_obs: [-0.47897677, -0.1052661 ,  0.45483507,  0.296779  ]
