Kp1: -2.7463459777361745
Ki1: -0.01093869440872212
Kd1: -0.14073409917718402
Kp2: 0.07382413263597219
Ki2: 0.04773931135930862
Kd2: 0.0
init_obs: [ 0.19721447, -0.13324964,  0.16490341, -0.37585903]
