Kp1: -3.283406285587371
Ki1: -0.009734102498917919
Kd1: -0.14050319539598757
Kp2: 0.07847420522550987
Ki2: 0.051746410560272675
Kd2: 0.0
init_obs: [ 0.24145431, -0.02521052, -0.05512373, -0.35098782]
