Kp1: -3.1178198348860313
Ki1: -0.010275894291474495
Kd1: -0.14118220698906642
Kp2: 0.08410738792708841
Ki2: 0.04751428045407931
Kd2: 0.0
init_obs: [ 0.12148795,  0.46622626, -0.28512568,  0.47762792]
