Kp1: -2.969778777610113
Ki1: -0.009080313925410359
Kd1: -0.1561146269618693
Kp2: 0.07591372017962457
Ki2: 0.047193394916269824
Kd2: 0.0
init_obs: [ 0.15099308,  0.04799657, -0.37667102,  0.16839561]
