Kp1: -2.7729727267236552
Ki1: -0.00934859005908448
Kd1: -0.1374693615908915
Kp2: 0.07476841405120332
Ki2: 0.04943549180779945
Kd2: 0.0
init_obs: [ 0.2379551 ,  0.40523945, -0.35014358,  0.01162961]
