Kp1: -2.734568497091593
Ki1: -0.009058304702321258
Kd1: -0.15475106762809468
Kp2: 0.0767069906726465
Ki2: 0.04821441497546521
Kd2: 0.0
init_obs: [-0.34641889,  0.40979431,  0.05816031, -0.11553008]
