Kp1: -2.9140889212100483
Ki1: -0.009631842240919692
Kd1: -0.15805059654666764
Kp2: 0.07479970468031717
Ki2: 0.05391730529953366
Kd2: 0.0
init_obs: [ 0.32312002, -0.424386  , -0.25719322,  0.45983994]
