Kp1: -3.1848984373481564
Ki1: -0.009243346900232338
Kd1: -0.15531205718869273
Kp2: 0.08246425052230884
Ki2: 0.053342729865298345
Kd2: 0.0
init_obs: [ 0.11382446, -0.3637984 , -0.04539676, -0.00508053]
