Kp1: -2.7426664066726767
Ki1: -0.009562733463591854
Kd1: -0.14677956851956214
Kp2: 0.0814421046795667
Ki2: 0.05095640541506324
Kd2: 0.0
init_obs: [-0.04953853, -0.03290947, -0.0373057 , -0.17668118]
