Kp1: -3.094724838984395
Ki1: -0.010864200760154047
Kd1: -0.14248656635975518
Kp2: 0.0860131077567875
Ki2: 0.050586858308504117
Kd2: 0.0
init_obs: [-0.05325779,  0.06066667,  0.24213413, -0.30665624]
