Kp1: -2.82930873060236
Ki1: -0.010944667065229967
Kd1: -0.16261604532413323
Kp2: 0.08090400259435944
Ki2: 0.050871679444395704
Kd2: 0.0
init_obs: [ 0.40726285,  0.40370028, -0.35285059,  0.42226275]
