Kp1: -3.040670187371305
Ki1: -0.010659987380488163
Kd1: -0.14447464956200845
Kp2: 0.07491414566560413
Ki2: 0.04746656514426591
Kd2: 0.0
init_obs: [0.17161481, 0.27288177, 0.40062752, 0.26685155]
