Kp1: -3.1760419794441486
Ki1: -0.010477834493374463
Kd1: -0.1395199277694897
Kp2: 0.080020358373498
Ki2: 0.05327100826914029
Kd2: 0.0
init_obs: [ 0.06896834,  0.03218938,  0.02431794, -0.30655628]
