Kp1: -3.1258531732433052
Ki1: -0.010325122891679885
Kd1: -0.15481415962579606
Kp2: 0.07574956522464003
Ki2: 0.04624256953492003
Kd2: 0.0
init_obs: [-0.33696977,  0.01784025,  0.10051257, -0.16249479]
