Kp1: -2.7395737641709013
Ki1: -0.010485432413404869
Kd1: -0.1644486468296062
Kp2: 0.07429723710994951
Ki2: 0.05498673360384024
Kd2: 0.0
init_obs: [-0.21990361,  0.31782022,  0.09894906,  0.19884525]
