Kp1: -3.0166981452173225
Ki1: -0.009566872533638651
Kd1: -0.14784886072816375
Kp2: 0.07461378134257272
Ki2: 0.04938130387987075
Kd2: 0.0
init_obs: [0.21174701, 0.11599653, 0.21634058, 0.1966404 ]
