Kp1: -3.0070485419496764
Ki1: -0.009099666515072992
Kd1: -0.14038109842957325
Kp2: 0.07235629857920035
Ki2: 0.051044516537852185
Kd2: 0.0
init_obs: [-0.13779518, -0.31056602, -0.05933771, -0.32367025]
