Kp1: -3.1634488312814177
Ki1: -0.010805108057807652
Kd1: -0.15363092448481844
Kp2: 0.07381186005905932
Ki2: 0.047291948267752265
Kd2: 0.0
init_obs: [ 0.3126044 ,  0.18180011,  0.32281699, -0.25552836]
