Kp1: -2.797395874479062
Ki1: -0.00979980524771398
Kd1: -0.15800182795970036
Kp2: 0.07291540974170817
Ki2: 0.05135808217529361
Kd2: 0.0
init_obs: [ 0.03808289, -0.4999477 ,  0.26279645,  0.02029598]
