Kp1: -3.0234586689588605
Ki1: -0.009971745029199383
Kd1: -0.15225795960495542
Kp2: 0.08164462685324533
Ki2: 0.0453604609543586
Kd2: 0.0
init_obs: [-0.14725093, -0.3827306 , -0.23587942, -0.00488161]
