Kp1: -3.1931671344051864
Ki1: -0.01040301546239845
Kd1: -0.13920432072987562
Kp2: 0.07412790929407082
Ki2: 0.05350886953310327
Kd2: 0.0
init_obs: [-0.0856653 , -0.19410008, -0.17828119, -0.21151952]
