Kp1: -3.185578326574076
Ki1: -0.009520766250946763
Kd1: -0.1466097304278259
Kp2: 0.08603779640867433
Ki2: 0.05289763770723965
Kd2: 0.0
init_obs: [-0.43093791, -0.42432958,  0.12617638,  0.22522584]
