Kp1: -3.088173741865903
Ki1: -0.010031817610300668
Kd1: -0.15492715731476892
Kp2: 0.07653612326946217
Ki2: 0.05270681351352076
Kd2: 0.0
init_obs: [ 0.18918568, -0.35468683,  0.03993688, -0.30506354]
