Kp1: -3.1346459838117893
Ki1: -0.010941319607526924
Kd1: -0.16253608505963427
Kp2: 0.08560235759668945
Ki2: 0.050197341988856975
Kd2: 0.0
init_obs: [-0.299748  , -0.25896483,  0.03512452, -0.34874335]
