Kp1: -2.8301485492462444
Ki1: -0.009119538378398847
Kd1: -0.15398841629980217
Kp2: 0.0728562182664074
Ki2: 0.050462131233061716
Kd2: 0.0
init_obs: [ 0.37094182, -0.28424889,  0.29719199,  0.23831578]
