Kp1: -3.127190540069743
Ki1: -0.010818556480881003
Kd1: -0.14698453149723195
Kp2: 0.07721126164218912
Ki2: 0.048199376617998405
Kd2: 0.0
init_obs: [ 0.03386926,  0.16546134,  0.0680823 , -0.30148108]
