Kp1: -2.9637463480520476
Ki1: -0.009085624267326604
Kd1: -0.15664574831575828
Kp2: 0.08027615580832649
Ki2: 0.05451836450899385
Kd2: 0.0
init_obs: [ 0.4017093 ,  0.14996541, -0.03925685,  0.1276104 ]
