Kp1: -3.228573088844207
Ki1: -0.010457705708192289
Kd1: -0.16404302995155157
Kp2: 0.08491906900894554
Ki2: 0.045117555023698026
Kd2: 0.0
init_obs: [-0.02291227, -0.48743346, -0.49500422,  0.31549469]
