Kp1: -2.722277557167264
Ki1: -0.009137325526100951
Kd1: -0.15235087504094755
Kp2: 0.07315182422799821
Ki2: 0.04949049904844275
Kd2: 0.0
init_obs: [ 0.04744024, -0.12480355,  0.27918665, -0.44902159]
