Kp1: -2.8445794057898888
Ki1: -0.009429802970361986
Kd1: -0.14252040806348876
Kp2: 0.08330203622513788
Ki2: 0.05021616539063689
Kd2: 0.0
init_obs: [ 0.34916316, -0.25155639, -0.22565237, -0.09084137]
