Kp1: -3.0638122629479354
Ki1: -0.009162862663107807
Kd1: -0.15835125201950861
Kp2: 0.08779314386902329
Ki2: 0.05062146161464216
Kd2: 0.0
init_obs: [ 0.32160232, -0.47869407,  0.14057082,  0.24072364]
