Kp1: -3.078290854732185
Ki1: -0.010909117226692647
Kd1: -0.14517961631378576
Kp2: 0.08462413142570188
Ki2: 0.04700298196804492
Kd2: 0.0
init_obs: [ 0.38801083, -0.20750767,  0.0073793 ,  0.21679779]
