Kp1: -3.132387910253553
Ki1: -0.010875001005371745
Kd1: -0.15967720593553034
Kp2: 0.08588852315168435
Ki2: 0.04743017242123896
Kd2: 0.0
init_obs: [ 0.02683545,  0.30159776, -0.33454923,  0.2351262 ]
