Kp1: -3.1864206284907017
Ki1: -0.010280810905563757
Kd1: -0.16255546041261917
Kp2: 0.0769693422822339
Ki2: 0.046509608344364885
Kd2: 0.0
init_obs: [-0.38013251,  0.312591  ,  0.37285855, -0.00122699]
