Kp1: -3.1442925734167897
Ki1: -0.010072411129764326
Kd1: -0.15393683990222498
Kp2: 0.07545548954517442
Ki2: 0.04552210742768519
Kd2: 0.0
init_obs: [-0.1741704 , -0.39338131,  0.10335997, -0.03501274]
