Kp1: -2.872428091994603
Ki1: -0.010979043757371446
Kd1: -0.13787464446230238
Kp2: 0.07904795875282031
Ki2: 0.054663113318938084
Kd2: 0.0
init_obs: [-0.31487289,  0.04058069,  0.04883137, -0.36740923]
