Kp1: -3.0031390479617253
Ki1: -0.010555447840027
Kd1: -0.14927426401665222
Kp2: 0.08262560381475424
Ki2: 0.04500219476727965
Kd2: 0.0
init_obs: [-0.00988698, -0.10609598,  0.19298693,  0.3884517 ]
