Kp1: -3.1357925329076037
Ki1: -0.009439781598017616
Kd1: -0.15008214303388084
Kp2: 0.08728683867836573
Ki2: 0.05260950836242232
Kd2: 0.0
init_obs: [ 0.03489311,  0.05616718, -0.36158627,  0.21705305]
