Kp1: -2.8481407112511485
Ki1: -0.01023125546445804
Kd1: -0.1604261936248999
Kp2: 0.08403230148034097
Ki2: 0.05353898898439757
Kd2: 0.0
init_obs: [ 0.03035495, -0.18012119, -0.0167646 ,  0.4244995 ]
