Kp1: -3.030337197857209
Ki1: -0.01039969139147075
Kd1: -0.14757754018588168
Kp2: 0.08676318841346048
Ki2: 0.05174816649480303
Kd2: 0.0
init_obs: [ 0.17215863,  0.35185089, -0.42838743,  0.26351505]
