Kp1: -2.7523078523768967
Ki1: -0.01065857212798598
Kd1: -0.14755307088326264
Kp2: 0.07583475364345581
Ki2: 0.04519778715249935
Kd2: 0.0
init_obs: [ 0.16006652, -0.27860201,  0.183395  , -0.04120742]
