Kp1: -3.205141287848165
Ki1: -0.010299078054025197
Kd1: -0.14908314159683952
Kp2: 0.08500521018517475
Ki2: 0.04702799242102407
Kd2: 0.0
init_obs: [ 0.12340301, -0.20040371, -0.35698601,  0.12193416]
