Kp1: -2.73625121806324
Ki1: -0.010788957124278884
Kd1: -0.146904889819545
Kp2: 0.08575258246331074
Ki2: 0.0531108642923284
Kd2: 0.0
init_obs: [ 0.2628975 , -0.21052028, -0.30138066, -0.41241985]
