Kp1: -2.7832754741261225
Ki1: -0.009538424684363903
Kd1: -0.16367891236519627
Kp2: 0.08373509906810701
Ki2: 0.046267521253289395
Kd2: 0.0
init_obs: [-0.3539825 ,  0.39409009,  0.35329323,  0.15243141]
