Kp1: -3.093682041507078
Ki1: -0.009308831979048061
Kd1: -0.14342753047560236
Kp2: 0.08253784297676338
Ki2: 0.04933713722854485
Kd2: 0.0
init_obs: [ 0.45643778, -0.07680264,  0.47846698,  0.22260644]
