Kp1: -3.1059517330312323
Ki1: -0.010451511005141722
Kd1: -0.15178791748180634
Kp2: 0.07862119364260114
Ki2: 0.046339406646137164
Kd2: 0.0
init_obs: [ 0.02802214, -0.32818782, -0.11532724,  0.31929403]
