Kp1: -3.2053966972805967
Ki1: -0.010200280286868972
Kd1: -0.15918192553850322
Kp2: 0.07474594397120682
Ki2: 0.053463397353444124
Kd2: 0.0
init_obs: [ 0.23986227, -0.35532376,  0.27543848,  0.14420626]
