Kp1: -3.183545021470005
Ki1: -0.01038355094916297
Kd1: -0.15280376690051783
Kp2: 0.08355041156860483
Ki2: 0.051740842963741554
Kd2: 0.0
init_obs: [ 0.11432258, -0.08528577, -0.41560959, -0.060237  ]
