Kp1: -3.09250900226242
Ki1: -0.009403182189865661
Kd1: -0.14685631469304689
Kp2: 0.08206518568037917
Ki2: 0.049923176759609736
Kd2: 0.0
init_obs: [ 3.31122618e-01,  4.65216672e-01, -4.53247701e-04, -2.59138506e-01]
