Kp1: -2.933142208639648
Ki1: -0.009585577897921171
Kd1: -0.13546569392680616
Kp2: 0.07890207616810965
Ki2: 0.054662507158957756
Kd2: 0.0
init_obs: [-0.4161085 , -0.24263161,  0.01809115,  0.03388386]
