Kp1: -2.9000325338430013
Ki1: -0.009823587361084499
Kd1: -0.14179347740504408
Kp2: 0.07297968129390854
Ki2: 0.04944749946854174
Kd2: 0.0
init_obs: [ 0.31423714, -0.23374333, -0.09889553,  0.32626263]
