Kp1: -2.9250101741356973
Ki1: -0.010453197263491623
Kd1: -0.14369633471926152
Kp2: 0.08232012795001485
Ki2: 0.05202216137490145
Kd2: 0.0
init_obs: [-0.25356868,  0.28798564,  0.25479716,  0.08703222]
