Kp1: -2.8330497528070353
Ki1: -0.009669545407768812
Kd1: -0.15689982970853597
Kp2: 0.08088172483909566
Ki2: 0.0530390850347372
Kd2: 0.0
init_obs: [-0.38639291, -0.05660694,  0.16429786, -0.45146757]
