Kp1: -3.1218250992641385
Ki1: -0.010487137819902665
Kd1: -0.14090542605528103
Kp2: 0.07465264900140149
Ki2: 0.04518259713960571
Kd2: 0.0
init_obs: [ 0.49063449,  0.00735366,  0.48965925, -0.01700058]
