Kp1: -2.832066730936055
Ki1: -0.009076483788195203
Kd1: -0.14344813101104706
Kp2: 0.07799154097523264
Ki2: 0.05228499723063258
Kd2: 0.0
init_obs: [ 0.24788303, -0.08585806,  0.05272824, -0.47053344]
