Kp1: -2.797569297895264
Ki1: -0.009373532194533726
Kd1: -0.1466289605504165
Kp2: 0.08747059648928533
Ki2: 0.053531651570732454
Kd2: 0.0
init_obs: [-0.31157642, -0.00129516, -0.36607181, -0.02702431]
