Kp1: -3.0718982627243174
Ki1: -0.00917283469755191
Kd1: -0.16305176466437232
Kp2: 0.08651107404865696
Ki2: 0.04747761569153459
Kd2: 0.0
init_obs: [-0.24382093, -0.08087417, -0.45830201,  0.00181988]
