Kp1: -2.7354357212444316
Ki1: -0.009786627128785549
Kd1: -0.14149083241504407
Kp2: 0.08605320386162629
Ki2: 0.05244609753364893
Kd2: 0.0
init_obs: [ 0.36254777,  0.20261461, -0.04082197,  0.49398105]
