Kp1: -2.842792381863269
Ki1: -0.010463206112265753
Kd1: -0.16183697899827065
Kp2: 0.08782184106785948
Ki2: 0.04519681375347448
Kd2: 0.0
init_obs: [ 0.23761728, -0.23381903, -0.46118401,  0.14349215]
