Kp1: -2.8690975700442523
Ki1: -0.009184685411160683
Kd1: -0.13834496086212117
Kp2: 0.08567866164309869
Ki2: 0.04556530832222883
Kd2: 0.0
init_obs: [-0.3898338 , -0.05126695,  0.0629473 ,  0.39449985]
