Kp1: -2.7628787821984204
Ki1: -0.010957069985960157
Kd1: -0.14382806831776065
Kp2: 0.07750481073785108
Ki2: 0.04730289672867778
Kd2: 0.0
init_obs: [ 0.16897811, -0.42593975, -0.30131486, -0.14080276]
