Kp1: -2.927426814926986
Ki1: -0.010439052256714989
Kd1: -0.16281500268275506
Kp2: 0.08065254959693967
Ki2: 0.04950321602347448
Kd2: 0.0
init_obs: [ 0.23058612, -0.04039403, -0.44974143,  0.41527085]
