Kp1: -2.782091266111429
Ki1: -0.009770184974605101
Kd1: -0.16048885217717118
Kp2: 0.08662299431327834
Ki2: 0.0547289892364785
Kd2: 0.0
init_obs: [-0.06910942, -0.47060886,  0.48829277,  0.29292749]
