Kp1: -3.1943822734256644
Ki1: -0.010550873522670083
Kd1: -0.15198241312262917
Kp2: 0.07202255590445854
Ki2: 0.046160849684858424
Kd2: 0.0
init_obs: [-0.39017254,  0.13071671,  0.37434835, -0.13844393]
