Kp1: -2.8666247961090137
Ki1: -0.010027349963430535
Kd1: -0.160917765485352
Kp2: 0.07555905222837786
Ki2: 0.0506253838271364
Kd2: 0.0
init_obs: [-0.13702428,  0.47648768,  0.04209834, -0.14311372]
