Kp1: -3.197860319073217
Ki1: -0.00970187920331481
Kd1: -0.13557335319549438
Kp2: 0.08046274639902495
Ki2: 0.05353125178723233
Kd2: 0.0
init_obs: [-0.3680577 ,  0.14992764, -0.08873226,  0.15423703]
