Kp1: -3.158891346814836
Ki1: -0.01041486715420114
Kd1: -0.16498821954244625
Kp2: 0.07451392148715599
Ki2: 0.05428820398925906
Kd2: 0.0
init_obs: [ 0.49657128,  0.13457117, -0.21625322,  0.10062059]
