Kp1: -2.8266959950062436
Ki1: -0.00954681507570885
Kd1: -0.14688560435245143
Kp2: 0.07726153221562682
Ki2: 0.05384773114546646
Kd2: 0.0
init_obs: [-0.12898654,  0.13986409,  0.03291239,  0.17259437]
