Kp1: -3.2941823248334146
Ki1: -0.010119428035943814
Kd1: -0.14183481639922854
Kp2: 0.07703647163976111
Ki2: 0.04986620798810838
Kd2: 0.0
init_obs: [0.22620758, 0.27403163, 0.18796366, 0.02119318]
