Kp1: -2.9650360915979164
Ki1: -0.010967792227699525
Kd1: -0.13631646699420252
Kp2: 0.08226862449368415
Ki2: 0.054288568036188645
Kd2: 0.0
init_obs: [ 0.40555127,  0.48633369, -0.41421859, -0.49355931]
