Kp1: -2.8175866738132678
Ki1: -0.009578468319820482
Kd1: -0.1491875867483607
Kp2: 0.07959264644507866
Ki2: 0.05280275196932485
Kd2: 0.0
init_obs: [-0.15662805,  0.4704176 , -0.10268561,  0.25831664]
