Kp1: -3.099926244574895
Ki1: -0.010515751888186221
Kd1: -0.16439892605946552
Kp2: 0.07409471908008235
Ki2: 0.04836286914238567
Kd2: 0.0
init_obs: [-0.15216027,  0.37201553, -0.27803935, -0.32799154]
