Kp1: -3.1873190344749256
Ki1: -0.010039054005080334
Kd1: -0.15561297118058112
Kp2: 0.07358303887071674
Ki2: 0.05035900887923285
Kd2: 0.0
init_obs: [ 0.18270792, -0.21080862,  0.21994986,  0.22719962]
