Kp1: -2.7572286173809726
Ki1: -0.009417121426398277
Kd1: -0.14374631509939292
Kp2: 0.08253798989725972
Ki2: 0.052546186197952455
Kd2: 0.0
init_obs: [-0.27527241, -0.37110592, -0.13351085, -0.37467464]
