Kp1: -3.02231843450327
Ki1: -0.010728533079152345
Kd1: -0.14847480911680982
Kp2: 0.08020622334140169
Ki2: 0.05456914818301613
Kd2: 0.0
init_obs: [-0.47947757,  0.10449596, -0.36105586, -0.08597683]
