Kp1: -2.8352897374012285
Ki1: -0.009545403740580289
Kd1: -0.1542650659490007
Kp2: 0.08553043886337224
Ki2: 0.04565159528587693
Kd2: 0.0
init_obs: [ 0.26693466, -0.42650848, -0.48427589,  0.29619079]
