Kp1: -2.7722537835570256
Ki1: -0.010107964590322411
Kd1: -0.13532788537106977
Kp2: 0.07981796315250085
Ki2: 0.048185588793139264
Kd2: 0.0
init_obs: [-0.00706456,  0.46494832, -0.28071781, -0.09033997]
