Kp1: -3.169279652016681
Ki1: -0.010614570169302543
Kd1: -0.14522253241687683
Kp2: 0.0726430350944189
Ki2: 0.05327720364964056
Kd2: 0.0
init_obs: [-0.03930627, -0.31143166,  0.36620109,  0.13549369]
