Kp1: -3.2854006058988983
Ki1: -0.010965258948329415
Kd1: -0.15662174259652908
Kp2: 0.07520413704381206
Ki2: 0.054091763717221
Kd2: 0.0
init_obs: [ 0.4538942 ,  0.41647685,  0.3825711 , -0.27047819]
