Kp1: -3.079066397803599
Ki1: -0.010317424881545577
Kd1: -0.1395031453271406
Kp2: 0.08571619549815704
Ki2: 0.04964136713454224
Kd2: 0.0
init_obs: [-0.12425134,  0.4993598 , -0.19465086, -0.37843962]
