Kp1: -3.195693690913026
Ki1: -0.01068396351250085
Kd1: -0.14601944120318266
Kp2: 0.08010578638940949
Ki2: 0.05323640747254448
Kd2: 0.0
init_obs: [ 0.03176767, -0.362848  ,  0.4354659 , -0.43062966]
