Kp1: -3.0057829151108537
Ki1: -0.00927413115277861
Kd1: -0.14833327218150807
Kp2: 0.08164876394148349
Ki2: 0.051908619006789315
Kd2: 0.0
init_obs: [-0.43724143, -0.44010672,  0.44413398,  0.0934219 ]
