Kp1: -2.949537976859855
Ki1: -0.010645292543016842
Kd1: -0.15387841412628303
Kp2: 0.07744702887158071
Ki2: 0.04688894285555918
Kd2: 0.0
init_obs: [-0.48430832, -0.28443646, -0.42374485,  0.49785487]
