Kp1: -3.103225520267958
Ki1: -0.009102436950554963
Kd1: -0.16141935226835985
Kp2: 0.08015019612906553
Ki2: 0.05008518772411851
Kd2: 0.0
init_obs: [-0.07025853,  0.44373469, -0.08256085, -0.2860153 ]
