Kp1: -2.701244928801152
Ki1: -0.010129614319702714
Kd1: -0.1527453010027641
Kp2: 0.07403260840176797
Ki2: 0.051892083749369794
Kd2: 0.0
init_obs: [ 0.22593902,  0.28925907, -0.19714467, -0.27572307]
