Kp1: -2.961893020946655
Ki1: -0.009217185364517187
Kd1: -0.1501927598288927
Kp2: 0.07643411486781568
Ki2: 0.04778805732748296
Kd2: 0.0
init_obs: [-0.09601656, -0.12567623,  0.39641622, -0.09873983]
