Kp1: -3.236099056946676
Ki1: -0.00976937791914075
Kd1: -0.15405705620220939
Kp2: 0.07548330909184614
Ki2: 0.04806501006547498
Kd2: 0.0
init_obs: [ 0.43574859, -0.2590178 , -0.33745453, -0.03966557]
