Kp1: -3.0683003659958636
Ki1: -0.0104060777158774
Kd1: -0.13958608581079945
Kp2: 0.08318732457102054
Ki2: 0.05468956133894855
Kd2: 0.0
init_obs: [-0.46689753,  0.12666658, -0.46550023, -0.36004839]
