Kp1: -2.8082328669563785
Ki1: -0.01040950019137525
Kd1: -0.14944859393287377
Kp2: 0.08167615652343307
Ki2: 0.05434588046376387
Kd2: 0.0
init_obs: [ 0.04882799,  0.06198858, -0.04499807,  0.0462582 ]
