Kp1: -2.7996767797917594
Ki1: -0.009101971518184895
Kd1: -0.15351683772020872
Kp2: 0.08104838563860071
Ki2: 0.04796175572489561
Kd2: 0.0
init_obs: [-0.09697803,  0.45181243, -0.34440661, -0.16416565]
