Kp1: -2.781773899188264
Ki1: -0.009523670070627934
Kd1: -0.1421784502752174
Kp2: 0.07298997460775951
Ki2: 0.05489646101853908
Kd2: 0.0
init_obs: [-0.27168475,  0.26024405, -0.40754593, -0.08131593]
