Kp1: -2.939853293060121
Ki1: -0.009012267307335788
Kd1: -0.1386430881194788
Kp2: 0.07883581970199274
Ki2: 0.053859219776825965
Kd2: 0.0
init_obs: [-0.47116256, -0.40290548, -0.34422823, -0.03453016]
