Kp1: -2.7236344073000813
Ki1: -0.009629941791299846
Kd1: -0.1424062216593524
Kp2: 0.08149895777172833
Ki2: 0.0481616930253039
Kd2: 0.0
init_obs: [ 0.46236055, -0.40265261, -0.34258617, -0.25011877]
