Kp1: -3.069045537660499
Ki1: -0.009096532822435013
Kd1: -0.1649279506881949
Kp2: 0.08679218650225604
Ki2: 0.054152465711342704
Kd2: 0.0
init_obs: [-0.49342811, -0.33106292, -0.42719617,  0.42172808]
