Kp1: -2.7386929618493334
Ki1: -0.009738515654587155
Kd1: -0.1611177310041921
Kp2: 0.074991279944565
Ki2: 0.054047441621053606
Kd2: 0.0
init_obs: [ 0.4185197 , -0.0810468 ,  0.37243092,  0.26882619]
