Kp1: -2.968153645061679
Ki1: -0.009202501142918616
Kd1: -0.1476605636006413
Kp2: 0.0830184245738618
Ki2: 0.05428558262996738
Kd2: 0.0
init_obs: [-0.08813366, -0.05924089, -0.3468855 , -0.24507144]
