Kp1: -3.2078856299889003
Ki1: -0.010818449861075113
Kd1: -0.1405270906932567
Kp2: 0.08016785088598612
Ki2: 0.048841564616970035
Kd2: 0.0
init_obs: [-0.27581505, -0.40620939, -0.27703028, -0.33459169]
