Kp1: -3.288962837681895
Ki1: -0.009045639727816291
Kd1: -0.1355181164178238
Kp2: 0.08744389330948976
Ki2: 0.0503374320159499
Kd2: 0.0
init_obs: [-0.03130289,  0.43804543,  0.24337604, -0.47745462]
