Kp1: -3.1502776861482897
Ki1: -0.010912269558946587
Kd1: -0.1627471574542711
Kp2: 0.080135354004873
Ki2: 0.04796601766550012
Kd2: 0.0
init_obs: [-0.37423001,  0.0008662 ,  0.35461025,  0.14336367]
