Kp1: -2.794103755576468
Ki1: -0.009177202446585547
Kd1: -0.15077114896778773
Kp2: 0.07994855500228579
Ki2: 0.05067249449181066
Kd2: 0.0
init_obs: [-0.13810729,  0.02546611,  0.06919992,  0.08561581]
