Kp1: -2.817805509381198
Ki1: -0.010660468886828273
Kd1: -0.16124735648858235
Kp2: 0.0751781179343088
Ki2: 0.046854838530244726
Kd2: 0.0
init_obs: [ 0.16113137,  0.21987274, -0.21717244,  0.04578591]
