Kp1: -2.8915163869109213
Ki1: -0.0104116208005181
Kd1: -0.15649487484324093
Kp2: 0.08420026978783414
Ki2: 0.051886815463246805
Kd2: 0.0
init_obs: [ 0.23061154, -0.23038521, -0.39510563,  0.09940214]
