Kp1: -2.8648709553036795
Ki1: -0.0100447335659166
Kd1: -0.15168443774837817
Kp2: 0.08335662364785733
Ki2: 0.051550758409383945
Kd2: 0.0
init_obs: [-0.40687372,  0.40484088,  0.04254396,  0.48961329]
