Kp1: -3.0573193820554416
Ki1: -0.010005628285893683
Kd1: -0.143782093088693
Kp2: 0.08626520669017002
Ki2: 0.052861982750638095
Kd2: 0.0
init_obs: [ 0.08861248, -0.14948042, -0.49339778, -0.49679699]
