Kp1: -2.989339279876866
Ki1: -0.010191083588797072
Kd1: -0.14123518162931825
Kp2: 0.07724712193905021
Ki2: 0.0510865374931762
Kd2: 0.0
init_obs: [ 0.24223552, -0.44231012,  0.26077309, -0.39920282]
