Kp1: -2.866908767226306
Ki1: -0.01045911651478935
Kd1: -0.13577726993495262
Kp2: 0.08259904074521743
Ki2: 0.04858835171748874
Kd2: 0.0
init_obs: [-0.36052707,  0.46913292,  0.17149024, -0.34728479]
