Kp1: -2.7985943572875227
Ki1: -0.010763521874780323
Kd1: -0.14964820243397767
Kp2: 0.08055264535478736
Ki2: 0.04857707648629916
Kd2: 0.0
init_obs: [-0.37916324,  0.40617771, -0.39636177,  0.4867898 ]
