Kp1: -3.066285205626606
Ki1: -0.0092001381394215
Kd1: -0.15567688632800813
Kp2: 0.08677963268426739
Ki2: 0.046806097574055495
Kd2: 0.0
init_obs: [-0.04483477, -0.2216018 ,  0.03057532, -0.17541174]
