Kp1: -3.1074024636186173
Ki1: -0.009772319823437245
Kd1: -0.16130734185697332
Kp2: 0.08667074208999401
Ki2: 0.04659553663387062
Kd2: 0.0
init_obs: [ 0.45339771, -0.1757157 ,  0.38151754,  0.21625162]
