Kp1: -3.1844908944713923
Ki1: -0.009566082805311897
Kd1: -0.16228338323737243
Kp2: 0.08327916470028666
Ki2: 0.048040495691955454
Kd2: 0.0
init_obs: [-0.48851699,  0.20162139,  0.08114533,  0.09659325]
