Kp1: -2.7553725263927924
Ki1: -0.010897292871833632
Kd1: -0.14429351044215283
Kp2: 0.08687739338016513
Ki2: 0.05132395220479881
Kd2: 0.0
init_obs: [ 0.4731397 ,  0.27998202, -0.16873641, -0.44688261]
