Kp1: -3.141666534692837
Ki1: -0.009533846640722871
Kd1: -0.14459688129010825
Kp2: 0.07997013779000921
Ki2: 0.05246515083028968
Kd2: 0.0
init_obs: [ 0.13324671,  0.25935414, -0.35759014, -0.30154078]
