Kp1: -3.0995359017313513
Ki1: -0.00958963891901636
Kd1: -0.13993307056136184
Kp2: 0.07927576559149686
Ki2: 0.05270545147972733
Kd2: 0.0
init_obs: [-0.0341457 ,  0.04713241, -0.20593133,  0.33941186]
