Kp1: -3.297358150963987
Ki1: -0.01043384731363405
Kd1: -0.15956365116212676
Kp2: 0.07432553332400244
Ki2: 0.05279167428582753
Kd2: 0.0
init_obs: [0.43671968, 0.22110708, 0.24398365, 0.2982818 ]
