Kp1: -2.828569885452593
Ki1: -0.010836327965614382
Kd1: -0.1581756475514594
Kp2: 0.08021040038006216
Ki2: 0.054066670886541796
Kd2: 0.0
init_obs: [ 0.18354126,  0.47560574, -0.26587809,  0.45139576]
