Kp1: -3.092987845038667
Ki1: -0.009581972108565031
Kd1: -0.16125715409816818
Kp2: 0.08736379401599298
Ki2: 0.05094381213596136
Kd2: 0.0
init_obs: [ 0.48710079, -0.08774529, -0.45493271,  0.19332757]
