Kp1: -3.2427313137468627
Ki1: -0.010980373488536208
Kd1: -0.13523066946447965
Kp2: 0.07929601980092396
Ki2: 0.0526446115484736
Kd2: 0.0
init_obs: [-0.16031296,  0.33063719, -0.32364881,  0.0296823 ]
