Kp1: -2.8559210812468354
Ki1: -0.01078581223711433
Kd1: -0.14695490366684683
Kp2: 0.08568783437835724
Ki2: 0.05331044059305217
Kd2: 0.0
init_obs: [-0.43423823, -0.39831071, -0.16692096, -0.05888435]
