Kp1: -2.9572291519997407
Ki1: -0.009785787009171086
Kd1: -0.15492027909005013
Kp2: 0.08761083749778024
Ki2: 0.04968590727796698
Kd2: 0.0
init_obs: [ 0.37969082, -0.2182395 ,  0.02279733, -0.06806639]
