Kp1: -2.8295730907875645
Ki1: -0.010883066018571226
Kd1: -0.1528202245693099
Kp2: 0.08242335385776015
Ki2: 0.045419018721969996
Kd2: 0.0
init_obs: [ 0.24076244,  0.40561623, -0.45809902,  0.14347913]
