Kp1: -2.930052913696719
Ki1: -0.010461639459186838
Kd1: -0.14026650179452566
Kp2: 0.0840959466408985
Ki2: 0.048793145185651636
Kd2: 0.0
init_obs: [ 0.49830453,  0.37626056, -0.13178584, -0.19095558]
