Kp1: -3.2710052018867906
Ki1: -0.009517289473289095
Kd1: -0.15542046948643432
Kp2: 0.08487778877911238
Ki2: 0.04921110878570578
Kd2: 0.0
init_obs: [ 0.41983244,  0.22858731,  0.39396589, -0.07592487]
