Kp1: -2.9115581628581726
Ki1: -0.010292897755455952
Kd1: -0.15978777959473733
Kp2: 0.07541696860322115
Ki2: 0.051137780751021426
Kd2: 0.0
init_obs: [-0.07146823, -0.43269199,  0.17542358, -0.41064908]
