Kp1: -3.2168008371868915
Ki1: -0.01058633241581879
Kd1: -0.145768371154386
Kp2: 0.0825325350312228
Ki2: 0.04559160210862803
Kd2: 0.0
init_obs: [-0.43181488,  0.37240792, -0.1611508 , -0.04021749]
