Kp1: -3.138857214351858
Ki1: -0.010327173675653398
Kd1: -0.13870758782753922
Kp2: 0.07864058825976589
Ki2: 0.04656415551534199
Kd2: 0.0
init_obs: [-0.4204248 ,  0.15475675, -0.35192845, -0.20926725]
