Kp1: -2.954206332746084
Ki1: -0.00943912662582578
Kd1: -0.13588636426338938
Kp2: 0.0819521119932598
Ki2: 0.05493286193873256
Kd2: 0.0
init_obs: [ 0.48129362, -0.1015746 ,  0.47112403, -0.43125497]
