Kp1: -2.8163773446640334
Ki1: -0.010424814666757026
Kd1: -0.16169873180455666
Kp2: 0.0801382420110179
Ki2: 0.04971260249711445
Kd2: 0.0
init_obs: [ 0.21550282, -0.23983601, -0.00623204, -0.20778397]
