Kp1: -3.151493047076796
Ki1: -0.010424616077230503
Kd1: -0.15811506720980656
Kp2: 0.08759762397185053
Ki2: 0.051886217420070116
Kd2: 0.0
init_obs: [-0.15192325, -0.07111471,  0.33491291, -0.00994014]
