Kp1: -2.730457160494138
Ki1: -0.009476240765982101
Kd1: -0.15188001008204738
Kp2: 0.08756972790408597
Ki2: 0.04737340865777187
Kd2: 0.0
init_obs: [ 0.02674329,  0.20695957, -0.43968503,  0.09884386]
