Kp1: -3.2956620586489747
Ki1: -0.009569876215839483
Kd1: -0.16004291190159195
Kp2: 0.08684281624439397
Ki2: 0.05068748357380165
Kd2: 0.0
init_obs: [ 0.24613631,  0.07487321, -0.45604864,  0.24013612]
