Kp1: -3.0298964263613137
Ki1: -0.009421721654142023
Kd1: -0.15366659127520144
Kp2: 0.07524714042268331
Ki2: 0.048417174913016454
Kd2: 0.0
init_obs: [-0.16166449,  0.31740539, -0.07318994,  0.12042928]
