Kp1: -3.2714040188775577
Ki1: -0.010261543942242032
Kd1: -0.15219212271918578
Kp2: 0.07679239067804536
Ki2: 0.05364860527355543
Kd2: 0.0
init_obs: [ 0.39891222,  0.10758713,  0.02953471, -0.03677924]
