Kp1: -3.1434734508252142
Ki1: -0.009091959076518837
Kd1: -0.14553629672217422
Kp2: 0.08319942166565314
Ki2: 0.04968891194999089
Kd2: 0.0
init_obs: [ 0.08667382,  0.20735659, -0.28899665, -0.25676761]
