Kp1: -3.2926494878572012
Ki1: -0.010391162169229105
Kd1: -0.160592373481389
Kp2: 0.08503276129871722
Ki2: 0.048797679432113786
Kd2: 0.0
init_obs: [-0.02026005,  0.44539859, -0.22168372, -0.16938178]
