Kp1: -2.9670283482071014
Ki1: -0.010268326959714455
Kd1: -0.1448971145277316
Kp2: 0.07946978503134519
Ki2: 0.054269112788247004
Kd2: 0.0
init_obs: [-0.37609548, -0.26332784,  0.33460631, -0.14601894]
