Kp1: -2.7612792139821716
Ki1: -0.009572992758808197
Kd1: -0.1523887130742059
Kp2: 0.0768637793184909
Ki2: 0.050798982123818386
Kd2: 0.0
init_obs: [ 0.10700456,  0.05032612, -0.27786658, -0.17962234]
