Kp1: -2.778069058315129
Ki1: -0.00957149315283493
Kd1: -0.1547891981758787
Kp2: 0.07620412790323906
Ki2: 0.050870035020864283
Kd2: 0.0
init_obs: [-0.23560747,  0.4232577 , -0.39051455, -0.00249887]
