Kp1: -2.8324974964956553
Ki1: -0.009716521631698295
Kd1: -0.14255982451777882
Kp2: 0.0755615382056839
Ki2: 0.04646336935133787
Kd2: 0.0
init_obs: [-1.57200504e-01, -2.94313541e-04, -4.03842596e-01, -4.46401105e-01]
