Kp1: -3.1600092835132485
Ki1: -0.010780006022865189
Kd1: -0.16363305747881796
Kp2: 0.08676368515470477
Ki2: 0.05023526636457133
Kd2: 0.0
init_obs: [ 0.46742599,  0.07957703, -0.04121067, -0.0668556 ]
