Kp1: -2.8016015139665624
Ki1: -0.010423222149413085
Kd1: -0.1555273570449491
Kp2: 0.07267926694850856
Ki2: 0.04550624088283223
Kd2: 0.0
init_obs: [-0.3771752 , -0.03501918, -0.40644178,  0.23208409]
