Kp1: -3.081035794993017
Ki1: -0.01099511682780003
Kd1: -0.14265620665367645
Kp2: 0.08505978163859208
Ki2: 0.047879170486074235
Kd2: 0.0
init_obs: [-0.36579413,  0.04200244, -0.07249827, -0.15673496]
