Kp1: -3.070350107101148
Ki1: -0.010787402332858057
Kd1: -0.1599122170902818
Kp2: 0.07376203919057191
Ki2: 0.05069897718624499
Kd2: 0.0
init_obs: [-0.21145741, -0.48664001, -0.03683198, -0.11967227]
