Kp1: -3.007323375063258
Ki1: -0.009541150162860305
Kd1: -0.14364263943305589
Kp2: 0.08379991419724128
Ki2: 0.05324289155254343
Kd2: 0.0
init_obs: [ 0.16371259, -0.33517087, -0.18195783, -0.41485832]
