Kp1: -2.9754553114920492
Ki1: -0.01056457845772434
Kd1: -0.16338517144507786
Kp2: 0.08437404650560718
Ki2: 0.048840887004182265
Kd2: 0.0
init_obs: [ 0.12769841, -0.0069859 , -0.07865291, -0.44414782]
