Kp1: -3.0414773575428695
Ki1: -0.010159666145633055
Kd1: -0.1480788968314544
Kp2: 0.07642240921764744
Ki2: 0.0477087824548782
Kd2: 0.0
init_obs: [-0.2121574 ,  0.26027762,  0.4033932 ,  0.34064465]
