Kp1: -2.9257004080434834
Ki1: -0.009891751616292587
Kd1: -0.1635078570446979
Kp2: 0.08106811622984761
Ki2: 0.04539995941088705
Kd2: 0.0
init_obs: [ 0.36529941, -0.39650389,  0.3674554 , -0.30237111]
