Kp1: -3.1049922560541763
Ki1: -0.009815418745592611
Kd1: -0.13700846441904646
Kp2: 0.07377932108857842
Ki2: 0.05441244628835175
Kd2: 0.0
init_obs: [0.24096225, 0.18890793, 0.19689257, 0.23913514]
