Kp1: -3.125514942807424
Ki1: -0.010708441847134003
Kd1: -0.1585572993962762
Kp2: 0.07887291989645485
Ki2: 0.049501909789045485
Kd2: 0.0
init_obs: [ 0.42757267, -0.2363757 , -0.36404456, -0.04154586]
