Kp1: -3.190268573962895
Ki1: -0.010006271641223346
Kd1: -0.13513763804912846
Kp2: 0.07736545796117437
Ki2: 0.04959023923875064
Kd2: 0.0
init_obs: [-0.15408163, -0.3288618 , -0.00541397,  0.21337665]
