Kp1: -3.0845183824759372
Ki1: -0.009724292163182432
Kd1: -0.14449742579179636
Kp2: 0.0833190365397242
Ki2: 0.05178601745829723
Kd2: 0.0
init_obs: [-0.42423507,  0.30986104,  0.27401105,  0.48463525]
