Kp1: -2.8714643278856906
Ki1: -0.009750764124607262
Kd1: -0.14028064077937802
Kp2: 0.07329345163935556
Ki2: 0.054728396584560426
Kd2: 0.0
init_obs: [ 0.21865926, -0.0424467 , -0.08865285,  0.4411857 ]
