Kp1: -3.0047779431501875
Ki1: -0.009902683608029482
Kd1: -0.1413985123216766
Kp2: 0.08232878811637775
Ki2: 0.05311605765459945
Kd2: 0.0
init_obs: [-0.0468748 ,  0.34706584,  0.00264646,  0.13123846]
