Kp1: -3.1804326447569258
Ki1: -0.009765197721410152
Kd1: -0.15653517147482032
Kp2: 0.08527393596884174
Ki2: 0.054612576626650505
Kd2: 0.0
init_obs: [-0.3959676 ,  0.37829397,  0.28038221, -0.36057549]
