Kp1: -3.029963022875995
Ki1: -0.00932790321724148
Kd1: -0.16065383339414138
Kp2: 0.08140435523680545
Ki2: 0.050139036100832146
Kd2: 0.0
init_obs: [-0.48631913, -0.23615251, -0.33019591, -0.04526107]
