Kp1: -3.18997151910359
Ki1: -0.010684528709721124
Kd1: -0.15849055284914224
Kp2: 0.07768991497615584
Ki2: 0.05159911332295795
Kd2: 0.0
init_obs: [ 0.11824567, -0.39667588, -0.08399207, -0.44835395]
