Kp1: -2.9932507257790535
Ki1: -0.010950507422310867
Kd1: -0.14238239477029863
Kp2: 0.08533330228296665
Ki2: 0.05311138301523005
Kd2: 0.0
init_obs: [ 0.48109915,  0.05152187, -0.38935998, -0.42363338]
