Kp1: -3.0037649401305453
Ki1: -0.010072505053261724
Kd1: -0.15292279088935343
Kp2: 0.08134177338679711
Ki2: 0.04544225331603054
Kd2: 0.0
init_obs: [-0.45525661, -0.46711553,  0.43237612,  0.08501365]
