Kp1: -3.1004923644112896
Ki1: -0.010232657215469374
Kd1: -0.14697077782510856
Kp2: 0.07649304067626941
Ki2: 0.05043751938651995
Kd2: 0.0
init_obs: [ 0.07356903, -0.16312912,  0.19815779,  0.27940533]
