Kp1: -2.8683180784442053
Ki1: -0.009032461782724635
Kd1: -0.13734656009299573
Kp2: 0.07978501943807215
Ki2: 0.05202788173941053
Kd2: 0.0
init_obs: [ 0.35434497, -0.39094399, -0.01519011, -0.06378526]
