Kp1: -2.7697391299401963
Ki1: -0.009909865706326432
Kd1: -0.14918362361589074
Kp2: 0.0816442564386428
Ki2: 0.05263100137303767
Kd2: 0.0
init_obs: [ 0.4585848 ,  0.11787736, -0.30647937, -0.33117576]
