Kp1: -2.7875740718603588
Ki1: -0.010811876532904394
Kd1: -0.14402946125725166
Kp2: 0.07972921168998137
Ki2: 0.04699692013421104
Kd2: 0.0
init_obs: [ 0.16074349,  0.26516334, -0.15997106, -0.19588131]
