Kp1: -3.127367280675805
Ki1: -0.009962666933411126
Kd1: -0.13821232467236885
Kp2: 0.07654653925801638
Ki2: 0.053166365360435675
Kd2: 0.0
init_obs: [-0.48542688,  0.03208318,  0.47430718, -0.04651332]
