Kp1: -2.9623926757841015
Ki1: -0.010889043735633349
Kd1: -0.13723322820972678
Kp2: 0.07990143029692934
Ki2: 0.04931071101995236
Kd2: 0.0
init_obs: [ 0.03307625,  0.38229581, -0.4944066 , -0.45981336]
