Kp1: -3.0225013146731134
Ki1: -0.010958849520728188
Kd1: -0.16332624978273633
Kp2: 0.07567955854621188
Ki2: 0.04819460285576736
Kd2: 0.0
init_obs: [-0.38134729, -0.23012144, -0.29187427, -0.13919844]
