Kp1: -3.0170714386028212
Ki1: -0.009843089219210325
Kd1: -0.14249200093023603
Kp2: 0.07449206398619966
Ki2: 0.04887459545190856
Kd2: 0.0
init_obs: [-0.30353381,  0.30701201, -0.00766511,  0.10124072]
