Kp1: -2.7160359534956817
Ki1: -0.009370797538492381
Kd1: -0.15606543095606765
Kp2: 0.08535453845112889
Ki2: 0.05179112054011819
Kd2: 0.0
init_obs: [-0.15636026,  0.36123916,  0.13238959, -0.48074736]
