Kp1: -3.0571995699013614
Ki1: -0.009916331165361622
Kd1: -0.15617039710635752
Kp2: 0.0839929208064532
Ki2: 0.05267690535016696
Kd2: 0.0
init_obs: [-0.09444117,  0.14691428, -0.43743512,  0.4417988 ]
