Kp1: -3.1781795453887476
Ki1: -0.010892343271419174
Kd1: -0.13500576920625523
Kp2: 0.07918158470898133
Ki2: 0.046559378841333786
Kd2: 0.0
init_obs: [-0.04132212, -0.46904919, -0.13719166, -0.23964415]
