Kp1: -3.063570834597252
Ki1: -0.01079523325901055
Kd1: -0.16314751203726985
Kp2: 0.08194318646165594
Ki2: 0.050690452309137206
Kd2: 0.0
init_obs: [-0.11136663,  0.2461133 ,  0.01589468,  0.13541753]
