Kp1: -3.2604720142364796
Ki1: -0.01037265365505512
Kd1: -0.1464796973894999
Kp2: 0.07910722231795743
Ki2: 0.054888038826661094
Kd2: 0.0
init_obs: [-0.12181273, -0.11615   ,  0.01554433,  0.03075842]
