Kp1: -3.036785724217065
Ki1: -0.009509107111405384
Kd1: -0.15119978552597665
Kp2: 0.08425501023244907
Ki2: 0.053049275541491185
Kd2: 0.0
init_obs: [ 0.13751482, -0.19433222, -0.20685982, -0.33700846]
