Kp1: -2.77088796305906
Ki1: -0.010295540605680083
Kd1: -0.15479720431857197
Kp2: 0.07213112259072614
Ki2: 0.04680609240842859
Kd2: 0.0
init_obs: [-0.04774689, -0.02413823,  0.36752169, -0.1451346 ]
