Kp1: -2.8392206995323024
Ki1: -0.010483250669702036
Kd1: -0.14395819670076782
Kp2: 0.07352363970788629
Ki2: 0.05151806935911321
Kd2: 0.0
init_obs: [ 0.27292731, -0.06811928, -0.26711726,  0.26560213]
