Kp1: -3.238162868665884
Ki1: -0.010216252176423399
Kd1: -0.13924691433281852
Kp2: 0.07767923469668095
Ki2: 0.04983284373051852
Kd2: 0.0
init_obs: [ 0.47622287, -0.3906724 , -0.17799341, -0.32522625]
