Kp1: -3.1692620146631842
Ki1: -0.009217510129912032
Kd1: -0.1598443061403341
Kp2: 0.07990280123434979
Ki2: 0.0515478147490041
Kd2: 0.0
init_obs: [-0.2467493 , -0.26658032,  0.4673818 ,  0.42642958]
