Kp1: -3.137103480236964
Ki1: -0.009252083931105033
Kd1: -0.16121190534568905
Kp2: 0.0855898404621092
Ki2: 0.04530851861351548
Kd2: 0.0
init_obs: [-0.13876063, -0.12359747, -0.01938121,  0.4380303 ]
