Kp1: -3.0828358607102606
Ki1: -0.010587695085478434
Kd1: -0.13711334395742508
Kp2: 0.07951030411478056
Ki2: 0.046592277883339396
Kd2: 0.0
init_obs: [ 0.40615667,  0.34480135,  0.3515857 , -0.03769398]
