Kp1: -3.169806894044445
Ki1: -0.010056281394964249
Kd1: -0.15055550349506705
Kp2: 0.07802282207437009
Ki2: 0.05422190724759447
Kd2: 0.0
init_obs: [-0.13753889,  0.07014555, -0.44807844, -0.01356516]
