Kp1: -3.0509030875251932
Ki1: -0.010937742361249515
Kd1: -0.15648976593340316
Kp2: 0.07439032043678541
Ki2: 0.0517463392821601
Kd2: 0.0
init_obs: [ 0.00509523, -0.28278509, -0.32822036,  0.12111105]
