Kp1: -2.9063494545196487
Ki1: -0.009872264855351611
Kd1: -0.13780054233528813
Kp2: 0.08724667719685514
Ki2: 0.05377441791141564
Kd2: 0.0
init_obs: [-0.17330606,  0.01606757,  0.25244342,  0.06540722]
