Kp1: -2.75663633461854
Ki1: -0.00933040032871071
Kd1: -0.15533649350538686
Kp2: 0.0795543188870239
Ki2: 0.04953186208441132
Kd2: 0.0
init_obs: [ 0.37064838, -0.3671621 , -0.1615605 ,  0.24132148]
