Kp1: -2.850059240561314
Ki1: -0.01049954329592151
Kd1: -0.16219337662922362
Kp2: 0.07286685903382772
Ki2: 0.05404120389667131
Kd2: 0.0
init_obs: [-0.1191466 , -0.2451819 ,  0.00764704,  0.18914211]
