Kp1: -3.0657512056050256
Ki1: -0.010604115028422992
Kd1: -0.14466320143189293
Kp2: 0.0805656903742649
Ki2: 0.049354988658669774
Kd2: 0.0
init_obs: [ 0.26292153, -0.13097608,  0.01242934,  0.38740602]
