Kp1: -2.9750722175604816
Ki1: -0.010455066087006457
Kd1: -0.14849372038198874
Kp2: 0.07919081248171661
Ki2: 0.04839901617434869
Kd2: 0.0
init_obs: [ 0.1654259 ,  0.35043746, -0.19345211, -0.41337316]
