Kp1: -3.0928014673128836
Ki1: -0.010607644652731195
Kd1: -0.14539530187801278
Kp2: 0.07792988095117953
Ki2: 0.048294732239364056
Kd2: 0.0
init_obs: [-0.255482  , -0.10730721, -0.21564124, -0.1938737 ]
