Kp1: -2.944871626886793
Ki1: -0.010800367398028613
Kd1: -0.15560360281543825
Kp2: 0.07649753287566972
Ki2: 0.04854268075592877
Kd2: 0.0
init_obs: [-0.30732714, -0.04770626,  0.03789475,  0.15740737]
