Kp1: -2.867172715626668
Ki1: -0.00913019774455688
Kd1: -0.14982254254449456
Kp2: 0.07284249918124693
Ki2: 0.05162889116203195
Kd2: 0.0
init_obs: [0.07947064, 0.02307348, 0.37314832, 0.02914214]
