Kp1: -2.751282254011291
Ki1: -0.009508817464614648
Kd1: -0.15408328351747466
Kp2: 0.07306234944295474
Ki2: 0.04513489356614583
Kd2: 0.0
init_obs: [-2.24730871e-01,  1.11433731e-04, -2.80431717e-01, -1.34746170e-02]
