Kp1: -3.020459940767085
Ki1: -0.010343547676187595
Kd1: -0.13660888534870239
Kp2: 0.07412399139733973
Ki2: 0.052390841834197156
Kd2: 0.0
init_obs: [-0.13636041,  0.17651166,  0.42771505,  0.42219434]
