Kp1: -2.969639576145394
Ki1: -0.010861446608655978
Kd1: -0.1444571417603884
Kp2: 0.0724271066537059
Ki2: 0.04786714620683848
Kd2: 0.0
init_obs: [ 0.25327051, -0.28315785, -0.42371138,  0.14212135]
