Kp1: -2.8294685319414343
Ki1: -0.010171166735135254
Kd1: -0.1644147102107222
Kp2: 0.07420110720954388
Ki2: 0.051071788960734416
Kd2: 0.0
init_obs: [ 0.12411174, -0.20466139,  0.12383571,  0.26727899]
