Kp1: -2.8187823483135768
Ki1: -0.010064238638152421
Kd1: -0.1506661929464741
Kp2: 0.08364734301761365
Ki2: 0.050285813846019524
Kd2: 0.0
init_obs: [-0.21545526,  0.29183212,  0.08418552, -0.21057436]
