Kp1: -3.144286180674851
Ki1: -0.01016665251114958
Kd1: -0.15100345198150433
Kp2: 0.07322018570669607
Ki2: 0.04913535698410589
Kd2: 0.0
init_obs: [ 0.12651699, -0.42834823,  0.47117916,  0.03936969]
