Kp1: -2.9966111893748963
Ki1: -0.009104891785898656
Kd1: -0.14717171954558667
Kp2: 0.0844772122842002
Ki2: 0.05030610209788614
Kd2: 0.0
init_obs: [-0.29616705, -0.13758126,  0.13477909, -0.19889491]
