Kp1: -2.9943975693237235
Ki1: -0.009757712281081606
Kd1: -0.16160477631645168
Kp2: 0.08458484762726019
Ki2: 0.04928825425534788
Kd2: 0.0
init_obs: [ 0.00655296, -0.37803969, -0.46626546,  0.28064038]
