Kp1: -2.7327167665652423
Ki1: -0.010737642047177556
Kd1: -0.15423377565791752
Kp2: 0.07564365663448153
Ki2: 0.05285958724566845
Kd2: 0.0
init_obs: [-0.17168952,  0.08513382,  0.25212303,  0.17432956]
