Kp1: -2.7261110185252235
Ki1: -0.010537544038593456
Kd1: -0.1581014517302832
Kp2: 0.08201556714615599
Ki2: 0.05435192440875809
Kd2: 0.0
init_obs: [-0.05334431,  0.39618499, -0.40549182,  0.11348277]
