Kp1: -2.741880322088061
Ki1: -0.010348780314799418
Kd1: -0.16385110907190278
Kp2: 0.07997816424656555
Ki2: 0.04836734609275866
Kd2: 0.0
init_obs: [ 0.40862484, -0.18116277,  0.23430724, -0.19071426]
