Kp1: -2.707198523790848
Ki1: -0.010833932809946201
Kd1: -0.15162306481080862
Kp2: 0.08006087406513032
Ki2: 0.05408277224396455
Kd2: 0.0
init_obs: [-0.42892618, -0.17393657, -0.38506807,  0.41360053]
