Kp1: -3.00224297399549
Ki1: -0.010759783082997217
Kd1: -0.155269436579676
Kp2: 0.08081642180967002
Ki2: 0.052662449726000427
Kd2: 0.0
init_obs: [-0.10669224, -0.42471301, -0.03457548, -0.16828355]
