Kp1: -2.897486635183334
Ki1: -0.010677912303467279
Kd1: -0.1641041751951809
Kp2: 0.08678581143758927
Ki2: 0.05338694773613389
Kd2: 0.0
init_obs: [-0.40215846,  0.31586031,  0.36891547,  0.1511732 ]
