Kp1: -2.7235185714622934
Ki1: -0.009777868231734281
Kd1: -0.16289447596782958
Kp2: 0.07533872845420535
Ki2: 0.054573549714768146
Kd2: 0.0
init_obs: [ 0.43677275, -0.2530355 , -0.18038214,  0.45269365]
