Kp1: -3.2098890777220985
Ki1: -0.0103768767094725
Kd1: -0.14297437200759963
Kp2: 0.08715921861664294
Ki2: 0.05465711298258852
Kd2: 0.0
init_obs: [ 0.08017468, -0.31378985,  0.38095233,  0.29894602]
