Kp1: -3.234802747226662
Ki1: -0.010764273975409027
Kd1: -0.1483753938360338
Kp2: 0.08121221942844754
Ki2: 0.05012274916711679
Kd2: 0.0
init_obs: [ 0.12859061, -0.24630313, -0.45021642, -0.17901662]
