Kp1: -3.0824812707129103
Ki1: -0.009457284898776537
Kd1: -0.1406620175249293
Kp2: 0.07849662357725151
Ki2: 0.051616597530050594
Kd2: 0.0
init_obs: [ 0.44732959,  0.14707202, -0.26882699, -0.37630762]
