Kp1: -2.918077206154187
Ki1: -0.010822882156414993
Kd1: -0.16102732855027704
Kp2: 0.07924286025647305
Ki2: 0.04600855771656485
Kd2: 0.0
init_obs: [-0.47585599,  0.442678  ,  0.27450095,  0.35626296]
