Kp1: -2.919028602609493
Ki1: -0.009621488619361459
Kd1: -0.14864194236383246
Kp2: 0.08694833232404144
Ki2: 0.04549672187006699
Kd2: 0.0
init_obs: [-0.36710156, -0.35603152,  0.07737076, -0.23073966]
