Kp1: -2.880014934733104
Ki1: -0.009705896257977596
Kd1: -0.15715345104358278
Kp2: 0.07463244604723496
Ki2: 0.05005279441930093
Kd2: 0.0
init_obs: [ 0.48017419, -0.32044263, -0.34928836, -0.12892992]
