Kp1: -2.878051810826369
Ki1: -0.00904734862552953
Kd1: -0.1401947103800726
Kp2: 0.08264193437395413
Ki2: 0.04798411348931551
Kd2: 0.0
init_obs: [-0.06349018, -0.20962613,  0.33491277, -0.28144664]
