Kp1: -3.085162592396669
Ki1: -0.01033485359999215
Kd1: -0.15471547987216647
Kp2: 0.0780636929610512
Ki2: 0.05403961635014703
Kd2: 0.0
init_obs: [-0.33535238, -0.31736504,  0.45485595, -0.24845082]
