Kp1: -3.2012635455202476
Ki1: -0.009905371000580275
Kd1: -0.14542424518565494
Kp2: 0.07841698317069051
Ki2: 0.04724999575862978
Kd2: 0.0
init_obs: [ 0.33490768,  0.05936007,  0.11344376, -0.32484243]
