Kp1: -2.7113738859421095
Ki1: -0.010184002998831643
Kd1: -0.14402074390261468
Kp2: 0.08060052198319576
Ki2: 0.04885995242665517
Kd2: 0.0
init_obs: [ 0.3324514 ,  0.00219087, -0.23772644, -0.0385539 ]
