Kp1: -3.0147644108524174
Ki1: -0.009420930060755358
Kd1: -0.15936488475323604
Kp2: 0.08147644931980919
Ki2: 0.05336953556678936
Kd2: 0.0
init_obs: [-0.05760837, -0.07885159, -0.25915846, -0.20170164]
