Kp1: -3.1408865925583305
Ki1: -0.010652934264573812
Kd1: -0.15680116802492966
Kp2: 0.08304869707917506
Ki2: 0.04522140255433422
Kd2: 0.0
init_obs: [-0.19893714,  0.31752873, -0.05289446, -0.41098976]
