Kp1: -3.004890501478022
Ki1: -0.009747758875103976
Kd1: -0.14872590857824575
Kp2: 0.08231343028443057
Ki2: 0.0485868857747242
Kd2: 0.0
init_obs: [-0.49024191,  0.05368722, -0.05919985, -0.37809055]
