Kp1: -3.281496227738696
Ki1: -0.009851386562556665
Kd1: -0.15857201480922897
Kp2: 0.07306715193181562
Ki2: 0.04947927906491389
Kd2: 0.0
init_obs: [ 0.23551498, -0.36130648, -0.15317147,  0.00995276]
