Kp1: -3.0728607295493866
Ki1: -0.01043826608789143
Kd1: -0.13865075250123504
Kp2: 0.07660632325629188
Ki2: 0.04698892340886224
Kd2: 0.0
init_obs: [-0.4734705 ,  0.17109797, -0.06525293,  0.19339964]
