Kp1: -2.779810007779893
Ki1: -0.010856729641108532
Kd1: -0.14629154672397054
Kp2: 0.07335280461566993
Ki2: 0.054027181314401
Kd2: 0.0
init_obs: [0.20330432, 0.36012553, 0.48367461, 0.45313136]
