Kp1: -3.157727453134209
Ki1: -0.010526107442806883
Kd1: -0.15613858482722098
Kp2: 0.0758855786671708
Ki2: 0.05216684406134873
Kd2: 0.0
init_obs: [ 0.17302498, -0.47328915, -0.31265533,  0.23458376]
