Kp1: -3.0417991079637714
Ki1: -0.009494052795859423
Kd1: -0.1426033699141245
Kp2: 0.08659183302936029
Ki2: 0.04950922343932088
Kd2: 0.0
init_obs: [-0.33152567,  0.46120858, -0.42757149,  0.11319039]
