Kp1: -3.2335321993059365
Ki1: -0.010608878933615678
Kd1: -0.1350863037335847
Kp2: 0.08534160844692246
Ki2: 0.05297749047636972
Kd2: 0.0
init_obs: [-0.40223791,  0.41839936, -0.46457624,  0.46247692]
