Kp1: -3.021211479840563
Ki1: -0.010706483647769494
Kd1: -0.14663280790183975
Kp2: 0.0825482745007976
Ki2: 0.04663454861625013
Kd2: 0.0
init_obs: [ 0.03976609,  0.4410952 ,  0.3950874 , -0.24303826]
