Kp1: -2.8585023970306254
Ki1: -0.010213399956940863
Kd1: -0.1417702703959326
Kp2: 0.07234355345589424
Ki2: 0.047606248075710886
Kd2: 0.0
init_obs: [-0.39377447, -0.25091104, -0.14774727, -0.41153379]
