Kp1: -2.796809804277882
Ki1: -0.010395902833294843
Kd1: -0.14021537717553473
Kp2: 0.08016362089668437
Ki2: 0.0537524100326815
Kd2: 0.0
init_obs: [-0.04030139, -0.17059449, -0.03338244, -0.01113362]
