Kp1: -2.776063338691675
Ki1: -0.01040966735035626
Kd1: -0.13550574292684445
Kp2: 0.08279691692835035
Ki2: 0.05349578272370508
Kd2: 0.0
init_obs: [ 0.17793412, -0.4133041 , -0.1148543 , -0.15487914]
