Kp1: -2.7461534457047834
Ki1: -0.009482393187086394
Kd1: -0.16421957005321203
Kp2: 0.07795042316719909
Ki2: 0.04818633221253207
Kd2: 0.0
init_obs: [-0.19584181,  0.28708499, -0.43027074,  0.43442307]
