Kp1: -2.8523393502502508
Ki1: -0.00905422295840934
Kd1: -0.14843686290978897
Kp2: 0.0768158196821895
Ki2: 0.049218321917665245
Kd2: 0.0
init_obs: [-0.08875503, -0.34570524, -0.49023543, -0.44965794]
