Kp1: -3.079225318067081
Ki1: -0.009365364948529204
Kd1: -0.14746045693866625
Kp2: 0.07567524471713988
Ki2: 0.05081388088602017
Kd2: 0.0
init_obs: [ 0.42484602, -0.16653269,  0.3623945 , -0.36476561]
