Kp1: -2.9698464413349606
Ki1: -0.009007009037870817
Kd1: -0.145838469769155
Kp2: 0.07463186846398626
Ki2: 0.04634549241961403
Kd2: 0.0
init_obs: [-0.11264325,  0.46195955, -0.05600111,  0.05055571]
