Kp1: -3.0610756162789388
Ki1: -0.010734141074300546
Kd1: -0.13969227874231627
Kp2: 0.07326766710682157
Ki2: 0.048324177092531076
Kd2: 0.0
init_obs: [ 0.47473064,  0.20200724, -0.05879597,  0.06541982]
