Kp1: -2.7532203003725666
Ki1: -0.009428640456758834
Kd1: -0.14524311790282093
Kp2: 0.07784757189843514
Ki2: 0.05415218404357966
Kd2: 0.0
init_obs: [-0.25067092, -0.42205978, -0.20451027, -0.48026608]
