Kp1: -2.9624455810307495
Ki1: -0.010173044557008458
Kd1: -0.14899078961146103
Kp2: 0.07597736897404797
Ki2: 0.0482494636243401
Kd2: 0.0
init_obs: [-0.17368844,  0.26439739,  0.4860641 , -0.04623138]
