Kp1: -3.15085392644084
Ki1: -0.01039003730810723
Kd1: -0.16297707612929901
Kp2: 0.08533407351118667
Ki2: 0.04870613559209226
Kd2: 0.0
init_obs: [-0.15774797, -0.38462039,  0.44848811,  0.1447141 ]
