Kp1: -2.712908050905191
Ki1: -0.009578428190567357
Kd1: -0.15418829381388205
Kp2: 0.07387884076179418
Ki2: 0.045714586156460436
Kd2: 0.0
init_obs: [-0.15979579, -0.04207106, -0.06215221,  0.1772636 ]
