Kp1: -2.909829775129361
Ki1: -0.00953875728967038
Kd1: -0.1602289169502359
Kp2: 0.08072527732238753
Ki2: 0.05123677043707486
Kd2: 0.0
init_obs: [ 0.22087085,  0.30244034, -0.25811961, -0.24240082]
