Kp1: -2.8373618262134164
Ki1: -0.01003965289664385
Kd1: -0.16208644067804892
Kp2: 0.08602471377323996
Ki2: 0.05384178134588659
Kd2: 0.0
init_obs: [ 0.20158728, -0.0008203 ,  0.05134148, -0.37400334]
