Kp1: -2.8792495643602676
Ki1: -0.009889981558711
Kd1: -0.15126102482133427
Kp2: 0.08012750283648239
Ki2: 0.054991771238308895
Kd2: 0.0
init_obs: [ 0.29940892, -0.47850824,  0.11532597, -0.01609498]
