Kp1: -3.212778475427988
Ki1: -0.009456033445310694
Kd1: -0.1574974894050178
Kp2: 0.07852926147339463
Ki2: 0.051522826885458894
Kd2: 0.0
init_obs: [-0.12008222, -0.47687683, -0.49711615, -0.25700129]
