Kp1: -2.9675780649729466
Ki1: -0.009588974419876271
Kd1: -0.15269536793551117
Kp2: 0.08501102800051606
Ki2: 0.054722773009823894
Kd2: 0.0
init_obs: [ 0.01100427, -0.44841659,  0.13792577, -0.03838167]
