Kp1: -3.2543323248545573
Ki1: -0.010004086559246063
Kd1: -0.15991795858129493
Kp2: 0.07345640187162884
Ki2: 0.04877695141226243
Kd2: 0.0
init_obs: [-0.36215185, -0.06980117, -0.0160772 , -0.10991292]
