Kp1: -3.084993220531559
Ki1: -0.010132749578792694
Kd1: -0.13883608127180214
Kp2: 0.08537627316080057
Ki2: 0.049516832688818624
Kd2: 0.0
init_obs: [ 0.16937647, -0.49464673,  0.18497776, -0.19267793]
