Kp1: -2.8141028225818188
Ki1: -0.009264718563194671
Kd1: -0.14318384106060097
Kp2: 0.07288220560447903
Ki2: 0.04500200265338925
Kd2: 0.0
init_obs: [ 0.30021996,  0.32347476,  0.0209426 , -0.27907709]
