Kp1: -3.1455755526815263
Ki1: -0.010731200301023145
Kd1: -0.15969169417139137
Kp2: 0.07503666325417858
Ki2: 0.04628779271796233
Kd2: 0.0
init_obs: [ 0.27940728, -0.14648239,  0.46563205,  0.28425945]
