Kp1: -2.8092355637246063
Ki1: -0.010397677497129392
Kd1: -0.14480136352359896
Kp2: 0.08398768675281668
Ki2: 0.048647762269071304
Kd2: 0.0
init_obs: [ 0.37371627, -0.23709981, -0.05136421,  0.25861022]
