Kp1: -3.2423861686434936
Ki1: -0.010976686466365718
Kd1: -0.15793443033346188
Kp2: 0.07581490072329056
Ki2: 0.053532340418530694
Kd2: 0.0
init_obs: [-0.44491224,  0.45774842, -0.48768064, -0.38951535]
