Kp1: -2.9854610650402718
Ki1: -0.009187909982826486
Kd1: -0.1603780670471359
Kp2: 0.07243296910288037
Ki2: 0.05266653251353413
Kd2: 0.0
init_obs: [-0.3996143 ,  0.00402912,  0.3180823 , -0.32956414]
