Kp1: -3.131462917135682
Ki1: -0.009002439856345834
Kd1: -0.14616142088008696
Kp2: 0.08317460324554483
Ki2: 0.05169715837361064
Kd2: 0.0
init_obs: [0.26943409, 0.46149939, 0.25753815, 0.37137195]
