Kp1: -2.9858487915838525
Ki1: -0.010894372094967374
Kd1: -0.15900823798219996
Kp2: 0.08423593560463642
Ki2: 0.0523610051424968
Kd2: 0.0
init_obs: [-0.42289984, -0.49615276,  0.15809583, -0.49764853]
