Kp1: -2.8245442149290096
Ki1: -0.009401969850084292
Kd1: -0.13704271542266297
Kp2: 0.0758545241788547
Ki2: 0.047346598339993114
Kd2: 0.0
init_obs: [ 0.43179499, -0.10602577, -0.37584372,  0.36412305]
