Kp1: -3.2724922872443463
Ki1: -0.010885607616698703
Kd1: -0.140853633966514
Kp2: 0.07789259137051366
Ki2: 0.045694812882608966
Kd2: 0.0
init_obs: [ 0.07814149, -0.08884978, -0.4426861 , -0.03314116]
