Kp1: -3.234741652570583
Ki1: -0.009042922675871166
Kd1: -0.15903787650318632
Kp2: 0.07891620749372873
Ki2: 0.05224129603981514
Kd2: 0.0
init_obs: [ 0.06293659,  0.4052091 ,  0.48535318, -0.06467879]
