Kp1: -2.8941818530230368
Ki1: -0.009410803308422859
Kd1: -0.13910442046486318
Kp2: 0.08034775077985407
Ki2: 0.0540099881456808
Kd2: 0.0
init_obs: [ 0.05971662, -0.10466647, -0.36127916, -0.13798147]
