Kp1: -3.225692246095459
Ki1: -0.009570858960193948
Kd1: -0.14417482724234898
Kp2: 0.0853466871386122
Ki2: 0.052714270818449364
Kd2: 0.0
init_obs: [ 0.1157364 ,  0.20760263,  0.44981328, -0.39650101]
