Kp1: -2.96890876171289
Ki1: -0.010763965704310992
Kd1: -0.14448961335525526
Kp2: 0.08321458615125782
Ki2: 0.052527167228592866
Kd2: 0.0
init_obs: [-0.38199122, -0.26451423,  0.1719904 ,  0.13708453]
