Kp1: -2.936558020324097
Ki1: -0.009799390540985988
Kd1: -0.15242776607658187
Kp2: 0.07969081639329248
Ki2: 0.04715067078792263
Kd2: 0.0
init_obs: [-0.02476202,  0.03906935,  0.04273078, -0.39973796]
