Kp1: -2.9233044971433944
Ki1: -0.009907407239271344
Kd1: -0.1542567101777715
Kp2: 0.08438977356686828
Ki2: 0.04535985828144719
Kd2: 0.0
init_obs: [-0.38994563,  0.13229917, -0.2372964 , -0.06480586]
