Kp1: -3.177642204111404
Ki1: -0.010752332062483643
Kd1: -0.15918206365612855
Kp2: 0.07878039228413057
Ki2: 0.04743398637351791
Kd2: 0.0
init_obs: [ 0.06026866, -0.06541691,  0.30324079, -0.12476478]
