Kp1: -2.927241600000403
Ki1: -0.010241921480804455
Kd1: -0.1397535329333878
Kp2: 0.08626629004593298
Ki2: 0.05212665116585816
Kd2: 0.0
init_obs: [-0.07293883,  0.40219788, -0.4974265 ,  0.17654222]
