Kp1: -2.7895740892384753
Ki1: -0.009091461424076687
Kd1: -0.14836680712082573
Kp2: 0.08278007466730838
Ki2: 0.04521458272344933
Kd2: 0.0
init_obs: [-0.26719755,  0.1694202 ,  0.49509553,  0.19587562]
