Kp1: -2.918153606330213
Ki1: -0.010768153916978327
Kd1: -0.13920380244612127
Kp2: 0.07877956304371518
Ki2: 0.049959680475937775
Kd2: 0.0
init_obs: [-0.0024415 ,  0.02960624,  0.02640833, -0.32239247]
