Kp1: -3.267441181454231
Ki1: -0.009774671055767507
Kd1: -0.13889262208593567
Kp2: 0.07666965428428606
Ki2: 0.04552530493418212
Kd2: 0.0
init_obs: [-0.32690855, -0.36547885,  0.08831122, -0.43676443]
