Kp1: -2.9525527623470276
Ki1: -0.009002478638650797
Kd1: -0.13823817115560116
Kp2: 0.08118449258662543
Ki2: 0.05382909709121664
Kd2: 0.0
init_obs: [-0.23541183, -0.48953282,  0.0049848 ,  0.0624022 ]
