Kp1: -3.291318150459901
Ki1: -0.009719089128296717
Kd1: -0.159424822919799
Kp2: 0.07828261613389709
Ki2: 0.04524989614532901
Kd2: 0.0
init_obs: [-0.27556325, -0.25568265, -0.40761281,  0.16854818]
