Kp1: -3.027892293874454
Ki1: -0.010343747309185263
Kd1: -0.14584402642914993
Kp2: 0.07532026249606241
Ki2: 0.04517886784141759
Kd2: 0.0
init_obs: [ 0.16011511, -0.11776406, -0.03969841, -0.49288432]
