Kp1: -3.0422112195804467
Ki1: -0.009139572255208912
Kd1: -0.1437412171566431
Kp2: 0.07592653931103653
Ki2: 0.05166416574036673
Kd2: 0.0
init_obs: [0.37555576, 0.00928595, 0.03597028, 0.20772576]
