Kp1: -3.261139169016486
Ki1: -0.009016625993162553
Kd1: -0.13982119028627393
Kp2: 0.07521848018289698
Ki2: 0.05440201813557819
Kd2: 0.0
init_obs: [-0.40557521,  0.10632013, -0.21648283,  0.25044045]
