Kp1: -3.043598221603082
Ki1: -0.010941797852247285
Kd1: -0.14246288900805426
Kp2: 0.0746232867855587
Ki2: 0.04740659730967204
Kd2: 0.0
init_obs: [ 0.49763295,  0.14653129, -0.04967732,  0.36900717]
