Kp1: -3.2775962040593445
Ki1: -0.00919196414184408
Kd1: -0.15361801356462806
Kp2: 0.08541605978052463
Ki2: 0.05040306549550656
Kd2: 0.0
init_obs: [-0.28207851, -0.38379941,  0.00421227, -0.17882783]
