Kp1: -3.029651781235957
Ki1: -0.010713642711544137
Kd1: -0.16241530328910456
Kp2: 0.07354530747845846
Ki2: 0.0486561162778362
Kd2: 0.0
init_obs: [-0.0020786 ,  0.34608048,  0.17384879,  0.12281307]
