Kp1: -2.8617969208394447
Ki1: -0.009737025782162708
Kd1: -0.1527010235142983
Kp2: 0.08159709821712147
Ki2: 0.04589395009313247
Kd2: 0.0
init_obs: [-0.31601712,  0.03399143,  0.41924655, -0.2288991 ]
