Kp1: -2.9130099472685784
Ki1: -0.009019499402614612
Kd1: -0.15255639349567304
Kp2: 0.07393931235707965
Ki2: 0.04623816706040708
Kd2: 0.0
init_obs: [-0.40369211, -0.23736372, -0.13950701, -0.12779641]
