Kp1: -3.0032797491669747
Ki1: -0.009794967971080898
Kd1: -0.155430411128019
Kp2: 0.08430211911717639
Ki2: 0.05064800368534216
Kd2: 0.0
init_obs: [ 0.22551077,  0.31532976, -0.06649913, -0.17481932]
