Kp1: -3.21148929302242
Ki1: -0.009554389563275666
Kd1: -0.16288986627620353
Kp2: 0.07979386633085471
Ki2: 0.045239361520642105
Kd2: 0.0
init_obs: [-0.23522877, -0.17805227, -0.05112035, -0.12222463]
