Kp1: -3.269032560646351
Ki1: -0.010211453924167785
Kd1: -0.15891635711916838
Kp2: 0.08446821715357429
Ki2: 0.052857042900595945
Kd2: 0.0
init_obs: [0.39747091, 0.42379049, 0.42441238, 0.28080363]
