Kp1: -2.9617537369494675
Ki1: -0.009158967424291417
Kd1: -0.14695406700248825
Kp2: 0.07372017133657317
Ki2: 0.04808806675803171
Kd2: 0.0
init_obs: [ 0.26200991, -0.46639949, -0.44677338, -0.17547204]
