Kp1: -3.1133056437824873
Ki1: -0.010731219924613218
Kd1: -0.15423329740628638
Kp2: 0.08582859312366656
Ki2: 0.04608124308928722
Kd2: 0.0
init_obs: [ 0.10337716,  0.28359199, -0.05445357, -0.31375364]
