Kp1: -2.884796277606128
Ki1: -0.00975665103942259
Kd1: -0.16113247691523944
Kp2: 0.08533129298020402
Ki2: 0.053845021356800596
Kd2: 0.0
init_obs: [-0.30741841, -0.32208299,  0.10003111, -0.29773084]
