Kp1: -2.740933769065961
Ki1: -0.00918407769571075
Kd1: -0.14352287532527352
Kp2: 0.07946945806111468
Ki2: 0.04604537938806422
Kd2: 0.0
init_obs: [-0.35568108, -0.19867983,  0.32570231, -0.44573685]
