Kp1: -3.2292585854830955
Ki1: -0.009242373810146035
Kd1: -0.13890781604991165
Kp2: 0.07414080316260312
Ki2: 0.046488703104707235
Kd2: 0.0
init_obs: [-0.01014714,  0.42041072,  0.32540283,  0.46679968]
