Kp1: -3.254379337654403
Ki1: -0.009049389253097548
Kd1: -0.16456971086255168
Kp2: 0.07984717691028179
Ki2: 0.054085699972917005
Kd2: 0.0
init_obs: [-0.21547213, -0.19123034,  0.05715449,  0.35233553]
