Kp1: -3.285462942553485
Ki1: -0.010262958819030861
Kd1: -0.14381189002051256
Kp2: 0.08139772625189508
Ki2: 0.0513914711228903
Kd2: 0.0
init_obs: [ 0.22668002, -0.49368125,  0.00288152,  0.44762812]
