Kp1: -2.9200894660292036
Ki1: -0.010413780297452957
Kd1: -0.1426438913889173
Kp2: 0.08389914155889171
Ki2: 0.05415889993996709
Kd2: 0.0
init_obs: [-0.00871865,  0.3366325 , -0.17684181,  0.44564788]
