Kp1: -2.8550174462774502
Ki1: -0.009864551038849286
Kd1: -0.15032448248259164
Kp2: 0.08566930624234577
Ki2: 0.04776025169892939
Kd2: 0.0
init_obs: [ 0.3059639 , -0.01310058, -0.25426628,  0.46787619]
