Kp1: -2.983602496184184
Ki1: -0.009694607509183701
Kd1: -0.13950221513896252
Kp2: 0.07974382443257946
Ki2: 0.04613860677456855
Kd2: 0.0
init_obs: [-0.32395506, -0.13619242, -0.13761369, -0.12115688]
