Kp1: -2.779095373421785
Ki1: -0.009419599987479635
Kd1: -0.15928031147689395
Kp2: 0.07576555928722706
Ki2: 0.047789934874704926
Kd2: 0.0
init_obs: [ 0.42684987, -0.21446831,  0.47651681,  0.26124921]
