Kp1: -2.969587984511798
Ki1: -0.009820303494728793
Kd1: -0.15819434423528192
Kp2: 0.08573956413539638
Ki2: 0.0482173578583831
Kd2: 0.0
init_obs: [-0.4886913 , -0.01679054,  0.17325037,  0.31231468]
