Kp1: -3.185547966901218
Ki1: -0.010425285383808387
Kd1: -0.14868449155363334
Kp2: 0.07776435275748139
Ki2: 0.054164888343512435
Kd2: 0.0
init_obs: [ 0.29311929, -0.21096528,  0.00986394, -0.28490566]
