Kp1: -2.9245248268702624
Ki1: -0.009432199323308436
Kd1: -0.15224469059264958
Kp2: 0.07366583904092087
Ki2: 0.053458664274448675
Kd2: 0.0
init_obs: [ 0.00462481, -0.04127329,  0.34237128, -0.40235432]
