Kp1: -3.0655203010894896
Ki1: -0.009530143716637397
Kd1: -0.13865043404907906
Kp2: 0.07893509395917157
Ki2: 0.04959950739909435
Kd2: 0.0
init_obs: [ 0.38479264,  0.33898151,  0.22597274, -0.35177109]
