Kp1: -2.931317696146932
Ki1: -0.0097978142329071
Kd1: -0.15680955365934074
Kp2: 0.07882063535567817
Ki2: 0.05338856366181593
Kd2: 0.0
init_obs: [ 0.18855161, -0.42475406, -0.17671567,  0.33517806]
