Kp1: -2.771664594507203
Ki1: -0.01027183926221742
Kd1: -0.13548922470829067
Kp2: 0.07772083690871637
Ki2: 0.04764960251873607
Kd2: 0.0
init_obs: [0.38543282, 0.25465755, 0.30820208, 0.25854544]
