Kp1: -3.020604368985432
Ki1: -0.010550989909908983
Kd1: -0.15014561805888907
Kp2: 0.08450784485842994
Ki2: 0.04745079426386786
Kd2: 0.0
init_obs: [-0.48246964,  0.08226843,  0.46750236,  0.29740138]
