Kp1: -2.7301225300861325
Ki1: -0.010646100311127966
Kd1: -0.15499329112955954
Kp2: 0.07478107685033565
Ki2: 0.054094584990464246
Kd2: 0.0
init_obs: [ 0.14700993,  0.29802209, -0.04030236,  0.30972818]
