Kp1: -3.016448223219668
Ki1: -0.009237615851902085
Kd1: -0.13537968571975292
Kp2: 0.07596351726180847
Ki2: 0.04772832846157941
Kd2: 0.0
init_obs: [-0.22847134, -0.06017418,  0.07972638,  0.34640625]
