Kp1: -3.06395195897173
Ki1: -0.010264591977360751
Kd1: -0.1638155507010204
Kp2: 0.07684776527364108
Ki2: 0.054680087204550254
Kd2: 0.0
init_obs: [-0.11232898, -0.06010006, -0.12152368, -0.30671264]
