Kp1: -2.931814980129843
Ki1: -0.009119188268940395
Kd1: -0.15852761790908718
Kp2: 0.07975570293198121
Ki2: 0.053087823394261525
Kd2: 0.0
init_obs: [-0.19240413,  0.25683734,  0.05247493,  0.17665711]
