Kp1: -2.985613494783942
Ki1: -0.009297815597201825
Kd1: -0.16039913527703908
Kp2: 0.07499961637683815
Ki2: 0.05111676136512047
Kd2: 0.0
init_obs: [-0.05536907, -0.38152538,  0.41904814,  0.11332982]
