Kp1: -3.0400438865365826
Ki1: -0.009870280871695176
Kd1: -0.14506593473887483
Kp2: 0.07763059599904726
Ki2: 0.05227639914121171
Kd2: 0.0
init_obs: [ 0.3336633 ,  0.20891069,  0.45709909, -0.48533075]
