Kp1: -2.73559742878375
Ki1: -0.009107425131701506
Kd1: -0.14186333180950572
Kp2: 0.08081132009013742
Ki2: 0.054939817465697594
Kd2: 0.0
init_obs: [-0.43996392, -0.24716538, -0.4115661 ,  0.26172536]
