Kp1: -3.284375990197314
Ki1: -0.00901150784536881
Kd1: -0.1487046286967364
Kp2: 0.08179370014603751
Ki2: 0.052520699715824404
Kd2: 0.0
init_obs: [ 0.2108684 ,  0.34684465,  0.29842167, -0.01737882]
