Kp1: -3.051961300469223
Ki1: -0.010697044456698031
Kd1: -0.15047318578483834
Kp2: 0.07744644446530326
Ki2: 0.05357344155507433
Kd2: 0.0
init_obs: [ 0.43443552,  0.32947401,  0.02792869, -0.49411528]
