Kp1: -2.72546624764517
Ki1: -0.01010717547235659
Kd1: -0.14220253238212296
Kp2: 0.08598119337625783
Ki2: 0.04726992384075321
Kd2: 0.0
init_obs: [-0.08438543,  0.33120634,  0.0846315 , -0.22438143]
