Kp1: -3.057698534480146
Ki1: -0.010663362078549867
Kd1: -0.13893109779034718
Kp2: 0.07666134030256778
Ki2: 0.04833661618320635
Kd2: 0.0
init_obs: [ 0.26314741, -0.12262053,  0.01948883,  0.14610511]
