Kp1: -2.7933194538355064
Ki1: -0.010467702892528961
Kd1: -0.14250877319064387
Kp2: 0.0815168474653098
Ki2: 0.05444736239217505
Kd2: 0.0
init_obs: [-0.31178762, -0.14391062, -0.38817057, -0.28905573]
