Kp1: -3.1128078138987965
Ki1: -0.01054695328468526
Kd1: -0.1549635314758296
Kp2: 0.0785342828814478
Ki2: 0.04962088126243139
Kd2: 0.0
init_obs: [0.01402947, 0.26341771, 0.31052417, 0.46413601]
