Kp1: -3.085526859129091
Ki1: -0.009497288351933574
Kd1: -0.15994423872739857
Kp2: 0.08398168929492682
Ki2: 0.05475960643795455
Kd2: 0.0
init_obs: [-0.09194792, -0.21733164, -0.37667655,  0.11857092]
