Kp1: -3.2650849747404154
Ki1: -0.009529921068695471
Kd1: -0.15962252870149846
Kp2: 0.07749566256086468
Ki2: 0.04929062823389157
Kd2: 0.0
init_obs: [ 0.23623551,  0.43157726,  0.33181725, -0.00087368]
