Kp1: -2.7261011456725965
Ki1: -0.009818548531471903
Kd1: -0.1396697499222622
Kp2: 0.08791258570327967
Ki2: 0.046770503372893735
Kd2: 0.0
init_obs: [-0.40757582,  0.27461613,  0.37087183,  0.31816904]
