Kp1: -3.0087565702804513
Ki1: -0.009624528394725112
Kd1: -0.14124686041986315
Kp2: 0.07872980471708792
Ki2: 0.05404812782517926
Kd2: 0.0
init_obs: [-0.23297304, -0.12713583, -0.0681755 , -0.04182665]
