Kp1: -3.0623316465599055
Ki1: -0.01073376321643933
Kd1: -0.15833928890953317
Kp2: 0.08583325016667015
Ki2: 0.05020629127408657
Kd2: 0.0
init_obs: [ 0.42354924,  0.29778995, -0.09075187, -0.31169027]
