Kp1: -3.25835422918679
Ki1: -0.009553367499658525
Kd1: -0.16426971389628445
Kp2: 0.08667868782103975
Ki2: 0.052060555925750374
Kd2: 0.0
init_obs: [ 0.07141192, -0.46968702,  0.20579294,  0.01145191]
