Kp1: -3.02603034180083
Ki1: -0.009059289435187488
Kd1: -0.14072946258288535
Kp2: 0.08541576326634207
Ki2: 0.051045723881354525
Kd2: 0.0
init_obs: [-0.06728473, -0.35273088, -0.2492689 , -0.48255211]
