Kp1: -2.954821277328515
Ki1: -0.009680644614967331
Kd1: -0.14285925829660664
Kp2: 0.0800869269725765
Ki2: 0.053548783060222954
Kd2: 0.0
init_obs: [-0.06298042,  0.33630506,  0.15577557, -0.20698227]
