Kp1: -2.88239629617965
Ki1: -0.010222303215215516
Kd1: -0.1431012019353636
Kp2: 0.0753594852194917
Ki2: 0.04601893967649043
Kd2: 0.0
init_obs: [ 0.30360016,  0.14101515, -0.18863018,  0.16822682]
