Kp1: -3.0983785244520545
Ki1: -0.010530332209463183
Kd1: -0.14432028618138731
Kp2: 0.08735556654076884
Ki2: 0.045078969840280765
Kd2: 0.0
init_obs: [ 0.21946742,  0.36694249, -0.38185264, -0.25905178]
