Kp1: -2.798665478788149
Ki1: -0.009388028714105275
Kd1: -0.153090693442943
Kp2: 0.0806760509609613
Ki2: 0.04746798146381875
Kd2: 0.0
init_obs: [-0.14923891, -0.18493537, -0.22099768, -0.00801218]
