Kp1: -2.8732525158902407
Ki1: -0.009911646325407742
Kd1: -0.16125474198223216
Kp2: 0.08243250318252787
Ki2: 0.04832828771731388
Kd2: 0.0
init_obs: [-0.15748017,  0.26531086, -0.46399493, -0.49805219]
