Kp1: -2.942842931745833
Ki1: -0.010903002762033254
Kd1: -0.15083843925308732
Kp2: 0.08281798665186353
Ki2: 0.04563322514465265
Kd2: 0.0
init_obs: [ 0.32777691,  0.48708169, -0.32329798,  0.16244944]
