Kp1: -2.9804044462691026
Ki1: -0.010011209802687479
Kd1: -0.13508563525834702
Kp2: 0.08382824233465934
Ki2: 0.053144374292787816
Kd2: 0.0
init_obs: [ 0.07646582,  0.27588774, -0.25464379, -0.41944574]
