Kp1: -2.893216265263641
Ki1: -0.010532955912551217
Kd1: -0.1390475542708456
Kp2: 0.07301604203317004
Ki2: 0.047344834407191734
Kd2: 0.0
init_obs: [-0.00272544, -0.18515813, -0.18160744,  0.24185325]
