Kp1: -3.0233099471466076
Ki1: -0.009002054648326851
Kd1: -0.16034313637686828
Kp2: 0.08054589315201652
Ki2: 0.04746338999041482
Kd2: 0.0
init_obs: [-0.35102883, -0.29813982, -0.20173345,  0.33359076]
