Kp1: -3.2176858650099476
Ki1: -0.009215406417971292
Kd1: -0.14068656009409994
Kp2: 0.07826683101893019
Ki2: 0.049034351256027314
Kd2: 0.0
init_obs: [-0.20114968, -0.29851702, -0.36818595, -0.00047688]
