Kp1: -3.252267967383576
Ki1: -0.009665038577188093
Kd1: -0.14004089184792484
Kp2: 0.0769092080792011
Ki2: 0.051303841318054315
Kd2: 0.0
init_obs: [ 0.04451184, -0.33872504,  0.24228035,  0.00911594]
