Kp1: -2.7604122723742988
Ki1: -0.01053928987158337
Kd1: -0.13756159711368174
Kp2: 0.07983205089052452
Ki2: 0.052214846257931616
Kd2: 0.0
init_obs: [-0.08728757,  0.02679205,  0.14643349,  0.26458042]
