Kp1: -3.167161863224801
Ki1: -0.009427268626532755
Kd1: -0.15491231232256708
Kp2: 0.08515325198240384
Ki2: 0.051307206149342935
Kd2: 0.0
init_obs: [-0.32302353,  0.28253771, -0.03194298, -0.20739687]
