Kp1: -2.7258593708842875
Ki1: -0.009302847722395882
Kd1: -0.13938082823419598
Kp2: 0.0751933656834189
Ki2: 0.05399638508627385
Kd2: 0.0
init_obs: [ 0.10676322,  0.34634558, -0.23482745, -0.393991  ]
