Kp1: -3.2702333349090806
Ki1: -0.01008758754685952
Kd1: -0.1566607008777354
Kp2: 0.08755146346989691
Ki2: 0.04742192501304597
Kd2: 0.0
init_obs: [-0.17011731,  0.26955206,  0.10051392, -0.4688    ]
