Kp1: -2.9357162787005784
Ki1: -0.009911937367361926
Kd1: -0.1421246374417837
Kp2: 0.08020186515973853
Ki2: 0.04666657690438633
Kd2: 0.0
init_obs: [ 0.14304781,  0.2920278 , -0.3392461 ,  0.14710711]
