Kp1: -3.205968275575451
Ki1: -0.009518615063329666
Kd1: -0.164028823268411
Kp2: 0.07489212086687275
Ki2: 0.05047746345291537
Kd2: 0.0
init_obs: [-0.43325211, -0.44424853, -0.26641248, -0.34038291]
