Kp1: -2.9134150042168647
Ki1: -0.009812583733007182
Kd1: -0.1497159266085293
Kp2: 0.08109692800494273
Ki2: 0.046263730097222414
Kd2: 0.0
init_obs: [ 0.06210739, -0.45603424, -0.40857365, -0.14361627]
