Kp1: -2.9449714426521783
Ki1: -0.009290663975675774
Kd1: -0.15260459911217714
Kp2: 0.08625976100733931
Ki2: 0.05212930498745266
Kd2: 0.0
init_obs: [ 0.16982035, -0.10996552,  0.20332733,  0.17665411]
