Kp1: -3.2301177912549472
Ki1: -0.009320744856074007
Kd1: -0.14217532677923306
Kp2: 0.07953281475229682
Ki2: 0.05019074658691376
Kd2: 0.0
init_obs: [ 0.17340004, -0.21340236, -0.3529033 ,  0.42640486]
