Kp1: -2.8616406679090183
Ki1: -0.010903906333553513
Kd1: -0.1521750525069715
Kp2: 0.07655782853051173
Ki2: 0.053701229853776504
Kd2: 0.0
init_obs: [-0.265406  ,  0.48240962,  0.49812334, -0.29862658]
