Kp1: -3.2133953824086046
Ki1: -0.01080822839352088
Kd1: -0.1452613310851543
Kp2: 0.08598448259569613
Ki2: 0.05307674484709388
Kd2: 0.0
init_obs: [ 0.44175533,  0.09902046, -0.46873629, -0.11205736]
