Kp1: -2.765184232087683
Ki1: -0.009030676593141603
Kd1: -0.14385412897819522
Kp2: 0.0845728840964079
Ki2: 0.0454242392058698
Kd2: 0.0
init_obs: [ 0.49405797,  0.09183004, -0.08505354,  0.10312195]
