Kp1: -3.0969285686732344
Ki1: -0.009416996889972476
Kd1: -0.14507959607314064
Kp2: 0.07928331537287683
Ki2: 0.05252935842071813
Kd2: 0.0
init_obs: [ 0.20494274, -0.1513143 , -0.1273411 , -0.04941596]
