Kp1: -2.9957736774898907
Ki1: -0.009126601555795512
Kd1: -0.15968752611599568
Kp2: 0.07594432897049855
Ki2: 0.047906565065160694
Kd2: 0.0
init_obs: [-0.09143402, -0.25893392,  0.36538311,  0.22899539]
