Kp1: -2.7851495698796
Ki1: -0.01093831735565805
Kd1: -0.14846958937248741
Kp2: 0.07572018740565907
Ki2: 0.05160123101572418
Kd2: 0.0
init_obs: [ 0.174401  ,  0.3318606 ,  0.31083242, -0.37100537]
