Kp1: -3.139434313973368
Ki1: -0.01055971896378249
Kd1: -0.13619171528092144
Kp2: 0.07549836639264541
Ki2: 0.04706930128289866
Kd2: 0.0
init_obs: [ 0.45012096, -0.08594097, -0.4895991 , -0.06482187]
