Kp1: -2.700884329812272
Ki1: -0.009298215642808591
Kd1: -0.1417875751429888
Kp2: 0.07725488227476605
Ki2: 0.049861325177211605
Kd2: 0.0
init_obs: [ 0.19853174,  0.38586255, -0.300443  ,  0.48671297]
