Kp1: -3.252724034830849
Ki1: -0.010398034659963263
Kd1: -0.1440209060792533
Kp2: 0.08225660673512528
Ki2: 0.04648349670781452
Kd2: 0.0
init_obs: [ 0.26176869,  0.40777807,  0.01413189, -0.49230797]
