Kp1: -2.9231902073414053
Ki1: -0.009167129067469346
Kd1: -0.1433039906637298
Kp2: 0.07965023138962282
Ki2: 0.05006590979544976
Kd2: 0.0
init_obs: [-0.07521347,  0.31479882, -0.41276758, -0.31213498]
