Kp1: -3.2024982745650785
Ki1: -0.00937995515401722
Kd1: -0.15104044279144901
Kp2: 0.07775079672818878
Ki2: 0.047739909049906
Kd2: 0.0
init_obs: [ 0.25056458, -0.04331593,  0.45585035,  0.09586412]
