Kp1: -3.1099621069421683
Ki1: -0.010696599951905802
Kd1: -0.15562336248851313
Kp2: 0.0786464205176456
Ki2: 0.04865296033615652
Kd2: 0.0
init_obs: [ 0.02706114, -0.42668581,  0.2043554 , -0.02700702]
