Kp1: -2.9234262494547574
Ki1: -0.01049931924591492
Kd1: -0.15983612547497641
Kp2: 0.08727064440252753
Ki2: 0.04751275267740093
Kd2: 0.0
init_obs: [-0.46930878,  0.4478766 , -0.2643585 , -0.34040702]
