Kp1: -2.8414233726352665
Ki1: -0.009896055684890579
Kd1: -0.1584072641179893
Kp2: 0.08538261865011489
Ki2: 0.049366104040978125
Kd2: 0.0
init_obs: [-0.34336993, -0.37812468,  0.35930087,  0.43069942]
