Kp1: -3.2092265369229507
Ki1: -0.009923423715019211
Kd1: -0.1351223364403748
Kp2: 0.07235103659805621
Ki2: 0.04937100079515565
Kd2: 0.0
init_obs: [-0.395806  ,  0.04724084,  0.37078436, -0.43703986]
