Kp1: -3.285688783908621
Ki1: -0.00903598564131699
Kd1: -0.14896075764676636
Kp2: 0.08445041620546856
Ki2: 0.05435295803925564
Kd2: 0.0
init_obs: [ 0.4192525 , -0.11364395,  0.03926047,  0.49417646]
