Kp1: -2.827654120144479
Ki1: -0.010666987034538835
Kd1: -0.16021996000295083
Kp2: 0.07832339711277764
Ki2: 0.046882125494021876
Kd2: 0.0
init_obs: [-0.46233031, -0.14619095,  0.09347195,  0.00268663]
