Kp1: -3.2168796708046816
Ki1: -0.009990324785337871
Kd1: -0.1628280772687757
Kp2: 0.0758048132158855
Ki2: 0.05437156126544852
Kd2: 0.0
init_obs: [-0.15901445, -0.12953528,  0.07979096, -0.41638923]
