Kp1: -2.970018618578009
Ki1: -0.00908963163121678
Kd1: -0.15797068576217824
Kp2: 0.07296059793628251
Ki2: 0.04844790020899151
Kd2: 0.0
init_obs: [ 0.43031245,  0.06950385, -0.01825662,  0.24330987]
