Kp1: -2.750849129028561
Ki1: -0.01033382890678483
Kd1: -0.13530409320768486
Kp2: 0.07906176882674264
Ki2: 0.04979143075644839
Kd2: 0.0
init_obs: [-0.06532992, -0.05301988,  0.21123612,  0.08554978]
