Kp1: -2.724065573115692
Ki1: -0.010240897987647128
Kd1: -0.1569323710811777
Kp2: 0.07655851845602378
Ki2: 0.05469479091652927
Kd2: 0.0
init_obs: [ 0.26435164,  0.11888834, -0.05158076,  0.24319654]
