Kp1: -2.772988970091529
Ki1: -0.009924523652754156
Kd1: -0.14988271570679743
Kp2: 0.07958383041544176
Ki2: 0.04546187898746737
Kd2: 0.0
init_obs: [ 0.31353569,  0.34358357,  0.29402007, -0.14438083]
