Kp1: -3.1452205844743997
Ki1: -0.01045024472160417
Kd1: -0.14074364481514234
Kp2: 0.07977714856909986
Ki2: 0.05058338590678851
Kd2: 0.0
init_obs: [-0.13378053,  0.12113227, -0.01587847, -0.22655725]
