Kp1: -3.2840455148048457
Ki1: -0.010587587296316219
Kd1: -0.13713409989694333
Kp2: 0.08695376916327822
Ki2: 0.046590267672699005
Kd2: 0.0
init_obs: [-0.47057704,  0.3693479 ,  0.47771477, -0.27746763]
