Kp1: -3.226431530287787
Ki1: -0.010027955663257733
Kd1: -0.14700639468617202
Kp2: 0.07243056139925157
Ki2: 0.05089317262286033
Kd2: 0.0
init_obs: [ 0.18584529,  0.23011203,  0.10622148, -0.47042874]
