Kp1: -3.2450439787305863
Ki1: -0.0090010678409776
Kd1: -0.14467140625293984
Kp2: 0.07686612854177287
Ki2: 0.05285589861396576
Kd2: 0.0
init_obs: [-0.08201793, -0.19316787, -0.49936475, -0.48826125]
