Kp1: -3.186247330917677
Ki1: -0.0102841657655802
Kd1: -0.14951317245795298
Kp2: 0.08436966574715335
Ki2: 0.05357921758056905
Kd2: 0.0
init_obs: [ 0.39958991, -0.46561626,  0.47386007,  0.00934862]
