Kp1: -3.2348269431534247
Ki1: -0.010147911378425314
Kd1: -0.1439599123908999
Kp2: 0.08407035713265985
Ki2: 0.04681002651376947
Kd2: 0.0
init_obs: [0.1354465 , 0.44367496, 0.40778568, 0.27915068]
