Kp1: -2.7022817213476733
Ki1: -0.010146531915678577
Kd1: -0.13686125768092294
Kp2: 0.07464375705823907
Ki2: 0.052778722210350286
Kd2: 0.0
init_obs: [-0.26854915, -0.19618677,  0.01980294, -0.17826149]
