Kp1: -3.0469213334189558
Ki1: -0.009767474233944974
Kd1: -0.14727426886629483
Kp2: 0.07369665223166226
Ki2: 0.04789505625216252
Kd2: 0.0
init_obs: [ 0.42012522,  0.3621786 , -0.04956669,  0.26610522]
