Kp1: -2.795772530084267
Ki1: -0.010073845262536206
Kd1: -0.15684547395782583
Kp2: 0.08432952338876425
Ki2: 0.04965056048029037
Kd2: 0.0
init_obs: [-0.07692345, -0.47716167, -0.30421574,  0.44590497]
