Kp1: -3.2152542489846954
Ki1: -0.010071927810360317
Kd1: -0.13684472293605282
Kp2: 0.08095887119585886
Ki2: 0.04555491622148171
Kd2: 0.0
init_obs: [ 0.29991077, -0.20229937, -0.20417673,  0.16759384]
