Kp1: -3.2709962007971596
Ki1: -0.010687450854258042
Kd1: -0.15033118107852228
Kp2: 0.08341834501925309
Ki2: 0.052319966730393554
Kd2: 0.0
init_obs: [-0.22399594,  0.22198681,  0.19466826, -0.44001198]
