Kp1: -2.7120798663624344
Ki1: -0.00938517291509519
Kd1: -0.14989007261281914
Kp2: 0.08009594414035535
Ki2: 0.050403660254126896
Kd2: 0.0
init_obs: [ 0.13590747,  0.24950392, -0.27437475, -0.44409506]
