Kp1: -2.8828157041099263
Ki1: -0.010883941167061689
Kd1: -0.1576958439924603
Kp2: 0.08006840165992321
Ki2: 0.047366257319400924
Kd2: 0.0
init_obs: [ 0.01770394, -0.23045835, -0.21876975,  0.34256382]
