Kp1: -2.830201034611779
Ki1: -0.010300853753643247
Kd1: -0.14440235384051966
Kp2: 0.08186990548059801
Ki2: 0.05285495565162766
Kd2: 0.0
init_obs: [ 0.04178965,  0.15262024,  0.11442899, -0.02748346]
