Kp1: -3.2090667567724767
Ki1: -0.009125332563024748
Kd1: -0.15623553264344467
Kp2: 0.08489030370407687
Ki2: 0.052745800368771426
Kd2: 0.0
init_obs: [ 0.44732841, -0.25965654, -0.22764374,  0.25104724]
