Kp1: -2.7647980473756135
Ki1: -0.009556369388393984
Kd1: -0.1582870572484263
Kp2: 0.08580520933233625
Ki2: 0.04841099640703007
Kd2: 0.0
init_obs: [ 0.34167573,  0.16479709, -0.40407359, -0.46910907]
