Kp1: -3.1208433941912297
Ki1: -0.010397608215688938
Kd1: -0.16300227676766166
Kp2: 0.08413978966899671
Ki2: 0.051461587825679556
Kd2: 0.0
init_obs: [ 0.23554813, -0.4799721 ,  0.33491652,  0.18656749]
