Kp1: -3.1125438521127986
Ki1: -0.009793957897001571
Kd1: -0.15211825875702442
Kp2: 0.07920795350857258
Ki2: 0.047734404554231086
Kd2: 0.0
init_obs: [-0.45772798, -0.42946302,  0.4203805 ,  0.33220831]
