Kp1: -2.8279877471785078
Ki1: -0.009091233148714791
Kd1: -0.15758028246457825
Kp2: 0.07752932602533892
Ki2: 0.04527680142647825
Kd2: 0.0
init_obs: [ 0.37485784, -0.36049887,  0.3213327 , -0.22275627]
