Kp1: -2.8990442589725687
Ki1: -0.010228737510179284
Kd1: -0.1626796018327175
Kp2: 0.08562922379885014
Ki2: 0.04699084526743035
Kd2: 0.0
init_obs: [-0.09410902, -0.2035239 ,  0.00947758,  0.10458737]
