Kp1: -2.85800730052065
Ki1: -0.010255181311873742
Kd1: -0.15421356353279825
Kp2: 0.08013795804156085
Ki2: 0.051064181928760555
Kd2: 0.0
init_obs: [-0.32091981,  0.28939823,  0.03264997, -0.36001201]
