Kp1: -3.1223360993400915
Ki1: -0.01028567307699591
Kd1: -0.13702355577079273
Kp2: 0.08112218511063418
Ki2: 0.05422708124087906
Kd2: 0.0
init_obs: [-0.19236832, -0.365658  , -0.15315042,  0.00742937]
