Kp1: -3.230351206375427
Ki1: -0.010368351226841566
Kd1: -0.15340755370189646
Kp2: 0.08291598839407724
Ki2: 0.05367455845716024
Kd2: 0.0
init_obs: [ 0.14913876, -0.18465375, -0.45179792, -0.30786326]
