Kp1: -3.0061673088411154
Ki1: -0.010909509614039756
Kd1: -0.14045072834583744
Kp2: 0.08222314473296027
Ki2: 0.04634394319650482
Kd2: 0.0
init_obs: [ 0.37746474,  0.27736709,  0.2708968 , -0.09636736]
