Kp1: -3.0916270253606823
Ki1: -0.0095061328853775
Kd1: -0.1481270582824855
Kp2: 0.077947549550633
Ki2: 0.053923221670981625
Kd2: 0.0
init_obs: [-0.06395133, -0.12662956,  0.08908054,  0.31406367]
