Kp1: -2.8090406865839066
Ki1: -0.009213869897366358
Kd1: -0.15254326289868467
Kp2: 0.07790768468545681
Ki2: 0.0450473182567567
Kd2: 0.0
init_obs: [-0.33653378,  0.26737462,  0.08468537, -0.22747816]
