Kp1: -2.7795426684440536
Ki1: -0.009846150753369727
Kd1: -0.15388211856903408
Kp2: 0.07959465217546895
Ki2: 0.047592733764411296
Kd2: 0.0
init_obs: [-0.19433465, -0.29359235,  0.38763227,  0.01524962]
