Kp1: -2.854177823284507
Ki1: -0.009556921163923414
Kd1: -0.15144530696567385
Kp2: 0.07343753287929093
Ki2: 0.05215979902140973
Kd2: 0.0
init_obs: [ 0.27339838,  0.4164172 , -0.33579002, -0.07219336]
