Kp1: -3.0949507171245108
Ki1: -0.009473330722847626
Kd1: -0.1633967391461276
Kp2: 0.08385553825704119
Ki2: 0.04672412560252187
Kd2: 0.0
init_obs: [-0.29112714, -0.35608649, -0.29264812, -0.39526233]
