Kp1: -3.250804124902264
Ki1: -0.009955065132926561
Kd1: -0.1424610807485482
Kp2: 0.07690451722043685
Ki2: 0.05195110949159522
Kd2: 0.0
init_obs: [-0.21037255,  0.18309976, -0.28263708, -0.08730863]
