Kp1: -3.1392669776778366
Ki1: -0.010855743220258075
Kd1: -0.15466545522366554
Kp2: 0.08255616616262464
Ki2: 0.047052837722328794
Kd2: 0.0
init_obs: [-0.30823328, -0.47195959,  0.03451157, -0.03776235]
