Kp1: -3.2869042538302233
Ki1: -0.009009529258898082
Kd1: -0.15313377137896145
Kp2: 0.07574469888682211
Ki2: 0.04918266764214298
Kd2: 0.0
init_obs: [ 0.06083861,  0.18400582,  0.48397385, -0.20863348]
