Kp1: -2.7546544893656497
Ki1: -0.009713483603108664
Kd1: -0.13714581282844146
Kp2: 0.08296625917846447
Ki2: 0.048878950794771
Kd2: 0.0
init_obs: [-0.19731196, -0.36780873, -0.00730338, -0.41889536]
