Kp1: -2.7933965588549263
Ki1: -0.009547178566400461
Kd1: -0.14689875363341043
Kp2: 0.08465174387625198
Ki2: 0.04976363950293801
Kd2: 0.0
init_obs: [0.06043525, 0.18676562, 0.41384278, 0.3139718 ]
