Kp1: -2.885917734376588
Ki1: -0.010109105631399795
Kd1: -0.16241015478445572
Kp2: 0.07983253096594453
Ki2: 0.04568566294066881
Kd2: 0.0
init_obs: [ 0.06655561, -0.28590726,  0.37049542,  0.18286169]
