Kp1: -3.052347360211285
Ki1: -0.009620045134839248
Kd1: -0.1358803734283064
Kp2: 0.07560276354458859
Ki2: 0.04623917155049799
Kd2: 0.0
init_obs: [-0.16322426, -0.21813986, -0.09408802, -0.00984338]
