Kp1: -3.0627294070730553
Ki1: -0.009189659260908502
Kd1: -0.1497179791425241
Kp2: 0.08291900502640333
Ki2: 0.04921910706073654
Kd2: 0.0
init_obs: [-0.13457785, -0.37815057, -0.00662232, -0.21432707]
