Kp1: -3.1025619815821694
Ki1: -0.010235892049881937
Kd1: -0.1420804149909501
Kp2: 0.07256293198807696
Ki2: 0.04741666222322964
Kd2: 0.0
init_obs: [-0.08108903,  0.05985989,  0.38445   , -0.31372294]
