Kp1: -2.8011546186098757
Ki1: -0.009635398156277055
Kd1: -0.13690958630656627
Kp2: 0.0797659258276264
Ki2: 0.04665328107822539
Kd2: 0.0
init_obs: [ 0.01854412,  0.11834488, -0.49785088,  0.08671144]
