Kp1: -2.938997128543245
Ki1: -0.009708404638135371
Kd1: -0.15069367880698042
Kp2: 0.08097734771385914
Ki2: 0.05295123395753484
Kd2: 0.0
init_obs: [0.4279609 , 0.40417619, 0.02615035, 0.00720562]
