Kp1: -3.0486029211835612
Ki1: -0.010767314247685953
Kd1: -0.14241389143039804
Kp2: 0.08392279374914248
Ki2: 0.054842588201110334
Kd2: 0.0
init_obs: [-0.24463277, -0.02113852,  0.28957683, -0.20840508]
