Kp1: -2.9907292758320483
Ki1: -0.010582063311735912
Kd1: -0.15706131797815354
Kp2: 0.08299602182625761
Ki2: 0.04915811820214375
Kd2: 0.0
init_obs: [-0.1838566 ,  0.03401023, -0.20374161,  0.38517358]
