Kp1: -3.261861410303716
Ki1: -0.010921714184168
Kd1: -0.1373542210582116
Kp2: 0.07216719114242227
Ki2: 0.04638986368546743
Kd2: 0.0
init_obs: [-0.40971167,  0.0130019 ,  0.46049024, -0.29847852]
