Kp1: -2.7985298196584294
Ki1: -0.009397688401313697
Kd1: -0.15873762075571723
Kp2: 0.08253145664801466
Ki2: 0.052234028833040895
Kd2: 0.0
init_obs: [ 0.40767824, -0.43761707,  0.08025891,  0.25327526]
