Kp1: -3.236102045430904
Ki1: -0.01053629503875915
Kd1: -0.16059479345259428
Kp2: 0.07925468306244164
Ki2: 0.04700774221255465
Kd2: 0.0
init_obs: [-0.13001201, -0.01967972, -0.11435669,  0.20716555]
