Kp1: -2.9836277846420334
Ki1: -0.009258986766825208
Kd1: -0.137163210821791
Kp2: 0.07563468042888506
Ki2: 0.04642129120826766
Kd2: 0.0
init_obs: [-0.10538774, -0.46902544, -0.00240931,  0.3491866 ]
