Kp1: -3.1764375659524773
Ki1: -0.00900417706163732
Kd1: -0.15680630139427995
Kp2: 0.08768220032210616
Ki2: 0.04671262936767139
Kd2: 0.0
init_obs: [ 0.08792441,  0.39592117,  0.22188676, -0.32091782]
