Kp1: -3.0400200830624504
Ki1: -0.010009580804184523
Kd1: -0.1509234622197693
Kp2: 0.07940859184402904
Ki2: 0.04880330653464492
Kd2: 0.0
init_obs: [-0.22382289,  0.31495723, -0.25199953,  0.05640996]
