Kp1: -3.15441083027871
Ki1: -0.009618182611744706
Kd1: -0.14955356359968805
Kp2: 0.07880192121479189
Ki2: 0.04862336485753616
Kd2: 0.0
init_obs: [0.04004521, 0.23381305, 0.22744428, 0.23962235]
