Kp1: -3.1704144078091927
Ki1: -0.009358439590800833
Kd1: -0.13979176003322222
Kp2: 0.07484312731152037
Ki2: 0.05075814504328181
Kd2: 0.0
init_obs: [ 0.28149662, -0.3407442 , -0.44407299, -0.35069056]
