Kp1: -3.0535940487253113
Ki1: -0.010624942697593533
Kd1: -0.16261088356622289
Kp2: 0.0853697177486754
Ki2: 0.05354636520757908
Kd2: 0.0
init_obs: [-0.32333849,  0.27528159, -0.07947425,  0.20788252]
