Kp1: -2.9846289276550078
Ki1: -0.010098848595902984
Kd1: -0.14935532881850136
Kp2: 0.08296350636244189
Ki2: 0.0461106979729517
Kd2: 0.0
init_obs: [ 0.32075964, -0.30434744, -0.35683511,  0.36018223]
