Kp1: -2.9947341220143047
Ki1: -0.009511559839175284
Kd1: -0.15432847118814447
Kp2: 0.07292738598862246
Ki2: 0.052517768414827984
Kd2: 0.0
init_obs: [ 0.31652452, -0.04953916,  0.11834467, -0.05200817]
