Kp1: -2.881191698927171
Ki1: -0.010410444887144162
Kd1: -0.13695912334690644
Kp2: 0.0745163309988906
Ki2: 0.04554781779993819
Kd2: 0.0
init_obs: [ 0.17268149, -0.12546209,  0.15499834,  0.19662532]
