Kp1: -3.054551078508134
Ki1: -0.010423929353021213
Kd1: -0.1476816068559464
Kp2: 0.07217909475653742
Ki2: 0.049630809195902195
Kd2: 0.0
init_obs: [ 0.38037217, -0.44266129,  0.1113313 ,  0.3046722 ]
