Kp1: -2.9636402745225223
Ki1: -0.00962421700499419
Kd1: -0.1507774171060363
Kp2: 0.07576496718804976
Ki2: 0.04849958805493001
Kd2: 0.0
init_obs: [-0.13980632,  0.03738469,  0.10904373, -0.02126091]
