Kp1: -2.712457223952368
Ki1: -0.010745263675836862
Kd1: -0.14077093852127961
Kp2: 0.0829120028169628
Ki2: 0.0534615920050168
Kd2: 0.0
init_obs: [-0.20939411,  0.1468044 ,  0.33198113,  0.36732043]
