Kp1: -3.1296683641209055
Ki1: -0.010407147925641576
Kd1: -0.14214951197276676
Kp2: 0.07656722615647542
Ki2: 0.04625095027183079
Kd2: 0.0
init_obs: [-0.47891847, -0.15231255,  0.28034141, -0.01391578]
