Kp1: -3.1724210375967123
Ki1: -0.010444759641648182
Kd1: -0.14667200781927672
Kp2: 0.0726082861989374
Ki2: 0.05065321176760095
Kd2: 0.0
init_obs: [ 0.21988552, -0.26848919,  0.02915034, -0.3399998 ]
