Kp1: -2.8844837950401323
Ki1: -0.010813659136637978
Kd1: -0.1574042475234285
Kp2: 0.07391937776155287
Ki2: 0.04749937811998106
Kd2: 0.0
init_obs: [-0.21711315, -0.0128478 , -0.38400998,  0.33556559]
