Kp1: -2.9134920561761852
Ki1: -0.009606419762639165
Kd1: -0.1482918896937895
Kp2: 0.08313254605955737
Ki2: 0.05221893775044978
Kd2: 0.0
init_obs: [ 0.04503457, -0.15563639, -0.22863835,  0.23298374]
