Kp1: -2.968220550347742
Ki1: -0.009286238203532741
Kd1: -0.13884560704273402
Kp2: 0.08731767134950669
Ki2: 0.05309486845678814
Kd2: 0.0
init_obs: [ 0.17489533, -0.23660312,  0.39316574, -0.46415426]
