Kp1: -2.96207983280088
Ki1: -0.01053817316394112
Kd1: -0.15565578596224958
Kp2: 0.07232333671422932
Ki2: 0.054672119853390634
Kd2: 0.0
init_obs: [ 0.25019301,  0.00706967, -0.01701373, -0.140905  ]
