Kp1: -2.7565027035620755
Ki1: -0.010485127004511482
Kd1: -0.15858067479784865
Kp2: 0.07611277333367854
Ki2: 0.045337330305470026
Kd2: 0.0
init_obs: [ 0.06360423,  0.21484434,  0.1261733 , -0.36849452]
