Kp1: -2.7185343249377687
Ki1: -0.010324392496670646
Kd1: -0.13667964301036625
Kp2: 0.08456950127867664
Ki2: 0.04836120152071808
Kd2: 0.0
init_obs: [ 0.15092459, -0.48568069, -0.21674468, -0.14586691]
