Kp1: -3.1921816779178576
Ki1: -0.01076778317122459
Kd1: -0.1429333246289445
Kp2: 0.07385414173355197
Ki2: 0.04621915023609702
Kd2: 0.0
init_obs: [-0.00816897,  0.10365299,  0.43381303,  0.38903033]
