Kp1: -2.7784370268846663
Ki1: -0.010556787941176142
Kd1: -0.16339477943531647
Kp2: 0.08748425315188986
Ki2: 0.046240324167606546
Kd2: 0.0
init_obs: [ 0.09315864,  0.42845806, -0.22226556,  0.05764485]
