Kp1: -3.193717933922822
Ki1: -0.010751524548383613
Kd1: -0.14787395864938999
Kp2: 0.08527533352899551
Ki2: 0.04976953224368298
Kd2: 0.0
init_obs: [-0.21288792,  0.47242489,  0.2582779 , -0.47340648]
