Kp1: -3.1611326611102446
Ki1: -0.009587517099802212
Kd1: -0.14576080887750273
Kp2: 0.07932465355284234
Ki2: 0.04846036762320721
Kd2: 0.0
init_obs: [-0.15649456, -0.29125321,  0.48077916,  0.1256575 ]
