Kp1: -3.0212599005484297
Ki1: -0.009280129097455899
Kd1: -0.14946675991693278
Kp2: 0.08111051390475525
Ki2: 0.05499496382580546
Kd2: 0.0
init_obs: [ 0.12617274,  0.12065728, -0.45640626,  0.21242365]
