Kp1: -2.7937201734973507
Ki1: -0.009693126087942023
Kd1: -0.15846873168817543
Kp2: 0.07594257031785506
Ki2: 0.0466819771484765
Kd2: 0.0
init_obs: [ 0.36791387, -0.25008085,  0.19105742, -0.0300698 ]
