Kp1: -2.9699083569058136
Ki1: -0.009377763511725248
Kd1: -0.14490529403711977
Kp2: 0.08249154733667628
Ki2: 0.049810989122366645
Kd2: 0.0
init_obs: [ 0.22302301,  0.19089084, -0.12292447, -0.02473253]
