Kp1: -3.0660743092224334
Ki1: -0.010521089559694186
Kd1: -0.15859596908486873
Kp2: 0.07914285709109004
Ki2: 0.052078657495107705
Kd2: 0.0
init_obs: [ 0.49129948,  0.00172727, -0.37550902,  0.29621906]
