Kp1: -3.099308400990651
Ki1: -0.009721380769534474
Kd1: -0.16428291806651765
Kp2: 0.08025487241704717
Ki2: 0.05091678055991015
Kd2: 0.0
init_obs: [ 0.46038575,  0.102771  , -0.05355715,  0.15343551]
