Kp1: -3.0099263281845747
Ki1: -0.010518669155313454
Kd1: -0.15071417587761396
Kp2: 0.08163433181948193
Ki2: 0.049851515712778544
Kd2: 0.0
init_obs: [-0.29440996,  0.32767442,  0.06377303,  0.26269425]
