Kp1: -2.8835574004911124
Ki1: -0.009364951423149795
Kd1: -0.13722518948741105
Kp2: 0.0807217282759793
Ki2: 0.047946531234967886
Kd2: 0.0
init_obs: [ 0.14704605, -0.25647985,  0.20683905, -0.12645304]
