Kp1: -3.078101028511917
Ki1: -0.009582980579856825
Kd1: -0.15197136361596655
Kp2: 0.08305649417100294
Ki2: 0.052456084383192284
Kd2: 0.0
init_obs: [-0.49656101,  0.11714831, -0.35957087, -0.16328267]
