Kp1: -3.2759481729950224
Ki1: -0.0097003909980814
Kd1: -0.15860961062204143
Kp2: 0.08573219953446252
Ki2: 0.0502379457087135
Kd2: 0.0
init_obs: [ 0.24200486,  0.06175077,  0.28129108, -0.31653028]
