Kp1: -2.708354079747708
Ki1: -0.0101202806097563
Kd1: -0.1387544154066416
Kp2: 0.07250656306228395
Ki2: 0.05255798376340742
Kd2: 0.0
init_obs: [0.13078353, 0.31483304, 0.36617454, 0.26792435]
