Kp1: -2.9866487810430384
Ki1: -0.009783856053336412
Kd1: -0.15590877924052604
Kp2: 0.07720134090103872
Ki2: 0.051644882642252525
Kd2: 0.0
init_obs: [0.4349186 , 0.39553986, 0.37404049, 0.14921315]
