Kp1: -3.000103581616507
Ki1: -0.010647375534298096
Kd1: -0.14807606250939034
Kp2: 0.08092294821306173
Ki2: 0.05400761053778899
Kd2: 0.0
init_obs: [ 0.40713036,  0.04857403, -0.31037268,  0.24612625]
