Kp1: -3.025062113288752
Ki1: -0.009459863136631531
Kd1: -0.14692689110308008
Kp2: 0.07812814589077693
Ki2: 0.05482178361731213
Kd2: 0.0
init_obs: [ 0.4479159 ,  0.24944263, -0.33348448, -0.26555374]
