Kp1: -2.8215390074860482
Ki1: -0.010267757228869584
Kd1: -0.15868154631386908
Kp2: 0.0875588616184478
Ki2: 0.053253461204536
Kd2: 0.0
init_obs: [-0.47473962, -0.37449872, -0.48952245,  0.24105685]
