Kp1: -2.8112185401240515
Ki1: -0.01081204546733139
Kd1: -0.14497958113532924
Kp2: 0.08363190482864694
Ki2: 0.04952093932214757
Kd2: 0.0
init_obs: [-0.21570534, -0.12606187,  0.03350493,  0.34075874]
