Kp1: -2.9473498098798405
Ki1: -0.009715546093737483
Kd1: -0.14474394518033915
Kp2: 0.07807235521740434
Ki2: 0.05400158375684774
Kd2: 0.0
init_obs: [-0.24176136, -0.30345025,  0.34056689,  0.34490228]
