Kp1: -2.806167093910246
Ki1: -0.010381194693472168
Kd1: -0.16166715022301972
Kp2: 0.07409121958101167
Ki2: 0.049614882552902834
Kd2: 0.0
init_obs: [ 0.19525028,  0.1931191 , -0.18672712,  0.49709646]
