Kp1: -3.2318326545168317
Ki1: -0.00975924498601728
Kd1: -0.15243525707812877
Kp2: 0.07382907253616754
Ki2: 0.04724525963463837
Kd2: 0.0
init_obs: [ 0.17952352, -0.10427979,  0.40134507, -0.4603738 ]
