Kp1: -3.0860367503887454
Ki1: -0.009907230416113052
Kd1: -0.14914878798059622
Kp2: 0.0820696846165352
Ki2: 0.04919570656955868
Kd2: 0.0
init_obs: [0.00835017, 0.02731804, 0.02289656, 0.08928567]
