Kp1: -2.7944926955192653
Ki1: -0.0106321039251176
Kd1: -0.1475643706862698
Kp2: 0.08067318978564948
Ki2: 0.053942868199945794
Kd2: 0.0
init_obs: [-0.370568  ,  0.2815324 , -0.43801733,  0.32225835]
