Kp1: -2.723315792189668
Ki1: -0.00988154508051615
Kd1: -0.1429794360900084
Kp2: 0.07353102074499432
Ki2: 0.04626419652632157
Kd2: 0.0
init_obs: [ 0.29889082,  0.18781735, -0.21253858, -0.39463417]
