Kp1: -2.7789508026062895
Ki1: -0.010856090308518395
Kd1: -0.16283610492781828
Kp2: 0.08150266450035204
Ki2: 0.04827210152829373
Kd2: 0.0
init_obs: [-0.33938795,  0.41671674,  0.37625459, -0.20032157]
