Kp1: -2.8501655654495015
Ki1: -0.009029330185974842
Kd1: -0.1374774709743723
Kp2: 0.08556124066854688
Ki2: 0.051610703284440555
Kd2: 0.0
init_obs: [ 0.22119736,  0.32963576, -0.28023593,  0.48537289]
