Kp1: -3.23406498830135
Ki1: -0.009112426788265664
Kd1: -0.156013620712307
Kp2: 0.08198465676356069
Ki2: 0.04803718656176328
Kd2: 0.0
init_obs: [-0.02610332,  0.40590274,  0.31245382, -0.49886147]
