Kp1: -2.8395932722919337
Ki1: -0.010005227821145563
Kd1: -0.13776410375947554
Kp2: 0.0825168376244398
Ki2: 0.04699915759699888
Kd2: 0.0
init_obs: [0.42106257, 0.19531429, 0.10654687, 0.37628212]
