Kp1: -2.829599331165398
Ki1: -0.009483172341290293
Kd1: -0.1611938630726724
Kp2: 0.08172253841717143
Ki2: 0.04529873114880384
Kd2: 0.0
init_obs: [ 0.38419652, -0.42283429,  0.34392202, -0.48857344]
