Kp1: -3.2625144372321033
Ki1: -0.009393497218705148
Kd1: -0.14539502139056365
Kp2: 0.07334183677803086
Ki2: 0.04878647473178091
Kd2: 0.0
init_obs: [ 0.2751847 ,  0.32636255, -0.05661676,  0.31386514]
