Kp1: -3.0865943902331114
Ki1: -0.009893104811577376
Kd1: -0.14152661656224486
Kp2: 0.0748590808928128
Ki2: 0.051979069954919625
Kd2: 0.0
init_obs: [ 0.28458493, -0.12037978,  0.28483983,  0.01986074]
