Kp1: -2.772816814878245
Ki1: -0.010598082332189009
Kd1: -0.151988268280021
Kp2: 0.08603607476760551
Ki2: 0.04952518234326271
Kd2: 0.0
init_obs: [ 0.11662823, -0.0639731 , -0.05766928, -0.24723905]
