Kp1: -3.093744519097485
Ki1: -0.009028452361115956
Kd1: -0.15158168381418438
Kp2: 0.0818606310707358
Ki2: 0.05124739471126678
Kd2: 0.0
init_obs: [ 0.36906925,  0.03123492, -0.22913402,  0.12528483]
