Kp1: -3.1503102362443056
Ki1: -0.010152759401250783
Kd1: -0.13849011439872372
Kp2: 0.0850865991932512
Ki2: 0.046231006094126816
Kd2: 0.0
init_obs: [-0.16738809,  0.07554393, -0.38976016, -0.44017631]
