Kp1: -2.8094236852170327
Ki1: -0.009580312480100992
Kd1: -0.15366355249325622
Kp2: 0.07565632991409657
Ki2: 0.05147520858163671
Kd2: 0.0
init_obs: [ 0.05697611, -0.35178672,  0.23430597, -0.13100166]
