Kp1: -3.1013090250445794
Ki1: -0.010481520632305506
Kd1: -0.158940528537367
Kp2: 0.08334234510811506
Ki2: 0.048598043304507815
Kd2: 0.0
init_obs: [ 0.42911146,  0.19715192, -0.36726506,  0.37533723]
