Kp1: -2.8121936902822573
Ki1: -0.010129158677919747
Kd1: -0.1627299574006267
Kp2: 0.08787804788701323
Ki2: 0.05490879174522714
Kd2: 0.0
init_obs: [ 0.18289316, -0.3748009 ,  0.40053783, -0.24299035]
