Kp1: -3.251456935026032
Ki1: -0.009729496713550874
Kd1: -0.15060059612774293
Kp2: 0.08567715866899174
Ki2: 0.04590649051234376
Kd2: 0.0
init_obs: [-0.37862862,  0.02002726, -0.22208028, -0.2590061 ]
