Kp1: -3.145611338816975
Ki1: -0.009396448259601672
Kd1: -0.13899066072893768
Kp2: 0.08357804405645584
Ki2: 0.0529645901784352
Kd2: 0.0
init_obs: [-0.43899643, -0.36498788, -0.08142017, -0.43900109]
