Kp1: -2.7085112832962523
Ki1: -0.009132279400864323
Kd1: -0.14279855838348182
Kp2: 0.07277040894466631
Ki2: 0.05166702476537497
Kd2: 0.0
init_obs: [-0.30167233, -0.21731908, -0.09089279,  0.2220458 ]
