Kp1: -3.258382442845264
Ki1: -0.009574869485373777
Kd1: -0.14076460264750862
Kp2: 0.0762874647145416
Ki2: 0.054840551844277885
Kd2: 0.0
init_obs: [ 0.16735754, -0.31165699,  0.02140541,  0.177837  ]
