Kp1: -3.2626746453584747
Ki1: -0.009220457558045403
Kd1: -0.138292237587211
Kp2: 0.0836991298437091
Ki2: 0.04796507019816875
Kd2: 0.0
init_obs: [ 0.27007691,  0.03371247,  0.35546136, -0.11764861]
