Kp1: -2.954174481178024
Ki1: -0.010333369051535476
Kd1: -0.1592473938598268
Kp2: 0.07844442639029865
Ki2: 0.054886256173740294
Kd2: 0.0
init_obs: [ 0.0039963 ,  0.1328299 , -0.00120363,  0.46014975]
