Kp1: -3.1497103464608656
Ki1: -0.009404418953392049
Kd1: -0.14972578625906108
Kp2: 0.07774755412784277
Ki2: 0.047467930327018376
Kd2: 0.0
init_obs: [-0.37039914, -0.02013628,  0.06285144, -0.32457483]
