Kp1: -3.105249975601181
Ki1: -0.010045526024047234
Kd1: -0.14982186780830564
Kp2: 0.07945827177488461
Ki2: 0.05019955453446301
Kd2: 0.0
init_obs: [ 0.01683647, -0.02518076,  0.17377099, -0.05640931]
