Kp1: -3.0147835712928153
Ki1: -0.010179625507484467
Kd1: -0.1473155672179619
Kp2: 0.08015982676161952
Ki2: 0.04800024087679752
Kd2: 0.0
init_obs: [ 0.31529507, -0.07586638, -0.35221399,  0.12550704]
