Kp1: -3.214666067551767
Ki1: -0.010012653093916172
Kd1: -0.1481723791145092
Kp2: 0.08795485668773105
Ki2: 0.05496946270332766
Kd2: 0.0
init_obs: [-0.31773995, -0.03463079,  0.14775795, -0.48563965]
