Kp1: -2.724648736942056
Ki1: -0.00928884493118725
Kd1: -0.13510815185874792
Kp2: 0.07442499929607031
Ki2: 0.05003031368086533
Kd2: 0.0
init_obs: [ 0.30358188, -0.40928248,  0.46915729,  0.36910273]
