Kp1: -2.730516458917045
Ki1: -0.010026679496758235
Kd1: -0.16112289377503813
Kp2: 0.0872818566530329
Ki2: 0.04530124009159108
Kd2: 0.0
init_obs: [-0.22130913,  0.31490476, -0.13656546, -0.40736897]
