Kp1: -3.0380482202828034
Ki1: -0.009280000212592352
Kd1: -0.13565212239621388
Kp2: 0.07403365503760129
Ki2: 0.048482703944898335
Kd2: 0.0
init_obs: [ 0.48046424,  0.03422531, -0.33719798, -0.23654572]
