Kp1: -2.717669474548875
Ki1: -0.009853687150336047
Kd1: -0.15157309374570163
Kp2: 0.07252619190732745
Ki2: 0.05214504704325095
Kd2: 0.0
init_obs: [-0.0851778 ,  0.29494509,  0.43274548,  0.47811695]
