Kp1: -3.1352884183938734
Ki1: -0.009233647021470231
Kd1: -0.14349345114986406
Kp2: 0.08797350517936964
Ki2: 0.04596619883195799
Kd2: 0.0
init_obs: [-0.09188918, -0.11143863, -0.16096848, -0.13328387]
