Kp1: -2.750311277919791
Ki1: -0.010884589580762731
Kd1: -0.14978585079812193
Kp2: 0.0847857581149549
Ki2: 0.049601510921351975
Kd2: 0.0
init_obs: [ 0.01924652,  0.18883124, -0.30412645, -0.3179943 ]
