Kp1: -3.1090630328999342
Ki1: -0.010438003533253153
Kd1: -0.143498785104273
Kp2: 0.07371983495221528
Ki2: 0.04837119030864556
Kd2: 0.0
init_obs: [ 0.10282127, -0.03052248, -0.18081683, -0.13091043]
