Kp1: -3.203494922816782
Ki1: -0.010129425705608772
Kd1: -0.1514225615289015
Kp2: 0.08595100267351433
Ki2: 0.04825795406609227
Kd2: 0.0
init_obs: [ 0.04343021, -0.2635344 ,  0.42339624, -0.41715476]
