Kp1: -3.283577519825249
Ki1: -0.0101144649725791
Kd1: -0.16296346222748984
Kp2: 0.07892916254165085
Ki2: 0.05398721953345226
Kd2: 0.0
init_obs: [ 0.20833477, -0.36213702,  0.32486142,  0.47036673]
