Kp1: -3.297396507878194
Ki1: -0.010963681987291075
Kd1: -0.1512463833353832
Kp2: 0.07669652126454646
Ki2: 0.04676769002679793
Kd2: 0.0
init_obs: [ 0.09559617,  0.41526643, -0.28472865,  0.26956378]
