Kp1: -2.8690066632519935
Ki1: -0.010955097797708343
Kd1: -0.1471639357441556
Kp2: 0.07920292993621368
Ki2: 0.050541756266904006
Kd2: 0.0
init_obs: [-0.31002682,  0.34438215, -0.32825277, -0.34618435]
