Kp1: -3.2802383484531923
Ki1: -0.01023467701742428
Kd1: -0.142207778937592
Kp2: 0.08312806226301568
Ki2: 0.04761638566129858
Kd2: 0.0
init_obs: [ 0.12018379,  0.03046671, -0.37640305,  0.27837189]
