Kp1: -2.8747464826553344
Ki1: -0.010835662197122295
Kd1: -0.15469437079756224
Kp2: 0.07563534735880169
Ki2: 0.05230748458604842
Kd2: 0.0
init_obs: [-0.23106102, -0.4884677 , -0.09607262,  0.19289798]
