Kp1: -3.029323603395281
Ki1: -0.010868182055927147
Kd1: -0.1451823044319667
Kp2: 0.08396880296527102
Ki2: 0.048878097146493514
Kd2: 0.0
init_obs: [ 0.39492683,  0.48946973,  0.23262636, -0.35401524]
