Kp1: -2.7467292821088947
Ki1: -0.009857259226550133
Kd1: -0.1376540608083695
Kp2: 0.07467126783154145
Ki2: 0.052939040327322245
Kd2: 0.0
init_obs: [-0.15859541, -0.06470916,  0.06937541, -0.29144057]
