Kp1: -3.0100434063882116
Ki1: -0.010624384488152729
Kd1: -0.15548503587010357
Kp2: 0.07904733847212989
Ki2: 0.05346660822954269
Kd2: 0.0
init_obs: [ 0.19179313,  0.36231178, -0.48541179, -0.11554553]
