Kp1: -2.795139153094149
Ki1: -0.010319261855351139
Kd1: -0.15130580908944247
Kp2: 0.07663389114281502
Ki2: 0.05050982625807082
Kd2: 0.0
init_obs: [ 0.39776526,  0.32333068,  0.39527899, -0.11940076]
