Kp1: -3.1180108421379544
Ki1: -0.009854150478710102
Kd1: -0.14802626891870213
Kp2: 0.08260215737958734
Ki2: 0.05403861391639079
Kd2: 0.0
init_obs: [-0.24072605,  0.36729049, -0.25715571,  0.30890243]
