Kp1: -2.9007055958222883
Ki1: -0.01083948177319983
Kd1: -0.14888184364917045
Kp2: 0.0816985101271305
Ki2: 0.049524535902704996
Kd2: 0.0
init_obs: [-0.33049637,  0.11283011, -0.00068209,  0.40996694]
