Kp1: -3.185909776340262
Ki1: -0.009011175970522966
Kd1: -0.14946867631790114
Kp2: 0.08075073306361871
Ki2: 0.05345242600462572
Kd2: 0.0
init_obs: [ 0.20174922, -0.37900753,  0.18697562, -0.08129612]
