Kp1: -3.0239193899879706
Ki1: -0.0090147045822435
Kd1: -0.15192440741211333
Kp2: 0.08141764813720408
Ki2: 0.0484506965428432
Kd2: 0.0
init_obs: [ 0.44265988, -0.40156789, -0.43897665, -0.10357058]
