Kp1: -3.2379052313065593
Ki1: -0.010163203704394148
Kd1: -0.137769240074513
Kp2: 0.07962136629929777
Ki2: 0.0461399393080273
Kd2: 0.0
init_obs: [ 0.02782061, -0.09222935, -0.40403212, -0.2579958 ]
