Kp1: -2.90237605529114
Ki1: -0.009790312765751695
Kd1: -0.1586781882807528
Kp2: 0.07838147018792974
Ki2: 0.046941725931628736
Kd2: 0.0
init_obs: [ 0.12381553,  0.36932352, -0.10081605,  0.42204389]
