Kp1: -3.1744216554619604
Ki1: -0.010805168563612095
Kd1: -0.14173713197454305
Kp2: 0.07344107349296483
Ki2: 0.052666880434965695
Kd2: 0.0
init_obs: [-0.42336795,  0.21240395,  0.02634795,  0.36831687]
