Kp1: -2.7838087699820195
Ki1: -0.00952820955617052
Kd1: -0.1567140220025715
Kp2: 0.07701863866764778
Ki2: 0.05192386062788493
Kd2: 0.0
init_obs: [-0.42586714,  0.08827361,  0.02938997,  0.13160211]
