Kp1: -2.894052600525674
Ki1: -0.010988482975139649
Kd1: -0.15133997523133216
Kp2: 0.08379540314110426
Ki2: 0.04523182949878854
Kd2: 0.0
init_obs: [-0.23615995,  0.48945362,  0.1009662 ,  0.26141818]
