Kp1: -2.8721164198895295
Ki1: -0.010235559105693128
Kd1: -0.15542860189719956
Kp2: 0.08004387450793374
Ki2: 0.05039517833247306
Kd2: 0.0
init_obs: [-0.43573917, -0.08396563,  0.38516461,  0.47496559]
