Kp1: -2.971315201965365
Ki1: -0.009889525911929025
Kd1: -0.14416647829427626
Kp2: 0.0802006066922582
Ki2: 0.05087762260426931
Kd2: 0.0
init_obs: [-0.41618917, -0.1186875 , -0.09074997,  0.21028053]
