Kp1: -3.1090082681905082
Ki1: -0.009804344846027664
Kd1: -0.1614084122059147
Kp2: 0.07927799186139868
Ki2: 0.04661207161771582
Kd2: 0.0
init_obs: [ 0.47432666, -0.19230517,  0.2694811 , -0.18551811]
