Kp1: -2.9062086765791135
Ki1: -0.00968695261113728
Kd1: -0.15543665426213454
Kp2: 0.07363998629876681
Ki2: 0.05268527953968566
Kd2: 0.0
init_obs: [ 0.3397503 ,  0.31001798, -0.19813208, -0.27170833]
