Kp1: -3.2682974053253373
Ki1: -0.009135441349376031
Kd1: -0.14832401160130707
Kp2: 0.08247460904107705
Ki2: 0.05188767004052561
Kd2: 0.0
init_obs: [-0.09877211,  0.14637751,  0.39067937,  0.47941897]
