Kp1: -3.0342601937458027
Ki1: -0.009157109972747527
Kd1: -0.1395572436322842
Kp2: 0.08649650768283058
Ki2: 0.04603064511547657
Kd2: 0.0
init_obs: [-0.27298848, -0.28596772, -0.01461918,  0.34214155]
