Kp1: -3.118083435603638
Ki1: -0.010530266393965619
Kd1: -0.16229215645614953
Kp2: 0.08495460198651139
Ki2: 0.0530348568712821
Kd2: 0.0
init_obs: [ 0.15758374, -0.17843281,  0.04346134, -0.02968198]
