Kp1: -2.7472593758587642
Ki1: -0.010425575304723458
Kd1: -0.15136561714400598
Kp2: 0.07405578686969164
Ki2: 0.05200426503184916
Kd2: 0.0
init_obs: [-0.22691303,  0.39065657, -0.0926009 ,  0.34125504]
