Kp1: -3.0808362239979656
Ki1: -0.010077282940748786
Kd1: -0.15541982736958243
Kp2: 0.08705713587201698
Ki2: 0.045649151036744884
Kd2: 0.0
init_obs: [-0.1960723 ,  0.12196705, -0.43238378,  0.34904874]
