Kp1: -2.818224278758756
Ki1: -0.009707233232181471
Kd1: -0.13888945347861514
Kp2: 0.08407151639176318
Ki2: 0.04781890163082443
Kd2: 0.0
init_obs: [ 0.16756918,  0.32979573, -0.27443125, -0.35632902]
