Kp1: -2.9902175401093394
Ki1: -0.009544828739332534
Kd1: -0.15841382540606508
Kp2: 0.08564969130432552
Ki2: 0.04570198539351901
Kd2: 0.0
init_obs: [-0.10474046,  0.12067473,  0.12805611,  0.35324894]
