Kp1: -3.1093513917119058
Ki1: -0.010736289704139035
Kd1: -0.15482347175152347
Kp2: 0.07300289233971637
Ki2: 0.05379736331184464
Kd2: 0.0
init_obs: [-0.46063247,  0.48545619,  0.15028827,  0.23128207]
