Kp1: -2.8163472013977073
Ki1: -0.009128166298736423
Kd1: -0.13941640414730394
Kp2: 0.08771269370352845
Ki2: 0.04809093695415659
Kd2: 0.0
init_obs: [ 0.06972082,  0.35502106, -0.22699844, -0.30425755]
