Kp1: -2.962591583871548
Ki1: -0.009206565156970485
Kd1: -0.14973418523306728
Kp2: 0.0771232698910803
Ki2: 0.053453078650404634
Kd2: 0.0
init_obs: [-0.00519753, -0.3780539 ,  0.41693241, -0.41052746]
