Kp1: -2.8874364960724614
Ki1: -0.009510930481314177
Kd1: -0.16261618544536247
Kp2: 0.08523450592192935
Ki2: 0.0549734131990597
Kd2: 0.0
init_obs: [ 0.07583956, -0.35224797,  0.31572191, -0.2279739 ]
