Kp1: -2.7659489278455505
Ki1: -0.010359002513505236
Kd1: -0.1372073180801507
Kp2: 0.08284757119182011
Ki2: 0.05437394166224603
Kd2: 0.0
init_obs: [0.29495388, 0.3174388 , 0.06640508, 0.18902551]
