Kp1: -2.748003285374695
Ki1: -0.00995027273800038
Kd1: -0.1572143285399031
Kp2: 0.07531541114289012
Ki2: 0.05239764513197773
Kd2: 0.0
init_obs: [-0.22564622, -0.01015098,  0.49106804,  0.47391077]
