Kp1: -3.200953570481219
Ki1: -0.010079711624563042
Kd1: -0.14634686158159851
Kp2: 0.08773830239733268
Ki2: 0.05383996826623329
Kd2: 0.0
init_obs: [ 0.43346934,  0.13953965, -0.2581923 , -0.36943547]
