Kp1: -3.0653086446538955
Ki1: -0.009450472141155469
Kd1: -0.1647201120182953
Kp2: 0.07976400576575596
Ki2: 0.04791118070119749
Kd2: 0.0
init_obs: [ 0.24843471, -0.40567543,  0.4024108 ,  0.04609477]
