Kp1: -2.987139603915419
Ki1: -0.009738471543933631
Kd1: -0.15049890940428182
Kp2: 0.07935304238812003
Ki2: 0.04512824266390793
Kd2: 0.0
init_obs: [0.3971545 , 0.19637497, 0.40379629, 0.18881891]
