Kp1: -3.060538859072856
Ki1: -0.01036228584557811
Kd1: -0.15613966896139803
Kp2: 0.0813650886741282
Ki2: 0.045939520532334674
Kd2: 0.0
init_obs: [-0.35742648, -0.11427706,  0.27290241,  0.14337767]
