Kp1: -2.7367933095039647
Ki1: -0.010689682847417661
Kd1: -0.16301381363287273
Kp2: 0.08053728243944135
Ki2: 0.0535869638401093
Kd2: 0.0
init_obs: [ 0.25730676,  0.24661817, -0.22176194, -0.18493671]
