Kp1: -3.2954955403272597
Ki1: -0.009127566078259515
Kd1: -0.14389341330997907
Kp2: 0.07216240627263724
Ki2: 0.05481627300651525
Kd2: 0.0
init_obs: [-0.4261377 , -0.28980451,  0.05472363,  0.4071467 ]
