Kp1: -3.288531031559593
Ki1: -0.00924399491771268
Kd1: -0.14602618814848597
Kp2: 0.07308489290747758
Ki2: 0.04713748369262624
Kd2: 0.0
init_obs: [-0.08629035, -0.02593433, -0.40498281,  0.21542116]
