Kp1: -3.016103553499468
Ki1: -0.010104302034745367
Kd1: -0.1415466762729661
Kp2: 0.0871344235397945
Ki2: 0.050779485888423896
Kd2: 0.0
init_obs: [-0.29235138, -0.49427848,  0.28639269, -0.16980231]
