Kp1: -3.0782877882849182
Ki1: -0.009372401020256169
Kd1: -0.16056718875431586
Kp2: 0.07904064192451625
Ki2: 0.04533193114635699
Kd2: 0.0
init_obs: [-0.35780711,  0.12851633, -0.07366319, -0.05311582]
