Kp1: -3.2437573305210368
Ki1: -0.00926849841427765
Kd1: -0.16252835845033559
Kp2: 0.08219634578458788
Ki2: 0.05245996494671391
Kd2: 0.0
init_obs: [ 0.11428935, -0.26922712,  0.00801622, -0.12111958]
