Kp1: -2.9971996353513335
Ki1: -0.010956152651614353
Kd1: -0.150262586075917
Kp2: 0.0730380060246182
Ki2: 0.05046093458558637
Kd2: 0.0
init_obs: [ 0.22092991, -0.23144949,  0.2473135 , -0.36780834]
