Kp1: -3.166563166745221
Ki1: -0.009328483892665013
Kd1: -0.1560412909009467
Kp2: 0.08363869995343848
Ki2: 0.04658748295330115
Kd2: 0.0
init_obs: [ 0.41253743,  0.38152777, -0.1982825 , -0.20774407]
