Kp1: -3.1687550560967965
Ki1: -0.010413098246070212
Kd1: -0.14823337306544315
Kp2: 0.07841259027598951
Ki2: 0.049835665222310144
Kd2: 0.0
init_obs: [0.22926474, 0.27935274, 0.30574577, 0.04079119]
