Kp1: -3.2379295433490336
Ki1: -0.010456754322762775
Kd1: -0.14200001508437765
Kp2: 0.08512001769947995
Ki2: 0.05059730375440509
Kd2: 0.0
init_obs: [ 0.28796161,  0.36132152, -0.02512004,  0.47964271]
