Kp1: -3.04842792242295
Ki1: -0.010412934290331036
Kd1: -0.15248198824996304
Kp2: 0.08003201191533635
Ki2: 0.04741715206643957
Kd2: 0.0
init_obs: [-0.07930929, -0.0322125 , -0.2448298 , -0.24393962]
