Kp1: -3.268689999598099
Ki1: -0.010728125335347723
Kd1: -0.1374896787124305
Kp2: 0.0789776369287314
Ki2: 0.047092452800691215
Kd2: 0.0
init_obs: [-0.11995636, -0.43785529, -0.03027446,  0.14723053]
