Kp1: -2.8513144527439103
Ki1: -0.010036311416000164
Kd1: -0.1550844537954504
Kp2: 0.08001128104742587
Ki2: 0.04754472671940127
Kd2: 0.0
init_obs: [-0.07108057,  0.46714617,  0.49482774, -0.06786553]
