Kp1: -2.877903834454249
Ki1: -0.010815615272600323
Kd1: -0.15764333113794493
Kp2: 0.07690620782098305
Ki2: 0.04661030967061618
Kd2: 0.0
init_obs: [-0.37582531, -0.21119376, -0.41219386,  0.11550659]
