Kp1: -3.1256127021803897
Ki1: -0.010938402661122374
Kd1: -0.16468248874573935
Kp2: 0.0870844023153786
Ki2: 0.048499036595638034
Kd2: 0.0
init_obs: [ 0.41505603, -0.0326408 , -0.41109868, -0.14877028]
