Kp1: -3.215867184511024
Ki1: -0.010092290216718511
Kd1: -0.1494557747614629
Kp2: 0.07990267994565292
Ki2: 0.05188935904403438
Kd2: 0.0
init_obs: [ 0.32853919,  0.21719385, -0.0885876 , -0.3248413 ]
