Kp1: -3.093598631432071
Ki1: -0.009008980093362214
Kd1: -0.13876790932217922
Kp2: 0.07955552286802027
Ki2: 0.05354191318241444
Kd2: 0.0
init_obs: [ 0.1917603 , -0.06322368,  0.45280964,  0.21731399]
