Kp1: -3.1778610124133393
Ki1: -0.010059207564005187
Kd1: -0.14441932965744217
Kp2: 0.0738420972915987
Ki2: 0.05324619245379639
Kd2: 0.0
init_obs: [-0.29750206, -0.27068478,  0.03030257, -0.30755365]
