Kp1: -2.964586256213733
Ki1: -0.010817540974102667
Kd1: -0.13967720504555958
Kp2: 0.07701026530444298
Ki2: 0.05050949736728835
Kd2: 0.0
init_obs: [0.22041343, 0.47986307, 0.12454855, 0.2630991 ]
