Kp1: -2.9849573412508956
Ki1: -0.009131849170327192
Kd1: -0.1401138404843429
Kp2: 0.08592206632182663
Ki2: 0.05353029341375857
Kd2: 0.0
init_obs: [ 0.24099751, -0.22623667,  0.38683149, -0.44362684]
