Kp1: -3.228041471743495
Ki1: -0.010571768425692348
Kd1: -0.16163043855089596
Kp2: 0.08682210665414672
Ki2: 0.04571149025292141
Kd2: 0.0
init_obs: [-0.17646021, -0.45102255,  0.36753373,  0.4332654 ]
