Kp1: -3.0359054526349496
Ki1: -0.010240508780513611
Kd1: -0.15012453464411432
Kp2: 0.07403438735634064
Ki2: 0.045425588012737224
Kd2: 0.0
init_obs: [-0.17304883, -0.42342707,  0.42256946,  0.40783092]
