Kp1: -3.2610044676428327
Ki1: -0.010622372247885236
Kd1: -0.14974630176524828
Kp2: 0.08419039391223583
Ki2: 0.04506629847717636
Kd2: 0.0
init_obs: [ 0.39378448, -0.39974074,  0.14753874,  0.00684293]
