Kp1: -2.901116212904343
Ki1: -0.009952422588082524
Kd1: -0.1445131348719419
Kp2: 0.08674300082703205
Ki2: 0.04771563958828747
Kd2: 0.0
init_obs: [-0.13057955, -0.06332523, -0.42194289, -0.46273709]
