Kp1: -2.819419668034389
Ki1: -0.009279212089180047
Kd1: -0.16475745222956717
Kp2: 0.07361600519899068
Ki2: 0.04796219892626022
Kd2: 0.0
init_obs: [-0.13596288, -0.23021849,  0.2042039 ,  0.06653549]
