Kp1: -2.9163798096901137
Ki1: -0.009902846587577068
Kd1: -0.15194822034371025
Kp2: 0.08347805568264366
Ki2: 0.04858951025684958
Kd2: 0.0
init_obs: [ 0.38559319,  0.39461736, -0.187597  , -0.1410158 ]
