Kp1: -2.780580935664661
Ki1: -0.00941884902086137
Kd1: -0.15158607295047935
Kp2: 0.07674395234559049
Ki2: 0.05335112012649619
Kd2: 0.0
init_obs: [-0.34351227, -0.32861614, -0.07097663,  0.10489129]
