Kp1: -2.9464259634504115
Ki1: -0.009162734704277692
Kd1: -0.13727248201181597
Kp2: 0.07347656904761549
Ki2: 0.05468199067148019
Kd2: 0.0
init_obs: [ 0.15515651,  0.03994995, -0.2978157 ,  0.32739509]
