Kp1: -3.010647578106319
Ki1: -0.00976344121171278
Kd1: -0.1442907236941673
Kp2: 0.07625039479657585
Ki2: 0.04665469722111686
Kd2: 0.0
init_obs: [0.42620739, 0.10228701, 0.27695445, 0.46751052]
