Kp1: -2.8250736554740774
Ki1: -0.009117249295480207
Kd1: -0.164054561535638
Kp2: 0.07487239146229549
Ki2: 0.049994164832158926
Kd2: 0.0
init_obs: [-0.28476183, -0.37519162, -0.03867113, -0.13692181]
