Kp1: -3.027023905847556
Ki1: -0.009524641812227657
Kd1: -0.15981685677030572
Kp2: 0.0775664891867222
Ki2: 0.04565591409328614
Kd2: 0.0
init_obs: [ 0.46520937, -0.37219998, -0.36767625,  0.37031263]
