Kp1: -2.895919280383265
Ki1: -0.01034917081366413
Kd1: -0.1375449632109474
Kp2: 0.08793633090707546
Ki2: 0.04774870310655845
Kd2: 0.0
init_obs: [-0.25693238, -0.06016924, -0.13076759,  0.39166728]
