Kp1: -3.065522799401313
Ki1: -0.009517233657491648
Kd1: -0.14841014172937425
Kp2: 0.0847120641477569
Ki2: 0.05272887081952309
Kd2: 0.0
init_obs: [ 0.01836844, -0.45638883,  0.41527221,  0.31024372]
