Kp1: -2.906782050519303
Ki1: -0.010836434208761356
Kd1: -0.15103402587325088
Kp2: 0.0803696213667016
Ki2: 0.05356798192236726
Kd2: 0.0
init_obs: [-0.10088506, -0.29933082,  0.11407207, -0.46919949]
