Kp1: -3.228304335443806
Ki1: -0.009559678532637285
Kd1: -0.16375947571322355
Kp2: 0.078332566233013
Ki2: 0.04683396194076179
Kd2: 0.0
init_obs: [0.09073289, 0.02396307, 0.38329399, 0.17146752]
