Kp1: -3.214954080414654
Ki1: -0.009419659963888135
Kd1: -0.1573524057388794
Kp2: 0.07577948817279193
Ki2: 0.051490679353265116
Kd2: 0.0
init_obs: [-0.02951974, -0.14813384,  0.48749474,  0.05554249]
