Kp1: -3.0424670127151874
Ki1: -0.010167310403860454
Kd1: -0.1582858928732553
Kp2: 0.07879763967210074
Ki2: 0.053410571903622375
Kd2: 0.0
init_obs: [-0.29113678,  0.42510883, -0.46523118, -0.04943405]
