Kp1: -3.0029244707058793
Ki1: -0.009697847994193659
Kd1: -0.15355249834817522
Kp2: 0.0802686727703518
Ki2: 0.049565877236240244
Kd2: 0.0
init_obs: [ 0.15812385, -0.12241972,  0.04677018, -0.02429014]
