Kp1: -3.0901985300438746
Ki1: -0.010392307383610265
Kd1: -0.1612815044257121
Kp2: 0.07627022546431997
Ki2: 0.05316034202969038
Kd2: 0.0
init_obs: [-0.43731186,  0.4920915 ,  0.18219436, -0.33291364]
