Kp1: -3.207283436841681
Ki1: -0.010830741623730395
Kd1: -0.15737110051415334
Kp2: 0.08535233124519827
Ki2: 0.05058097391602079
Kd2: 0.0
init_obs: [ 0.369821  , -0.39896493,  0.16215034,  0.24732943]
