Kp1: -2.8573341612584553
Ki1: -0.009111173617436089
Kd1: -0.14480034122268154
Kp2: 0.08581964444229588
Ki2: 0.05009604120351538
Kd2: 0.0
init_obs: [-0.35939011,  0.07137697, -0.20801566, -0.10350314]
