Kp1: -2.7437688274651597
Ki1: -0.010978790763136395
Kd1: -0.15339818278514636
Kp2: 0.0768509609163434
Ki2: 0.0501527393336838
Kd2: 0.0
init_obs: [ 0.13924645,  0.00517459,  0.33219263, -0.09345728]
