Kp1: -3.1103649309302943
Ki1: -0.00922229699397571
Kd1: -0.15124931638305783
Kp2: 0.07835428194004816
Ki2: 0.049234104788699704
Kd2: 0.0
init_obs: [ 0.25920145, -0.31693232,  0.49664602, -0.11205881]
