Kp1: -3.176652287790648
Ki1: -0.010838989327065444
Kd1: -0.1592086915124751
Kp2: 0.08046091142881924
Ki2: 0.0469527766403833
Kd2: 0.0
init_obs: [-0.15886375, -0.42202374,  0.00937874,  0.17959765]
