Kp1: -2.740644993168286
Ki1: -0.010963793356810107
Kd1: -0.15948837227595894
Kp2: 0.07635476979690868
Ki2: 0.04991950683067681
Kd2: 0.0
init_obs: [-0.26159281, -0.49685192, -0.0459761 ,  0.30401889]
