Kp1: -2.9981652964265506
Ki1: -0.010261591963326768
Kd1: -0.1364189114543255
Kp2: 0.08138580063122819
Ki2: 0.04710383044307119
Kd2: 0.0
init_obs: [-0.1997879 , -0.291873  , -0.42310068,  0.18946823]
