Kp1: -3.050621876168503
Ki1: -0.01034144207303634
Kd1: -0.15954654095016918
Kp2: 0.0797937970434339
Ki2: 0.04965929570501233
Kd2: 0.0
init_obs: [ 0.34764315, -0.19251821, -0.32319478, -0.33581895]
