Kp1: -2.7541424029259445
Ki1: -0.010823966676773418
Kd1: -0.13655412239867776
Kp2: 0.08370004950625148
Ki2: 0.04629567285248948
Kd2: 0.0
init_obs: [ 0.08567127,  0.32086779, -0.06587119, -0.05754537]
