Kp1: -3.0660059742049635
Ki1: -0.010304191725256208
Kd1: -0.13855034843734568
Kp2: 0.07211776122050428
Ki2: 0.05188069192414979
Kd2: 0.0
init_obs: [ 0.01717714, -0.32387855,  0.13984106, -0.07213296]
