Kp1: -2.817107421104329
Ki1: -0.009134723694477353
Kd1: -0.15114372437139842
Kp2: 0.08053068542492044
Ki2: 0.045312987170728326
Kd2: 0.0
init_obs: [-0.20119175, -0.13653406,  0.17517068,  0.35649016]
