Kp1: -2.8106323453080893
Ki1: -0.009293201021002276
Kd1: -0.13934176059918618
Kp2: 0.08479552301943914
Ki2: 0.04500009095066506
Kd2: 0.0
init_obs: [-0.10256282, -0.18553434,  0.06389714, -0.01558478]
