Kp1: -3.1468150448949483
Ki1: -0.009704776882053059
Kd1: -0.14135926546501362
Kp2: 0.07743056605840393
Ki2: 0.053661385777899584
Kd2: 0.0
init_obs: [ 0.06849281,  0.04281526, -0.24504797, -0.06809735]
