Kp1: -2.853085472526425
Ki1: -0.010767912343067065
Kd1: -0.15591652517792923
Kp2: 0.086557562466464
Ki2: 0.05408305507333153
Kd2: 0.0
init_obs: [-0.04595102,  0.18436291, -0.4805918 ,  0.01915674]
