Kp1: -2.764374016170188
Ki1: -0.010430525532302773
Kd1: -0.14178723181804143
Kp2: 0.08347124784712424
Ki2: 0.04616632757887673
Kd2: 0.0
init_obs: [-0.10605483,  0.46377794, -0.22896327, -0.1971124 ]
