Kp1: -3.1810636076846768
Ki1: -0.009302388695881984
Kd1: -0.14754786887896487
Kp2: 0.08255248695826087
Ki2: 0.05133073793619443
Kd2: 0.0
init_obs: [ 0.05008931,  0.07947974, -0.10253006, -0.17515547]
