Kp1: -2.947592989232949
Ki1: -0.009242684650349666
Kd1: -0.15009268520922184
Kp2: 0.08368251049393267
Ki2: 0.045100751820209145
Kd2: 0.0
init_obs: [ 0.29363399,  0.45425423, -0.23531526,  0.32665171]
