Kp1: -3.073057403824807
Ki1: -0.00923123309279506
Kd1: -0.1465637051295654
Kp2: 0.08797938419493573
Ki2: 0.04515815357439876
Kd2: 0.0
init_obs: [-0.35262773,  0.37844341,  0.05225187,  0.022918  ]
