Kp1: -3.1339418772336054
Ki1: -0.009136272528475042
Kd1: -0.15881210759903167
Kp2: 0.07594920213008811
Ki2: 0.04645195995750295
Kd2: 0.0
init_obs: [-0.17936287, -0.15584637, -0.36097268, -0.38221911]
