Kp1: -2.7350015126589233
Ki1: -0.009246642362305265
Kd1: -0.1449848674705529
Kp2: 0.07606157216782929
Ki2: 0.04688947047607317
Kd2: 0.0
init_obs: [ 0.3835938 ,  0.4257348 , -0.11149232, -0.11384143]
