Kp1: -3.2187572257198402
Ki1: -0.00967437660586941
Kd1: -0.15155080762317355
Kp2: 0.07271841878115576
Ki2: 0.046665438216537895
Kd2: 0.0
init_obs: [ 0.29135785,  0.19891241,  0.42585977, -0.29412752]
