Kp1: -3.1347019079613236
Ki1: -0.010123759636158691
Kd1: -0.14635262623648443
Kp2: 0.08362172323929486
Ki2: 0.046750013672036295
Kd2: 0.0
init_obs: [-0.14026225, -0.04106225,  0.03980835,  0.13306288]
