Kp1: -3.176780788924865
Ki1: -0.0092297730669615
Kd1: -0.13530369346523846
Kp2: 0.07615337220262137
Ki2: 0.05205103794045758
Kd2: 0.0
init_obs: [-0.17907611, -0.01862965,  0.42571255,  0.17697707]
