Kp1: -2.75173069463437
Ki1: -0.00961650982969567
Kd1: -0.15752429799452639
Kp2: 0.08529636280867975
Ki2: 0.054487198978574736
Kd2: 0.0
init_obs: [-0.43589579, -0.29358309, -0.14485237, -0.0518599 ]
