Kp1: -2.8559981378572568
Ki1: -0.009519754073493581
Kd1: -0.14493437920296706
Kp2: 0.08415306710127418
Ki2: 0.051289414309825525
Kd2: 0.0
init_obs: [ 0.11394102, -0.22987324,  0.29091562,  0.29679274]
