Kp1: -2.971191706368919
Ki1: -0.00991643997014209
Kd1: -0.14657838649956711
Kp2: 0.07689995000533882
Ki2: 0.04752542308415856
Kd2: 0.0
init_obs: [-0.2496875 , -0.1350486 , -0.35624128,  0.22565642]
