Kp1: -2.9168598272272557
Ki1: -0.010056283962955007
Kd1: -0.14764589985038903
Kp2: 0.08728528228257791
Ki2: 0.04978503440021224
Kd2: 0.0
init_obs: [ 0.22476313,  0.23382402, -0.14414333, -0.21960453]
