Kp1: -2.966845399199822
Ki1: -0.009300931207512672
Kd1: -0.1621808737365186
Kp2: 0.07287958299332237
Ki2: 0.05219777500757599
Kd2: 0.0
init_obs: [ 0.41365974,  0.45307738, -0.40672539,  0.28759593]
