Kp1: -2.834577743843669
Ki1: -0.010269021284158544
Kd1: -0.1491636292192993
Kp2: 0.08235668437720808
Ki2: 0.052384106673732736
Kd2: 0.0
init_obs: [-0.31583415, -0.35312102, -0.12968317, -0.335643  ]
