Kp1: -2.9528546580743624
Ki1: -0.010636783542436905
Kd1: -0.14549588018472154
Kp2: 0.08092427820867464
Ki2: 0.04695668420553826
Kd2: 0.0
init_obs: [-0.0977493 , -0.11759025,  0.09890812, -0.13273566]
