Kp1: -3.0288471391804825
Ki1: -0.00935711418510003
Kd1: -0.1374583897921813
Kp2: 0.08149566915342414
Ki2: 0.052605033651884126
Kd2: 0.0
init_obs: [ 0.25966336, -0.07770044,  0.42526809, -0.19517775]
