Kp1: -3.173081203535557
Ki1: -0.00909603731022566
Kd1: -0.1465463695879123
Kp2: 0.07804404277685009
Ki2: 0.04581178205858507
Kd2: 0.0
init_obs: [ 0.03513988, -0.39134761,  0.14214876,  0.19355269]
