Kp1: -3.2978640843918194
Ki1: -0.009268322278724511
Kd1: -0.15686282802447277
Kp2: 0.0769932407678716
Ki2: 0.050634751256422375
Kd2: 0.0
init_obs: [ 0.25170804, -0.28279038,  0.34496271, -0.30943687]
