Kp1: -3.224231314062785
Ki1: -0.010270508174182772
Kd1: -0.1506293077532877
Kp2: 0.08656103364680041
Ki2: 0.04767854260942899
Kd2: 0.0
init_obs: [-0.29025877, -0.37834492,  0.33139384,  0.36086101]
