Kp1: -2.8456834658504286
Ki1: -0.010345327207271186
Kd1: -0.13830015522810943
Kp2: 0.08248879940463821
Ki2: 0.045217482802089606
Kd2: 0.0
init_obs: [ 0.42910311,  0.2540149 ,  0.46726545, -0.05247986]
