Kp1: -2.7146324833981064
Ki1: -0.009402077215476883
Kd1: -0.15942656880588338
Kp2: 0.07644958606294018
Ki2: 0.05430024294571877
Kd2: 0.0
init_obs: [0.29742289, 0.26040429, 0.34315389, 0.47907857]
