Kp1: -3.2133070625455478
Ki1: -0.009831048292992922
Kd1: -0.16268378527666977
Kp2: 0.07621520985747307
Ki2: 0.05039962541186517
Kd2: 0.0
init_obs: [-0.2529011 ,  0.17223926, -0.38065319,  0.15556771]
