Kp1: -3.1969852453857888
Ki1: -0.009540899640321327
Kd1: -0.14518570585447732
Kp2: 0.08555972627770722
Ki2: 0.046122314498020844
Kd2: 0.0
init_obs: [-0.08744218,  0.32339259, -0.03212392, -0.41027456]
