Kp1: -3.116589995567135
Ki1: -0.010670393842368732
Kd1: -0.1637875373849921
Kp2: 0.0794277420035445
Ki2: 0.0466344770193495
Kd2: 0.0
init_obs: [0.13658271, 0.4892165 , 0.31572411, 0.12829493]
