Kp1: -2.953912751036099
Ki1: -0.010568204255641249
Kd1: -0.1392839968715103
Kp2: 0.07885145496329957
Ki2: 0.049004230354539866
Kd2: 0.0
init_obs: [ 0.28469173,  0.3412147 , -0.07434752, -0.48770273]
