Kp1: -2.768553621089008
Ki1: -0.009685872173856525
Kd1: -0.14528443663432886
Kp2: 0.08413011766158494
Ki2: 0.047344809799543086
Kd2: 0.0
init_obs: [ 0.1516575 , -0.23321558,  0.04297366, -0.37338526]
