Kp1: -3.2249266817201825
Ki1: -0.009663254273106273
Kd1: -0.15367714370397406
Kp2: 0.07692780499482775
Ki2: 0.05468021451910504
Kd2: 0.0
init_obs: [-0.3289285 ,  0.04325654,  0.22908404,  0.02432027]
