Kp1: -3.2855337720269735
Ki1: -0.009330823883555085
Kd1: -0.16483480993812497
Kp2: 0.08341744577225374
Ki2: 0.04770639292395052
Kd2: 0.0
init_obs: [-0.09489944, -0.36583438, -0.01369938, -0.48374866]
