Kp1: -2.9452106170085357
Ki1: -0.009349611924184124
Kd1: -0.14685134311651576
Kp2: 0.07904088256092008
Ki2: 0.0493551305348441
Kd2: 0.0
init_obs: [-0.02621747,  0.06728249,  0.03627437, -0.24404578]
