Kp1: -2.78580656544952
Ki1: -0.010703976565566122
Kd1: -0.13722288838928764
Kp2: 0.08080697582113416
Ki2: 0.05268438188740059
Kd2: 0.0
init_obs: [ 0.42348156, -0.39501879,  0.00984888, -0.1068082 ]
