Kp1: -3.257776262341319
Ki1: -0.010923787858268015
Kd1: -0.13767635402456802
Kp2: 0.08254363688876472
Ki2: 0.053902877298418875
Kd2: 0.0
init_obs: [-0.18391796,  0.15055366,  0.23078501,  0.01435676]
