Kp1: -2.8828792851411222
Ki1: -0.01048714898116943
Kd1: -0.15388736558342322
Kp2: 0.08447762405476267
Ki2: 0.049973772555039986
Kd2: 0.0
init_obs: [ 0.37048105, -0.15593682, -0.40460536,  0.29122611]
