Kp1: -2.906067288326489
Ki1: -0.009645654994861814
Kd1: -0.1504655384308438
Kp2: 0.07697931520155221
Ki2: 0.051204063776904354
Kd2: 0.0
init_obs: [ 0.48833442, -0.24438023, -0.23144116,  0.2463767 ]
