Kp1: -3.180378631267658
Ki1: -0.009846587373462484
Kd1: -0.14378770538825097
Kp2: 0.07453226848787466
Ki2: 0.048779073493705076
Kd2: 0.0
init_obs: [-0.05177349, -0.23790182, -0.45373789,  0.2547855 ]
