Kp1: -2.8140505026157383
Ki1: -0.010363169476866049
Kd1: -0.13989038699221748
Kp2: 0.08262875831779928
Ki2: 0.052042891440466234
Kd2: 0.0
init_obs: [ 0.19441029, -0.30482719, -0.00402708,  0.08482642]
