Kp1: -2.790483664370112
Ki1: -0.00960767937914722
Kd1: -0.14690235554950318
Kp2: 0.08246076162851856
Ki2: 0.04545104545095063
Kd2: 0.0
init_obs: [ 0.41936541,  0.41449991, -0.22701495, -0.11975603]
