Kp1: -2.7827829904165764
Ki1: -0.009357233320746353
Kd1: -0.16231752269205546
Kp2: 0.07429300253960759
Ki2: 0.05078516146086494
Kd2: 0.0
init_obs: [ 0.01108299,  0.39986733, -0.15947747, -0.14821543]
