Kp1: -3.213160757312771
Ki1: -0.009425237153707019
Kd1: -0.15781068238126905
Kp2: 0.07979989869667747
Ki2: 0.05223401656578972
Kd2: 0.0
init_obs: [ 0.32353939, -0.32050917,  0.40372689,  0.20931855]
