Kp1: -3.1992642378663017
Ki1: -0.010863575246794639
Kd1: -0.13773326746087922
Kp2: 0.07217057556984562
Ki2: 0.05126756748460785
Kd2: 0.0
init_obs: [-0.41071834,  0.03171184,  0.25183037, -0.45676064]
