Kp1: -3.013276838506415
Ki1: -0.00973829806773193
Kd1: -0.15843893766032993
Kp2: 0.07471293744629229
Ki2: 0.04861071967108252
Kd2: 0.0
init_obs: [ 0.16750968, -0.3496417 , -0.31511748, -0.17266392]
