Kp1: -2.822580411276872
Ki1: -0.00954485957174681
Kd1: -0.13686422775897555
Kp2: 0.0790846666082088
Ki2: 0.052661574972183635
Kd2: 0.0
init_obs: [-0.42991491,  0.23587851, -0.39528401,  0.01610171]
