Kp1: -3.188402513480227
Ki1: -0.010926632979780538
Kd1: -0.1403276632359821
Kp2: 0.08428153512055446
Ki2: 0.04834670184097989
Kd2: 0.0
init_obs: [0.23142966, 0.35145467, 0.08301457, 0.04639506]
