Kp1: -2.854570342974148
Ki1: -0.010738576108818863
Kd1: -0.13817559189355003
Kp2: 0.07902984123168688
Ki2: 0.04652132988803617
Kd2: 0.0
init_obs: [ 0.37807335, -0.31869736, -0.17868295, -0.35827407]
