Kp1: -2.9509524780453193
Ki1: -0.01083174817571792
Kd1: -0.1585811626959229
Kp2: 0.0734295291964237
Ki2: 0.05177804953835435
Kd2: 0.0
init_obs: [ 0.37412478, -0.16612922, -0.07328844,  0.49979496]
