Kp1: -2.869908622293665
Ki1: -0.010505781279104913
Kd1: -0.15923488710959569
Kp2: 0.07215658694882825
Ki2: 0.04943948827602662
Kd2: 0.0
init_obs: [-0.33766159, -0.0403643 , -0.38384981,  0.37456058]
