Kp1: -2.7015567418858826
Ki1: -0.00988136336919123
Kd1: -0.1593556713618753
Kp2: 0.08412396515438662
Ki2: 0.050352622856857016
Kd2: 0.0
init_obs: [-0.35303704,  0.4906169 , -0.29716262,  0.29292902]
