Kp1: -2.950976467088993
Ki1: -0.010882635117876327
Kd1: -0.1374388318972833
Kp2: 0.08035575547543881
Ki2: 0.053848989209560695
Kd2: 0.0
init_obs: [ 0.05340217, -0.26610541, -0.15000004,  0.02003256]
