Kp1: -2.7535985774287264
Ki1: -0.009413130266646684
Kd1: -0.14375133754729172
Kp2: 0.07759132620242967
Ki2: 0.04632946542711728
Kd2: 0.0
init_obs: [ 0.02669573, -0.14839032,  0.30628458, -0.42035006]
