Kp1: -2.956098113834191
Ki1: -0.01016546041760865
Kd1: -0.15627068900022797
Kp2: 0.08412417817486692
Ki2: 0.04543036914066345
Kd2: 0.0
init_obs: [-0.44015209,  0.10690697, -0.42806622, -0.12594354]
