Kp1: -2.920538803044571
Ki1: -0.010491289311059214
Kd1: -0.1586384099823401
Kp2: 0.08190947508997053
Ki2: 0.05391711580407036
Kd2: 0.0
init_obs: [-0.42975537,  0.17133769, -0.0205561 , -0.48750966]
