Kp1: -3.2670265825011624
Ki1: -0.010309105548031168
Kd1: -0.16186418739609462
Kp2: 0.08095667676081154
Ki2: 0.04974443316442598
Kd2: 0.0
init_obs: [ 0.14944847, -0.1646678 , -0.46263768, -0.13571692]
