Kp1: -3.196973629960525
Ki1: -0.009968564187290634
Kd1: -0.1549475844090004
Kp2: 0.07878483375251705
Ki2: 0.049288614387270106
Kd2: 0.0
init_obs: [-0.13709267, -0.37776168, -0.31694548, -0.07720601]
