Kp1: -2.7285181136765124
Ki1: -0.01049566437020745
Kd1: -0.1427098298969994
Kp2: 0.08620416710984154
Ki2: 0.04719411280231864
Kd2: 0.0
init_obs: [ 0.4826241 , -0.19907095, -0.48056634,  0.47127948]
