Kp1: -3.1080653102809617
Ki1: -0.009913383979335234
Kd1: -0.13795590033950916
Kp2: 0.07247606951961412
Ki2: 0.05251406178664313
Kd2: 0.0
init_obs: [ 0.12376816, -0.07650897,  0.29130538,  0.08742548]
