Kp1: -3.1798418305981517
Ki1: -0.009500256018579303
Kd1: -0.1446284359145529
Kp2: 0.07222828575402988
Ki2: 0.047256161613416905
Kd2: 0.0
init_obs: [ 0.28411776, -0.39743361, -0.22917357,  0.46845552]
