Kp1: -3.0001313776603666
Ki1: -0.010860304718163648
Kd1: -0.13853918968822052
Kp2: 0.07721854359055556
Ki2: 0.04667230894658593
Kd2: 0.0
init_obs: [-0.00258847,  0.38258182,  0.15859117,  0.30401125]
