Kp1: -3.262373048196229
Ki1: -0.009172743298830268
Kd1: -0.15365301941234377
Kp2: 0.08676780468994753
Ki2: 0.05263814586246406
Kd2: 0.0
init_obs: [ 0.28773702,  0.18195534,  0.40793042, -0.29962515]
