Kp1: -2.960826515825447
Ki1: -0.009392717705293154
Kd1: -0.15723967495482208
Kp2: 0.0724737150526585
Ki2: 0.04612354708130669
Kd2: 0.0
init_obs: [-0.26766247, -0.01529033, -0.0721327 ,  0.06355978]
