Kp1: -3.0364693130633196
Ki1: -0.009599421754279223
Kd1: -0.1485949629923828
Kp2: 0.08761799015238016
Ki2: 0.04532991466251337
Kd2: 0.0
init_obs: [-0.23331077, -0.20648735, -0.14447628,  0.35969817]
