Kp1: -3.019329797798263
Ki1: -0.010222131055873704
Kd1: -0.1640529174259491
Kp2: 0.07677643670220814
Ki2: 0.048909281823786545
Kd2: 0.0
init_obs: [ 0.31816316, -0.05395509,  0.17618753, -0.0625131 ]
