Kp1: -2.764390334641448
Ki1: -0.010871915334098597
Kd1: -0.16399501686468418
Kp2: 0.083736991672934
Ki2: 0.049158609983941705
Kd2: 0.0
init_obs: [-0.13846426, -0.10942331,  0.08246564, -0.14514182]
