Kp1: -2.9979569260626464
Ki1: -0.009719586996476397
Kd1: -0.1422805236245477
Kp2: 0.0755263057438514
Ki2: 0.050198556855516566
Kd2: 0.0
init_obs: [-0.32518871,  0.11666209, -0.30862478, -0.14349777]
