Kp1: -3.0098207595806974
Ki1: -0.010301474866774261
Kd1: -0.1467970500735197
Kp2: 0.07850424253544422
Ki2: 0.04895017732853959
Kd2: 0.0
init_obs: [ 0.4576713 , -0.30645603,  0.4219474 , -0.09287213]
