Kp1: -3.249409318253504
Ki1: -0.010994489357738087
Kd1: -0.1452196263123945
Kp2: 0.0866820828229913
Ki2: 0.05335031115237587
Kd2: 0.0
init_obs: [-0.45108801, -0.2426293 , -0.33569867, -0.2603847 ]
