Kp1: -3.2302117870066414
Ki1: -0.009524205570729449
Kd1: -0.1526076381865769
Kp2: 0.08292896994628522
Ki2: 0.04587532508050406
Kd2: 0.0
init_obs: [-0.20053473,  0.04832647, -0.05909182,  0.26920608]
