Kp1: -2.8432438303166254
Ki1: -0.009239826697600899
Kd1: -0.14327575296060863
Kp2: 0.07811981926641584
Ki2: 0.04900951183383389
Kd2: 0.0
init_obs: [0.12354699, 0.48758654, 0.10139109, 0.03669322]
