Kp1: -2.741419736104252
Ki1: -0.010719469081425374
Kd1: -0.14248920463751605
Kp2: 0.0750701505432805
Ki2: 0.05101966893944565
Kd2: 0.0
init_obs: [-0.11530279,  0.08969502, -0.41212357,  0.40410617]
