Kp1: -2.9944373645929687
Ki1: -0.010557112393732701
Kd1: -0.13536016578482996
Kp2: 0.07405661897901132
Ki2: 0.050075777281363046
Kd2: 0.0
init_obs: [0.41568272, 0.46696119, 0.4281045 , 0.36063926]
