Kp1: -3.056076315324793
Ki1: -0.010095583680601239
Kd1: -0.1575647745968556
Kp2: 0.08644894030874474
Ki2: 0.05372894572497777
Kd2: 0.0
init_obs: [-0.3459021 ,  0.03705957,  0.14258772,  0.31373922]
