Kp1: -3.212805365069915
Ki1: -0.010615668745238463
Kd1: -0.14439235699935893
Kp2: 0.07460731620284015
Ki2: 0.048514718598144435
Kd2: 0.0
init_obs: [-0.26555752, -0.28471454, -0.37157305,  0.27978697]
