Kp1: -2.7944122804724048
Ki1: -0.00992113194439347
Kd1: -0.1514858394567001
Kp2: 0.0768824352047175
Ki2: 0.049074847874185944
Kd2: 0.0
init_obs: [ 0.36386943, -0.27165654, -0.27070968,  0.1992937 ]
