Kp1: -3.198155212730546
Ki1: -0.009156938038494298
Kd1: -0.14117577436547782
Kp2: 0.08036333912891476
Ki2: 0.053892975414790815
Kd2: 0.0
init_obs: [ 0.0924803 , -0.1721512 , -0.10991421, -0.31302294]
