Kp1: -2.9382771639093166
Ki1: -0.00953103547726023
Kd1: -0.15650959749098944
Kp2: 0.07993317118592837
Ki2: 0.05413804326045917
Kd2: 0.0
init_obs: [-0.04045139, -0.46714159, -0.27552265,  0.41363949]
