Kp1: -2.7151525661742184
Ki1: -0.01030451873919155
Kd1: -0.14788002293214747
Kp2: 0.07679887734853931
Ki2: 0.05126481327039232
Kd2: 0.0
init_obs: [-0.1845103 , -0.32837933, -0.04377607,  0.21670936]
