Kp1: -3.2613911840588554
Ki1: -0.01055641859134269
Kd1: -0.14254066480844144
Kp2: 0.08130246755639568
Ki2: 0.04815658688147209
Kd2: 0.0
init_obs: [-0.04991386, -0.33484106,  0.0421768 ,  0.00827694]
