Kp1: -2.9122523160447207
Ki1: -0.010208118052614203
Kd1: -0.13530577407555433
Kp2: 0.08526014806522803
Ki2: 0.04535053663604235
Kd2: 0.0
init_obs: [ 0.30643394, -0.28745057, -0.19244701,  0.05501218]
