Kp1: -3.249516923106079
Ki1: -0.010833203056847752
Kd1: -0.14862732123930814
Kp2: 0.0844567249264472
Ki2: 0.046789965264070275
Kd2: 0.0
init_obs: [ 0.48002097, -0.05743356, -0.30446444, -0.12364209]
