Kp1: -3.2391206278337723
Ki1: -0.010687198254308106
Kd1: -0.16138434328444734
Kp2: 0.07237083484142551
Ki2: 0.047531191594476954
Kd2: 0.0
init_obs: [ 0.28565708,  0.21104622,  0.05449878, -0.42199094]
