Kp1: -3.2945516431003687
Ki1: -0.010447433414976155
Kd1: -0.15380304187223334
Kp2: 0.07348636067671505
Ki2: 0.04723760969042384
Kd2: 0.0
init_obs: [ 0.01263   ,  0.27782334, -0.43250161,  0.44093439]
