Kp1: -2.850134396667072
Ki1: -0.009600447764905736
Kd1: -0.14747182665790656
Kp2: 0.0829414863350061
Ki2: 0.04920720320946286
Kd2: 0.0
init_obs: [0.31875512, 0.1694456 , 0.21411987, 0.0321792 ]
