Kp1: -2.754826663363205
Ki1: -0.009713955982516134
Kd1: -0.144170910616695
Kp2: 0.07459695098158918
Ki2: 0.04561475060889241
Kd2: 0.0
init_obs: [ 0.33520304, -0.03413285, -0.00706986, -0.34831689]
