Kp1: -3.2132341707388754
Ki1: -0.009425861226341285
Kd1: -0.15359074516131024
Kp2: 0.08178759537168323
Ki2: 0.05359811644391276
Kd2: 0.0
init_obs: [0.49865181, 0.08914436, 0.12637152, 0.31936538]
