Kp1: -3.190357741952735
Ki1: -0.00998854422485724
Kd1: -0.15353997806274705
Kp2: 0.0778243591708229
Ki2: 0.05137884351948087
Kd2: 0.0
init_obs: [ 0.31918908, -0.02507881,  0.22367859, -0.02900125]
