Kp1: -2.899859234698712
Ki1: -0.00906016783273769
Kd1: -0.16341418240336855
Kp2: 0.08497789367191301
Ki2: 0.04616631564341499
Kd2: 0.0
init_obs: [-0.07030718, -0.0152005 , -0.17076613, -0.00619346]
