Kp1: -3.2226833716357413
Ki1: -0.010397682449596053
Kd1: -0.15198522158994895
Kp2: 0.07371570739336661
Ki2: 0.048195422081972916
Kd2: 0.0
init_obs: [-0.11529887, -0.07205274, -0.25660739, -0.25853394]
