Kp1: -3.184133980632458
Ki1: -0.010013600039695005
Kd1: -0.1533549642692208
Kp2: 0.07279852476224706
Ki2: 0.052678496207181603
Kd2: 0.0
init_obs: [ 0.02161324, -0.06598519,  0.48019934, -0.08168056]
