Kp1: -3.2011059089455376
Ki1: -0.010437375248996336
Kd1: -0.14190124090917153
Kp2: 0.07994680118962744
Ki2: 0.051465941985172015
Kd2: 0.0
init_obs: [-0.14333223,  0.27385366,  0.38214758,  0.16744955]
