Kp1: -2.839823509965222
Ki1: -0.0108288365611689
Kd1: -0.14795129147736774
Kp2: 0.0843192166731457
Ki2: 0.04813302175841283
Kd2: 0.0
init_obs: [-0.3729349 ,  0.39087574, -0.40038324, -0.20173924]
