Kp1: -3.0818160092161824
Ki1: -0.00957538380067013
Kd1: -0.15673643717923916
Kp2: 0.07336281310992321
Ki2: 0.04790031410696567
Kd2: 0.0
init_obs: [-0.31980651, -0.35360274, -0.1918843 , -0.3931972 ]
