Kp1: -3.062532723241076
Ki1: -0.010785639000586711
Kd1: -0.13880946427215174
Kp2: 0.08362014313846589
Ki2: 0.053692536006420856
Kd2: 0.0
init_obs: [-0.19207293, -0.32063165,  0.12703825, -0.37041443]
