Kp1: -2.847450849383664
Ki1: -0.010159957468285961
Kd1: -0.13876114397361386
Kp2: 0.07219264665802894
Ki2: 0.050122393834866046
Kd2: 0.0
init_obs: [-0.09385784, -0.11282783, -0.34969764, -0.07010828]
