Kp1: -3.088793843352565
Ki1: -0.009983817923852749
Kd1: -0.15803226628921027
Kp2: 0.08678359610178044
Ki2: 0.04935041456384662
Kd2: 0.0
init_obs: [0.49821633, 0.33154511, 0.29715341, 0.48740703]
