Kp1: -2.915959939708257
Ki1: -0.00958928306336614
Kd1: -0.14604482554642084
Kp2: 0.07915502298540723
Ki2: 0.05347412300375485
Kd2: 0.0
init_obs: [0.42656878, 0.28432422, 0.27475591, 0.35562228]
