Kp1: -2.9486862944148995
Ki1: -0.010576488916009541
Kd1: -0.1644953517004523
Kp2: 0.07835691189000178
Ki2: 0.05248246124788221
Kd2: 0.0
init_obs: [ 0.31231715, -0.18562735, -0.24625106,  0.10004169]
