Kp1: -3.0733490090255557
Ki1: -0.010734777825047502
Kd1: -0.14251458938801587
Kp2: 0.08177962518031077
Ki2: 0.045032919314003585
Kd2: 0.0
init_obs: [ 0.42686888, -0.32581369, -0.02932914,  0.23772771]
