Kp1: -3.0886356810377773
Ki1: -0.00990976189689481
Kd1: -0.15839059551845822
Kp2: 0.07534131113882739
Ki2: 0.04738973932881177
Kd2: 0.0
init_obs: [-0.076138  , -0.33481029,  0.23570654, -0.30771529]
