Kp1: -3.143592214110162
Ki1: -0.00991558776047476
Kd1: -0.1414237112543155
Kp2: 0.08088071743230378
Ki2: 0.04838626912447222
Kd2: 0.0
init_obs: [0.4102495 , 0.0843247 , 0.09778065, 0.02486445]
