Kp1: -3.295960369811806
Ki1: -0.010945482772930972
Kd1: -0.14869119267482886
Kp2: 0.07384336906356888
Ki2: 0.05261464550771453
Kd2: 0.0
init_obs: [-0.03747952,  0.34301013,  0.03132353,  0.14681829]
