Kp1: -2.890134488854317
Ki1: -0.009568092930273452
Kd1: -0.13880925176344908
Kp2: 0.08573456708179243
Ki2: 0.05329195658167916
Kd2: 0.0
init_obs: [-0.10139517, -0.36053107, -0.40164803, -0.49454506]
