Kp1: -3.1819541491085914
Ki1: -0.010011829445466752
Kd1: -0.1526369862575654
Kp2: 0.07824312828806072
Ki2: 0.04772999916228856
Kd2: 0.0
init_obs: [-0.44863453,  0.33049884, -0.34726791,  0.3840751 ]
