Kp1: -2.741150592052685
Ki1: -0.00903250804866461
Kd1: -0.1509577387995805
Kp2: 0.08160016772343917
Ki2: 0.05263804900468853
Kd2: 0.0
init_obs: [-0.23399211, -0.28360549,  0.0132117 , -0.22521096]
