Kp1: -2.9852098878677014
Ki1: -0.009989054337354556
Kd1: -0.14033098912798833
Kp2: 0.07863685319691985
Ki2: 0.05028334969287416
Kd2: 0.0
init_obs: [-0.07325768,  0.30944144,  0.08848016,  0.41608058]
