Kp1: -2.777988005762008
Ki1: -0.010815471986012548
Kd1: -0.15207858569775298
Kp2: 0.07644890750215526
Ki2: 0.05380353063670569
Kd2: 0.0
init_obs: [-0.36501749, -0.26556483,  0.34375592, -0.03398237]
