Kp1: -3.068652211512555
Ki1: -0.0108484241872831
Kd1: -0.16135436472481066
Kp2: 0.0812048081038404
Ki2: 0.05174258362257683
Kd2: 0.0
init_obs: [-0.4464159 ,  0.0934401 , -0.05807955,  0.29620458]
