Kp1: -2.9981799268852654
Ki1: -0.009876414440588684
Kd1: -0.14461583808318276
Kp2: 0.07898015767146303
Ki2: 0.04735182952571834
Kd2: 0.0
init_obs: [ 0.33703232,  0.20902614,  0.43499907, -0.18287926]
