Kp1: -2.8866974880931657
Ki1: -0.00986642467935673
Kd1: -0.1603188268956265
Kp2: 0.07766130624428465
Ki2: 0.04632877670486074
Kd2: 0.0
init_obs: [-0.47844054,  0.13863593,  0.25192465,  0.30941765]
