Kp1: -2.8726441387010384
Ki1: -0.010346343370305893
Kd1: -0.1506350942893773
Kp2: 0.08525613482447121
Ki2: 0.045029992119589836
Kd2: 0.0
init_obs: [ 0.1608569 , -0.25856713, -0.31898163,  0.02209832]
