Kp1: -2.9009635516073566
Ki1: -0.009101589089833287
Kd1: -0.13756794151566004
Kp2: 0.08615649475669682
Ki2: 0.0505913711390993
Kd2: 0.0
init_obs: [-0.0899427 ,  0.3041811 ,  0.24435494, -0.2908254 ]
