Kp1: -2.706475049194114
Ki1: -0.00979158973397061
Kd1: -0.1444729206121437
Kp2: 0.08134179607377398
Ki2: 0.05269153303750036
Kd2: 0.0
init_obs: [-0.24472521,  0.20475976,  0.29376245, -0.04507987]
