Kp1: -3.0743142465600686
Ki1: -0.010957306127799975
Kd1: -0.15297559059630367
Kp2: 0.07693509906625391
Ki2: 0.04818384491542229
Kd2: 0.0
init_obs: [-0.17128429,  0.43139867,  0.01969987, -0.08037739]
