Kp1: -2.95408082953443
Ki1: -0.010346574228552933
Kd1: -0.15475894527989126
Kp2: 0.0784711731093099
Ki2: 0.04955673104117939
Kd2: 0.0
init_obs: [ 0.13945975,  0.3423421 , -0.475882  ,  0.48991756]
