Kp1: -3.0841467175651083
Ki1: -0.010487700203459776
Kd1: -0.14760812758093692
Kp2: 0.07964881140336352
Ki2: 0.05192968027834256
Kd2: 0.0
init_obs: [ 0.15192905, -0.32103193, -0.38570182, -0.47092287]
