Kp1: -2.7789418892564974
Ki1: -0.010338467452399356
Kd1: -0.14021016917359527
Kp2: 0.08638668009719572
Ki2: 0.05012854422710181
Kd2: 0.0
init_obs: [0.24198934, 0.28612006, 0.39198546, 0.0907168 ]
