Kp1: -2.914248357563903
Ki1: -0.010553190665935595
Kd1: -0.1437626666611917
Kp2: 0.07288582436993692
Ki2: 0.04703567135881226
Kd2: 0.0
init_obs: [ 0.10608642,  0.06870852,  0.10734392, -0.35320463]
