Kp1: -3.1558456832983905
Ki1: -0.01024587207224619
Kd1: -0.15300345604542465
Kp2: 0.07283751219747513
Ki2: 0.054590253869274366
Kd2: 0.0
init_obs: [ 0.49165736, -0.2771972 , -0.2518041 ,  0.36712667]
