Kp1: -3.093723159125835
Ki1: -0.009749965308710737
Kd1: -0.14834897503093086
Kp2: 0.07291384519151037
Ki2: 0.04523074040159889
Kd2: 0.0
init_obs: [ 0.34858256, -0.45717571,  0.20509454,  0.0011456 ]
