Kp1: -2.994860883382332
Ki1: -0.0092577938709273
Kd1: -0.15285845774035495
Kp2: 0.08497532004944525
Ki2: 0.052772074106566015
Kd2: 0.0
init_obs: [-0.34573236,  0.35312891,  0.06391123,  0.32721523]
