Kp1: -2.8800588731731587
Ki1: -0.009231170536367862
Kd1: -0.15203445057691703
Kp2: 0.07416650234879545
Ki2: 0.04931385806434335
Kd2: 0.0
init_obs: [-0.04067367,  0.06524259,  0.139749  , -0.21689638]
