Kp1: -2.9057008174061716
Ki1: -0.010139230856443153
Kd1: -0.15507174250923436
Kp2: 0.07822453383752946
Ki2: 0.050124949717039485
Kd2: 0.0
init_obs: [-0.42257615, -0.13318824,  0.25099368, -0.37202195]
