Kp1: -2.993486294401609
Ki1: -0.010452650838728386
Kd1: -0.16167464371338544
Kp2: 0.08445251836940741
Ki2: 0.045998148933643436
Kd2: 0.0
init_obs: [-0.45503303,  0.08592284, -0.07047555, -0.34671048]
