Kp1: -2.908498743180311
Ki1: -0.009821743884869977
Kd1: -0.16049274557940127
Kp2: 0.07970552322072527
Ki2: 0.04572791254140646
Kd2: 0.0
init_obs: [ 0.49464318, -0.03001261,  0.13581656,  0.40184063]
