Kp1: -2.8167257839269464
Ki1: -0.009554508605400643
Kd1: -0.15438019102501668
Kp2: 0.07704954309745383
Ki2: 0.047197818429611585
Kd2: 0.0
init_obs: [-0.48470188, -0.34378054,  0.09996643,  0.17387628]
