Kp1: -3.050594986264966
Ki1: -0.010316738840776066
Kd1: -0.1541999813743565
Kp2: 0.0723105971016978
Ki2: 0.04803578985644795
Kd2: 0.0
init_obs: [ 0.46137173, -0.47016144, -0.16577119, -0.0695121 ]
