Kp1: -3.1879600031913156
Ki1: -0.010231987951214659
Kd1: -0.15139061464336218
Kp2: 0.08272522298373833
Ki2: 0.053212732186789014
Kd2: 0.0
init_obs: [ 0.0794882 , -0.01102554,  0.01217074, -0.31693659]
