Kp1: -3.242631213032849
Ki1: -0.009762339095094184
Kd1: -0.155624612001912
Kp2: 0.08218654303818815
Ki2: 0.05177558168999763
Kd2: 0.0
init_obs: [-0.16809483,  0.46320825, -0.18060452, -0.26917995]
