Kp1: -2.978003145860256
Ki1: -0.010721613347566907
Kd1: -0.1589499712485314
Kp2: 0.08472688950650317
Ki2: 0.04945469503058672
Kd2: 0.0
init_obs: [-0.39273551, -0.45041595,  0.30872251,  0.36450275]
