Kp1: -3.0786321954624016
Ki1: -0.010161879323650041
Kd1: -0.1390430661884931
Kp2: 0.08566137079144139
Ki2: 0.05265948192014761
Kd2: 0.0
init_obs: [-0.15257711,  0.44980978,  0.39848736, -0.49243761]
