Kp1: -3.230753417637483
Ki1: -0.009013241467115709
Kd1: -0.13868186561356502
Kp2: 0.0773390044026047
Ki2: 0.04790819042224071
Kd2: 0.0
init_obs: [ 0.03969301,  0.12165389,  0.1821965 , -0.16351597]
