Kp1: -2.9079327194584454
Ki1: -0.009505975633124192
Kd1: -0.16105490950522308
Kp2: 0.0724861614377257
Ki2: 0.05312409695112466
Kd2: 0.0
init_obs: [ 0.1871988 ,  0.39162428, -0.08143684,  0.1245776 ]
