Kp1: -3.13533375275039
Ki1: -0.009678290763913373
Kd1: -0.16076476478467291
Kp2: 0.08324028833705382
Ki2: 0.05471459206877133
Kd2: 0.0
init_obs: [-0.42453277, -0.33546398, -0.07689409,  0.15821198]
