Kp1: -3.229439137388579
Ki1: -0.010685632335241916
Kd1: -0.14555400503540955
Kp2: 0.08704367463819768
Ki2: 0.04647918175901886
Kd2: 0.0
init_obs: [ 0.45170838,  0.15557121, -0.07144617, -0.26097467]
