Kp1: -3.2928961875998617
Ki1: -0.009588225011230482
Kd1: -0.1554716126795723
Kp2: 0.08462676755837405
Ki2: 0.04989347563875604
Kd2: 0.0
init_obs: [ 0.27094126, -0.03040311,  0.29931044,  0.16482528]
