Kp1: -2.9226411573583198
Ki1: -0.010522080758992967
Kd1: -0.1588793513688549
Kp2: 0.08526541724876656
Ki2: 0.05104475736673078
Kd2: 0.0
init_obs: [ 0.00947048,  0.35859359,  0.32647222, -0.27476452]
