Kp1: -2.865380056838614
Ki1: -0.010625242400652291
Kd1: -0.1580146758242115
Kp2: 0.08490568449016177
Ki2: 0.047890180491647616
Kd2: 0.0
init_obs: [ 0.27069994,  0.49252465,  0.07020068, -0.41056644]
