Kp1: -3.222309397310024
Ki1: -0.009005716639788705
Kd1: -0.15418376183073745
Kp2: 0.08331032014705696
Ki2: 0.04580614810998366
Kd2: 0.0
init_obs: [ 0.24412212, -0.40207407, -0.32085545,  0.06324055]
