Kp1: -3.2596491194111152
Ki1: -0.009193460300343726
Kd1: -0.15822230070842483
Kp2: 0.07977699174693789
Ki2: 0.05274075754203497
Kd2: 0.0
init_obs: [-0.05139877,  0.18784788,  0.45834914, -0.28408586]
