Kp1: -3.031682401829339
Ki1: -0.01078632823309081
Kd1: -0.13712807805516006
Kp2: 0.07725383205732433
Ki2: 0.05375364887799372
Kd2: 0.0
init_obs: [ 0.45353958,  0.3319405 , -0.44808787, -0.40718489]
