Kp1: -2.8930577217671
Ki1: -0.0100015241649653
Kd1: -0.16182471303137616
Kp2: 0.0865619625675178
Ki2: 0.05096151107607208
Kd2: 0.0
init_obs: [-0.16060364,  0.17509448, -0.26507842,  0.45683401]
