Kp1: -2.968080664920509
Ki1: -0.0090265662091134
Kd1: -0.15880532943357167
Kp2: 0.08449045703218457
Ki2: 0.05328247616338885
Kd2: 0.0
init_obs: [0.23141849, 0.35528258, 0.2636627 , 0.40553974]
