Kp1: -2.9461217205583434
Ki1: -0.00912386329749854
Kd1: -0.14162186063272314
Kp2: 0.08612756729427283
Ki2: 0.048885838312830915
Kd2: 0.0
init_obs: [-0.01488205, -0.49816637, -0.17747994,  0.20295835]
