Kp1: -2.882891040505532
Ki1: -0.01001177462894152
Kd1: -0.15438889150515153
Kp2: 0.07586920309112719
Ki2: 0.04923479082182239
Kd2: 0.0
init_obs: [ 0.39740899, -0.37050401,  0.34495004, -0.06591373]
