Kp1: -2.7334673524156896
Ki1: -0.009594548538893091
Kd1: -0.13588620542875304
Kp2: 0.08137881048553224
Ki2: 0.053099177499877664
Kd2: 0.0
init_obs: [ 0.46059702, -0.14501936,  0.2730135 , -0.35140366]
