Kp1: -2.8945898922039133
Ki1: -0.00980274201383757
Kd1: -0.15542951107312045
Kp2: 0.08559376012847658
Ki2: 0.05255559631496746
Kd2: 0.0
init_obs: [ 0.1442861 , -0.2636038 ,  0.47196449,  0.0158232 ]
