Kp1: -2.7508500276784833
Ki1: -0.010291317254788091
Kd1: -0.15964502329287913
Kp2: 0.07667808149938876
Ki2: 0.04771575194531319
Kd2: 0.0
init_obs: [ 0.29722069,  0.21241847,  0.3939394 , -0.23008988]
