Kp1: -2.914274153027896
Ki1: -0.010277663868467733
Kd1: -0.14060090175264245
Kp2: 0.07658195864065594
Ki2: 0.0514461989147488
Kd2: 0.0
init_obs: [-0.02290474,  0.03639119,  0.04413468,  0.06013751]
