Kp1: -3.1402078720293023
Ki1: -0.009896781971799922
Kd1: -0.14255140775138278
Kp2: 0.07586331952085425
Ki2: 0.0505413599731558
Kd2: 0.0
init_obs: [-0.27781055,  0.06973933, -0.08633608, -0.32157444]
