Kp1: -2.979218190974847
Ki1: -0.010760219617465492
Kd1: -0.14971482424044952
Kp2: 0.08716345227819161
Ki2: 0.04877035265507296
Kd2: 0.0
init_obs: [ 0.34142463, -0.3905645 , -0.28604966,  0.15703443]
