Kp1: -2.8244383430558626
Ki1: -0.010890394052284692
Kd1: -0.1526573338914279
Kp2: 0.07263890038846163
Ki2: 0.05110646983611568
Kd2: 0.0
init_obs: [ 0.19173235,  0.48675413, -0.42901319,  0.43262505]
