Kp1: -3.1450523965080386
Ki1: -0.01091355859062715
Kd1: -0.1614648736398625
Kp2: 0.08519952784109538
Ki2: 0.047281196900734845
Kd2: 0.0
init_obs: [ 0.09915192,  0.09005894,  0.47315702, -0.40578922]
