Kp1: -2.9822951515509866
Ki1: -0.010990018675072493
Kd1: -0.1405211407122711
Kp2: 0.07846366535914932
Ki2: 0.053906003818248616
Kd2: 0.0
init_obs: [-0.04101517, -0.42019315, -0.20108936,  0.28298087]
