Kp1: -3.024047213683792
Ki1: -0.009621423342751899
Kd1: -0.16241263753852572
Kp2: 0.07274658728641083
Ki2: 0.05298305022833141
Kd2: 0.0
init_obs: [-0.33649586, -0.4307461 ,  0.46655443,  0.22498357]
