Kp1: -3.213791112293652
Ki1: -0.010863543034974584
Kd1: -0.13824463947994967
Kp2: 0.07269417889338325
Ki2: 0.054030500657506156
Kd2: 0.0
init_obs: [ 0.42322093,  0.38007448, -0.26927188, -0.12482303]
