Kp1: -3.0964571970331374
Ki1: -0.009846601481646112
Kd1: -0.15269528362621074
Kp2: 0.079530909937879
Ki2: 0.052207831842764035
Kd2: 0.0
init_obs: [-0.13539443,  0.16265906, -0.0725293 , -0.27290339]
