Kp1: -2.812286605513113
Ki1: -0.009012296007529912
Kd1: -0.139065728355771
Kp2: 0.07729538172471324
Ki2: 0.04523514924926672
Kd2: 0.0
init_obs: [-0.08647686,  0.42909383, -0.19874658, -0.28465431]
