Kp1: -2.9902400192749647
Ki1: -0.009265718915369882
Kd1: -0.1476164237725738
Kp2: 0.08168664707640738
Ki2: 0.05088673384014032
Kd2: 0.0
init_obs: [-0.02364902,  0.00343737,  0.05607433, -0.45604166]
