Kp1: -2.954704497479066
Ki1: -0.009873091152579196
Kd1: -0.13774241090527217
Kp2: 0.0827603105827097
Ki2: 0.048437893431588955
Kd2: 0.0
init_obs: [ 0.32512756, -0.10197917,  0.21611133,  0.18253713]
