Kp1: -2.9883317467855464
Ki1: -0.01053828687566225
Kd1: -0.1505095916548145
Kp2: 0.0804906967540901
Ki2: 0.04788435255752252
Kd2: 0.0
init_obs: [-0.26072182, -0.02592652, -0.28292271,  0.29593375]
