Kp1: -3.07779483737857
Ki1: -0.010829675126287304
Kd1: -0.1403163806210485
Kp2: 0.08391959877613848
Ki2: 0.04935517239179162
Kd2: 0.0
init_obs: [ 0.48547249, -0.2815697 , -0.14199261,  0.46841612]
