Kp1: -2.9742966397693373
Ki1: -0.010346413955627924
Kd1: -0.15816648839840333
Kp2: 0.07651072086037548
Ki2: 0.05247771223487583
Kd2: 0.0
init_obs: [ 0.4967872 ,  0.35536706,  0.23107427, -0.21652593]
