Kp1: -3.115252992903974
Ki1: -0.010997180044915471
Kd1: -0.14924113308523612
Kp2: 0.07258236104056877
Ki2: 0.05139886571027983
Kd2: 0.0
init_obs: [-0.03394543,  0.22292201,  0.17459168,  0.07100249]
