Kp1: -2.729538882681072
Ki1: -0.009377594895405829
Kd1: -0.14743715097501614
Kp2: 0.08525484613734255
Ki2: 0.052834325197243764
Kd2: 0.0
init_obs: [-0.15544623,  0.44697697, -0.40909788,  0.21607831]
