Kp1: -3.0408388480795123
Ki1: -0.009198692909926748
Kd1: -0.14815589379881736
Kp2: 0.07438612902133455
Ki2: 0.05310811424112345
Kd2: 0.0
init_obs: [ 0.09759385, -0.11884862, -0.35275091, -0.10859501]
