Kp1: -2.857413882743229
Ki1: -0.010763938786135626
Kd1: -0.14982700568052362
Kp2: 0.07503286612529088
Ki2: 0.0493773888617037
Kd2: 0.0
init_obs: [ 0.00167656, -0.27860655,  0.34258215, -0.4142469 ]
