Kp1: -2.8080648668852106
Ki1: -0.00916223621254858
Kd1: -0.16078215248589817
Kp2: 0.07579436688814517
Ki2: 0.05493233977069833
Kd2: 0.0
init_obs: [ 0.36740614, -0.14523712, -0.20064468,  0.29893453]
