Kp1: -2.8476656295720932
Ki1: -0.009775532935228105
Kd1: -0.15179431046813566
Kp2: 0.07927200919795094
Ki2: 0.04771017369021602
Kd2: 0.0
init_obs: [-0.3516107 , -0.40095215,  0.41424078,  0.06393858]
