Kp1: -2.7442697908038234
Ki1: -0.009042034448378245
Kd1: -0.14502997139374768
Kp2: 0.07282098209338739
Ki2: 0.05128463678836656
Kd2: 0.0
init_obs: [-0.30761157,  0.03092126,  0.43396601,  0.33665313]
