Kp1: -3.141121645276197
Ki1: -0.009064340152805599
Kd1: -0.13574468281723767
Kp2: 0.07242822436721358
Ki2: 0.045494869848817114
Kd2: 0.0
init_obs: [-0.39451211,  0.09309896, -0.2886614 , -0.12196476]
