Kp1: -2.7595076030501624
Ki1: -0.009088797237934843
Kd1: -0.16084904960690927
Kp2: 0.0747994042069696
Ki2: 0.05172226130213266
Kd2: 0.0
init_obs: [ 0.38811725,  0.15048375, -0.18114417,  0.2902166 ]
