Kp1: -2.866352355460495
Ki1: -0.010506879545681167
Kd1: -0.13827042593877076
Kp2: 0.07745074565030831
Ki2: 0.04824274381275451
Kd2: 0.0
init_obs: [0.44264524, 0.31681997, 0.25659336, 0.09098517]
