Kp1: -2.830889888878859
Ki1: -0.00948474351376349
Kd1: -0.1434245953859582
Kp2: 0.0807019979018556
Ki2: 0.04629692283129771
Kd2: 0.0
init_obs: [-0.2445034 ,  0.19379135,  0.08407347,  0.00380685]
