Kp1: -3.1202139817967547
Ki1: -0.010593154255815716
Kd1: -0.1434312558615154
Kp2: 0.07381107839507758
Ki2: 0.04825029294597124
Kd2: 0.0
init_obs: [-0.37478081, -0.12493252,  0.01787773, -0.04863355]
