Kp1: -3.0667972940259185
Ki1: -0.00936576124763074
Kd1: -0.15871407262156476
Kp2: 0.08288759130002486
Ki2: 0.04850273861594767
Kd2: 0.0
init_obs: [-0.46149002,  0.40018593,  0.03292252,  0.38727339]
