Kp1: -2.7388763658042374
Ki1: -0.01065959680787307
Kd1: -0.14621997866974706
Kp2: 0.08787176774121598
Ki2: 0.04886466082128841
Kd2: 0.0
init_obs: [ 0.1236535 , -0.17718595, -0.21721324, -0.07202631]
