Kp1: -2.7089595997561475
Ki1: -0.00929854565262805
Kd1: -0.13681479250263268
Kp2: 0.0779338543529056
Ki2: 0.05356181010248134
Kd2: 0.0
init_obs: [ 0.19454716,  0.12189277,  0.37432849, -0.42339318]
