Kp1: -3.1352330447114523
Ki1: -0.009485720211554536
Kd1: -0.14731747761375058
Kp2: 0.07211443492133811
Ki2: 0.04743507813747758
Kd2: 0.0
init_obs: [-0.13744827, -0.26107853, -0.10163912,  0.16046873]
