Kp1: -3.138399827462597
Ki1: -0.009313010011482983
Kd1: -0.14162809450604516
Kp2: 0.0734456062992266
Ki2: 0.04985151677778041
Kd2: 0.0
init_obs: [ 0.40974881, -0.07778337,  0.13344446,  0.33634575]
