Kp1: -3.163774686548483
Ki1: -0.009876342821874991
Kd1: -0.1621251187320927
Kp2: 0.08273634591571265
Ki2: 0.0502703652760385
Kd2: 0.0
init_obs: [-0.21817585, -0.31703295, -0.1476174 , -0.17079618]
