Kp1: -3.168209926693683
Ki1: -0.009785035585576356
Kd1: -0.1523986992468101
Kp2: 0.07459154476246066
Ki2: 0.04806636460908
Kd2: 0.0
init_obs: [-0.49972785,  0.35508163,  0.4914449 , -0.17563075]
