Kp1: -2.9514798946264342
Ki1: -0.009803155842669232
Kd1: -0.16023588926703924
Kp2: 0.0744434547206167
Ki2: 0.05017191625446156
Kd2: 0.0
init_obs: [-0.37211853,  0.14398224, -0.16460782, -0.09135753]
