Kp1: -2.9884517410291496
Ki1: -0.009997675282033191
Kd1: -0.15652970548752895
Kp2: 0.07718885590955381
Ki2: 0.05426380327289635
Kd2: 0.0
init_obs: [-0.28743737, -0.10150998,  0.48130128,  0.2749959 ]
