Kp1: -3.1396376827812573
Ki1: -0.009809929289798108
Kd1: -0.15772622599419125
Kp2: 0.0843212904973642
Ki2: 0.04955174327201847
Kd2: 0.0
init_obs: [-0.33606243,  0.15600563,  0.33191585,  0.13413103]
