Kp1: -2.7242553682280413
Ki1: -0.010994354417141496
Kd1: -0.1624095436865167
Kp2: 0.07791793696572855
Ki2: 0.048434847937135574
Kd2: 0.0
init_obs: [ 0.42589944, -0.16768305, -0.44533193, -0.36217418]
