Kp1: -2.7357266370618776
Ki1: -0.009218493854876995
Kd1: -0.14521594706342023
Kp2: 0.08704644374014311
Ki2: 0.05045819318111146
Kd2: 0.0
init_obs: [-0.30515708, -0.40578581,  0.23768173, -0.13612805]
