Kp1: -3.231472705987024
Ki1: -0.009316348871632078
Kd1: -0.1359330522070489
Kp2: 0.07964351511778073
Ki2: 0.04609107255902897
Kd2: 0.0
init_obs: [-0.12020501, -0.3619551 , -0.14469972, -0.27242155]
