Kp1: -2.9520855319411305
Ki1: -0.009456565006774496
Kd1: -0.1446034903323112
Kp2: 0.08524330052404548
Ki2: 0.05195138237743729
Kd2: 0.0
init_obs: [ 0.22073104,  0.26485802, -0.31477437, -0.20407873]
