Kp1: -3.0873134665836135
Ki1: -0.009210285464153306
Kd1: -0.13721653382126267
Kp2: 0.08160127445514323
Ki2: 0.054458628203813
Kd2: 0.0
init_obs: [-0.35289746,  0.23220088, -0.21124816,  0.31450109]
