Kp1: -3.2913404230713708
Ki1: -0.009563721169219906
Kd1: -0.14397856480472493
Kp2: 0.07461577103624839
Ki2: 0.05017561286614004
Kd2: 0.0
init_obs: [-0.08473632, -0.43344752,  0.24724692, -0.29037529]
