Kp1: -2.8124076732334617
Ki1: -0.009284683703516787
Kd1: -0.15029498873260677
Kp2: 0.08058556468900721
Ki2: 0.04622667927177293
Kd2: 0.0
init_obs: [-0.42326055,  0.23672857, -0.03804181,  0.17676759]
