Kp1: -2.86689794075523
Ki1: -0.009871924246298925
Kd1: -0.13507227148261397
Kp2: 0.07438731050660868
Ki2: 0.04711885425830061
Kd2: 0.0
init_obs: [-0.20002751,  0.31357405, -0.2542659 ,  0.03766699]
