Kp1: -3.1340507224129524
Ki1: -0.010149389120648531
Kd1: -0.1430165463132254
Kp2: 0.08372944205232036
Ki2: 0.05349806927562974
Kd2: 0.0
init_obs: [ 0.31534858,  0.34517731, -0.3848022 ,  0.37549466]
