Kp1: -3.1735359535532544
Ki1: -0.010698846053620988
Kd1: -0.13687320541890405
Kp2: 0.08700241602844486
Ki2: 0.0539878572420185
Kd2: 0.0
init_obs: [-0.11099187,  0.29261838, -0.47210943, -0.00116852]
