Kp1: -3.087511145204316
Ki1: -0.009537645122902816
Kd1: -0.1619217087906192
Kp2: 0.08188066667989252
Ki2: 0.05003276902150048
Kd2: 0.0
init_obs: [ 0.07354611, -0.44632139, -0.14958159,  0.14715918]
