Kp1: -2.759860140071999
Ki1: -0.009144390491379087
Kd1: -0.13760147993582914
Kp2: 0.07716243963341088
Ki2: 0.045348233758495976
Kd2: 0.0
init_obs: [-0.00940103,  0.25936713,  0.32469649, -0.38268683]
