Kp1: -2.9056329112494357
Ki1: -0.010484844841299565
Kd1: -0.16125042717350266
Kp2: 0.07868252496050077
Ki2: 0.05171336689862294
Kd2: 0.0
init_obs: [-0.41645534, -0.03388945, -0.27782991, -0.15257637]
