Kp1: -3.043659755795736
Ki1: -0.010231028758233885
Kd1: -0.15892714892901855
Kp2: 0.07526507985362269
Ki2: 0.05281135483473707
Kd2: 0.0
init_obs: [-0.26033619,  0.36950766,  0.02883766, -0.21663858]
