Kp1: -2.967977819949801
Ki1: -0.009234325619581573
Kd1: -0.1555601528719164
Kp2: 0.07278714752552154
Ki2: 0.04718168902936125
Kd2: 0.0
init_obs: [-0.16478713, -0.19232432,  0.27457978, -0.24958276]
