Kp1: -3.171582143483658
Ki1: -0.010058063870994276
Kd1: -0.14708997542827676
Kp2: 0.08474582943978128
Ki2: 0.05410112859504315
Kd2: 0.0
init_obs: [0.12061255, 0.19569136, 0.12086916, 0.27073402]
