Kp1: -2.8907862718124884
Ki1: -0.010490672340420067
Kd1: -0.1423419362973448
Kp2: 0.07995190272161778
Ki2: 0.05188534156933259
Kd2: 0.0
init_obs: [ 0.10527479, -0.11748032,  0.47771143, -0.30620175]
