Kp1: -3.1009348164027717
Ki1: -0.009174068292164609
Kd1: -0.16304553105241357
Kp2: 0.08109214842932444
Ki2: 0.052959283553023345
Kd2: 0.0
init_obs: [ 0.21409615, -0.04619165, -0.45519235,  0.23489804]
