Kp1: -2.7551210908907757
Ki1: -0.00975242321934594
Kd1: -0.1561915277949694
Kp2: 0.0757977977490788
Ki2: 0.049459371118994094
Kd2: 0.0
init_obs: [ 0.05402244,  0.36107391, -0.07502863,  0.31102347]
