Kp1: -2.943472594766706
Ki1: -0.010919540397791448
Kd1: -0.14167460486213568
Kp2: 0.07220359066933309
Ki2: 0.05343277726685883
Kd2: 0.0
init_obs: [ 0.35288304,  0.29048873,  0.19210316, -0.13645278]
