Kp1: -3.0933462092460866
Ki1: -0.01050587295124824
Kd1: -0.15197774255753405
Kp2: 0.08410864207962543
Ki2: 0.048278811215381474
Kd2: 0.0
init_obs: [-0.16125528, -0.38921679,  0.40309903,  0.42668209]
