Kp1: -3.0295781673993973
Ki1: -0.010741304524034765
Kd1: -0.14614669940242164
Kp2: 0.07713024802906789
Ki2: 0.046679742053628626
Kd2: 0.0
init_obs: [-0.42751566, -0.40248298,  0.14838443, -0.44155015]
