Kp1: -3.2995464903626015
Ki1: -0.010578121657960992
Kd1: -0.16001752265678662
Kp2: 0.07413812369622896
Ki2: 0.04856446474182535
Kd2: 0.0
init_obs: [ 0.2718911 ,  0.00182157,  0.01318167, -0.30460109]
