Kp1: -2.8459645897972274
Ki1: -0.010226123675476739
Kd1: -0.13810919376676548
Kp2: 0.08385176675089444
Ki2: 0.04881528842849331
Kd2: 0.0
init_obs: [ 0.13997476, -0.16393617, -0.06470147,  0.01718977]
