Kp1: -2.823602768324633
Ki1: -0.010278116515618146
Kd1: -0.15468116440068422
Kp2: 0.07317150807075926
Ki2: 0.05038761204419459
Kd2: 0.0
init_obs: [-0.13649886, -0.36842066, -0.10644099,  0.00391029]
