Kp1: -3.0758041199794146
Ki1: -0.009078277772677569
Kd1: -0.14117589446370846
Kp2: 0.08242406513673992
Ki2: 0.050906379871303226
Kd2: 0.0
init_obs: [-0.35219233, -0.23235675,  0.41479256, -0.26249973]
