Kp1: -3.0645981096056047
Ki1: -0.009106410256380518
Kd1: -0.1357552929526784
Kp2: 0.0855109919485365
Ki2: 0.0544030916692084
Kd2: 0.0
init_obs: [ 0.2898261 ,  0.29425194,  0.04683601, -0.25557568]
