Kp1: -3.1394310336338602
Ki1: -0.009847712589962459
Kd1: -0.14316307419250757
Kp2: 0.08390448612017275
Ki2: 0.045621617445716765
Kd2: 0.0
init_obs: [ 0.14863169,  0.47397289, -0.35672797,  0.24970076]
