Kp1: -3.186149965849494
Ki1: -0.00991837870788741
Kd1: -0.16046468719951681
Kp2: 0.08332698262961984
Ki2: 0.046325677666019714
Kd2: 0.0
init_obs: [-0.47376582,  0.19632183,  0.42391465, -0.10510295]
