Kp1: -3.145385885370639
Ki1: -0.009329669324579182
Kd1: -0.14183818709865728
Kp2: 0.08175040682660147
Ki2: 0.047965399517029515
Kd2: 0.0
init_obs: [ 0.16632143,  0.02518411,  0.05512568, -0.49637038]
