Kp1: -2.990630421250144
Ki1: -0.00976386436139569
Kd1: -0.14455852435534233
Kp2: 0.08610819170767707
Ki2: 0.050076256712572625
Kd2: 0.0
init_obs: [-1.82559016e-01,  4.89262559e-01, -4.00546995e-04, -2.67716577e-01]
