Kp1: -3.0609701492167423
Ki1: -0.009449282662201193
Kd1: -0.14104762681883745
Kp2: 0.08344103431992983
Ki2: 0.04879661152959897
Kd2: 0.0
init_obs: [ 0.22460568, -0.00844017, -0.11778147,  0.38621892]
