Kp1: -3.1489731810146018
Ki1: -0.009666760752592674
Kd1: -0.1555828564481233
Kp2: 0.07496131675476429
Ki2: 0.05463639597099419
Kd2: 0.0
init_obs: [ 0.25505699,  0.27496756, -0.38178878, -0.47017083]
