Kp1: -2.9122688604293847
Ki1: -0.009231480805285087
Kd1: -0.1534088374815718
Kp2: 0.07830187269592323
Ki2: 0.047894693801216026
Kd2: 0.0
init_obs: [-0.02105999,  0.07692073, -0.27494839,  0.13962927]
