Kp1: -3.188205855510371
Ki1: -0.010722770868374835
Kd1: -0.13533436862311796
Kp2: 0.08556330156187292
Ki2: 0.05342567979748676
Kd2: 0.0
init_obs: [ 0.04912072, -0.14283524,  0.34140656,  0.42637263]
