Kp1: -3.1865907606021393
Ki1: -0.009180167872755544
Kd1: -0.15728531801529688
Kp2: 0.08535746108926945
Ki2: 0.04700403597625865
Kd2: 0.0
init_obs: [ 0.38799502,  0.37964801, -0.41323155,  0.17173794]
