Kp1: -3.0173646238320107
Ki1: -0.010251732980377973
Kd1: -0.1638496283439688
Kp2: 0.07888747511658674
Ki2: 0.045066123410441083
Kd2: 0.0
init_obs: [ 0.49712434, -0.40474339,  0.15609294, -0.21710545]
