Kp1: -2.922999751880781
Ki1: -0.009313168005349584
Kd1: -0.14182757866093823
Kp2: 0.07652804585806677
Ki2: 0.04854631139056368
Kd2: 0.0
init_obs: [-0.48680232, -0.38111207, -0.03316457,  0.27855948]
