Kp1: -3.230751990612994
Ki1: -0.010378369418454802
Kd1: -0.13652712965996763
Kp2: 0.07557623967748678
Ki2: 0.04705034505172883
Kd2: 0.0
init_obs: [-0.48182384,  0.33510767,  0.40918265,  0.28656215]
