Kp1: -3.2482374003927954
Ki1: -0.01097438537607989
Kd1: -0.1642111286090512
Kp2: 0.07448024164760844
Ki2: 0.04873299431809151
Kd2: 0.0
init_obs: [ 0.38659639, -0.31462663,  0.39493462, -0.40861835]
