Kp1: -2.7140755743101233
Ki1: -0.010352522709678649
Kd1: -0.15560493265572645
Kp2: 0.08222953138708292
Ki2: 0.05000597916901254
Kd2: 0.0
init_obs: [ 0.17970639,  0.25054599, -0.36268891,  0.29474801]
