Kp1: -2.781789416796697
Ki1: -0.009585871040598095
Kd1: -0.16493164187376005
Kp2: 0.07467193543164631
Ki2: 0.047610333022889674
Kd2: 0.0
init_obs: [-0.36123254,  0.04491243,  0.39183888, -0.05695889]
