Kp1: -3.0330032226025705
Ki1: -0.00988156492321094
Kd1: -0.1528964414963514
Kp2: 0.0758721043227625
Ki2: 0.04905469071846398
Kd2: 0.0
init_obs: [-0.15708521, -0.28585639, -0.32934738, -0.26266206]
