Kp1: -2.9875457963683254
Ki1: -0.010579999506043863
Kd1: -0.15867304179258598
Kp2: 0.07732900646674215
Ki2: 0.050203520071110466
Kd2: 0.0
init_obs: [-0.2547123 , -0.04990162, -0.21635945, -0.02303763]
