Kp1: -3.2203096610225606
Ki1: -0.009318601729473627
Kd1: -0.15629445430284264
Kp2: 0.07724654040721916
Ki2: 0.05175898651333956
Kd2: 0.0
init_obs: [-0.28713946,  0.06746079, -0.42370869,  0.00212506]
