Kp1: -3.274380103530767
Ki1: -0.009899451457873649
Kd1: -0.13773158689256795
Kp2: 0.08181515526412265
Ki2: 0.050886658566134196
Kd2: 0.0
init_obs: [ 0.02407828, -0.12218589, -0.00806615, -0.20595754]
