Kp1: -3.0068116949310477
Ki1: -0.009189706231256554
Kd1: -0.14762877409617597
Kp2: 0.08174743564726568
Ki2: 0.051727464834074324
Kd2: 0.0
init_obs: [ 0.0768444 , -0.49048205,  0.39162344, -0.05463039]
