Kp1: -2.7057116645410537
Ki1: -0.010572625564580905
Kd1: -0.1425906965040635
Kp2: 0.0727486829323155
Ki2: 0.05292709925131159
Kd2: 0.0
init_obs: [-0.1729806 ,  0.0278051 , -0.09171616,  0.22568749]
