Kp1: -2.7643618408476054
Ki1: -0.00962564606566005
Kd1: -0.1500183174577683
Kp2: 0.0809629231575413
Ki2: 0.04814751263514262
Kd2: 0.0
init_obs: [ 0.30294378,  0.26948184,  0.17023965, -0.14411221]
