Kp1: -3.167126078324901
Ki1: -0.009573833392770754
Kd1: -0.14429887070118727
Kp2: 0.08048835914526985
Ki2: 0.04862180367087851
Kd2: 0.0
init_obs: [ 0.40588118,  0.33207374, -0.48522128, -0.02516839]
