Kp1: -3.1913821065015764
Ki1: -0.009357466312953304
Kd1: -0.14650809727614228
Kp2: 0.07925241801398474
Ki2: 0.05262881530026493
Kd2: 0.0
init_obs: [ 0.45351356,  0.01498991, -0.07130435,  0.3437767 ]
