Kp1: -3.1160145811413242
Ki1: -0.009380612332602054
Kd1: -0.14325847260122507
Kp2: 0.08754733154422509
Ki2: 0.048355743840648335
Kd2: 0.0
init_obs: [ 0.15208185, -0.35966755,  0.14716441,  0.44521847]
