Kp1: -2.9905697622648177
Ki1: -0.009765708039694098
Kd1: -0.15360404372807487
Kp2: 0.08346692329836014
Ki2: 0.05402083218363829
Kd2: 0.0
init_obs: [-0.1811778 , -0.25595929, -0.38867363,  0.1534372 ]
