Kp1: -2.943363447488442
Ki1: -0.009957757790715362
Kd1: -0.13562789078613177
Kp2: 0.0835228388943272
Ki2: 0.046964769083451124
Kd2: 0.0
init_obs: [-0.38341283,  0.03702994, -0.38320689,  0.13410067]
