Kp1: -2.82007790952442
Ki1: -0.01041540147788558
Kd1: -0.15209211101057674
Kp2: 0.07459145508341183
Ki2: 0.048088037237030444
Kd2: 0.0
init_obs: [ 0.42038712,  0.05911511, -0.20796611,  0.24262156]
