Kp1: -2.993192562262016
Ki1: -0.010926603362255469
Kd1: -0.1367845575153738
Kp2: 0.0864576867951369
Ki2: 0.04995515082170049
Kd2: 0.0
init_obs: [-0.3724897 , -0.05190137,  0.10503276,  0.29240121]
