Kp1: -2.8020795840979265
Ki1: -0.01014851854589935
Kd1: -0.14466655131799583
Kp2: 0.07973629447986745
Ki2: 0.054069053314619836
Kd2: 0.0
init_obs: [-0.40718306, -0.48814297,  0.42330278, -0.18361038]
