Kp1: -2.709124515837005
Ki1: -0.009979411822554258
Kd1: -0.15545494733342838
Kp2: 0.08263664163492125
Ki2: 0.052188485609804706
Kd2: 0.0
init_obs: [ 0.03097972,  0.05135854, -0.30893844,  0.29417181]
