Kp1: -3.033396616367523
Ki1: -0.010940661866253308
Kd1: -0.14139310429174987
Kp2: 0.08563658569997154
Ki2: 0.05146292870238002
Kd2: 0.0
init_obs: [-0.31637878, -0.28963945, -0.37783054,  0.04652349]
