Kp1: -2.7344970079721493
Ki1: -0.010327780395666961
Kd1: -0.13658006691610047
Kp2: 0.07205107864176516
Ki2: 0.04835221215041664
Kd2: 0.0
init_obs: [ 0.36790153,  0.39844851, -0.19446746,  0.24744406]
