Kp1: -3.0143405749077985
Ki1: -0.009015744733998628
Kd1: -0.1546879750499178
Kp2: 0.07281136469185508
Ki2: 0.04976748277113505
Kd2: 0.0
init_obs: [-0.42133429,  0.20940441,  0.08114355, -0.09392991]
