Kp1: -2.978313992676055
Ki1: -0.009113326909342419
Kd1: -0.1488751849337914
Kp2: 0.07685417430584746
Ki2: 0.04874549517441501
Kd2: 0.0
init_obs: [-0.43084065, -0.30154815,  0.28447573,  0.22610508]
