Kp1: -2.8755329720694762
Ki1: -0.00924511845717579
Kd1: -0.14070336314320667
Kp2: 0.07598765985832767
Ki2: 0.04978591413417216
Kd2: 0.0
init_obs: [-0.12943211, -0.19592952,  0.16462568,  0.02093057]
