Kp1: -3.0612500718863203
Ki1: -0.01085583828211968
Kd1: -0.13564557323586632
Kp2: 0.07466986347831296
Ki2: 0.050540868463432156
Kd2: 0.0
init_obs: [-0.3136796 , -0.06629559, -0.35578451,  0.49726388]
