Kp1: -3.1118989054651363
Ki1: -0.0099969993931262
Kd1: -0.15778547165032678
Kp2: 0.08279345238075295
Ki2: 0.054771466823178794
Kd2: 0.0
init_obs: [-0.48183437,  0.00644376, -0.15103728,  0.35208635]
