Kp1: -3.0249073900889494
Ki1: -0.010744062074964107
Kd1: -0.15155331835423205
Kp2: 0.07962720516961837
Ki2: 0.050157267251452135
Kd2: 0.0
init_obs: [-0.27202302, -0.31213662,  0.19570399,  0.42265407]
