Kp1: -2.7095678276688813
Ki1: -0.009561805208543887
Kd1: -0.16184192424206545
Kp2: 0.0836171812650898
Ki2: 0.054323973467299815
Kd2: 0.0
init_obs: [-0.37919935,  0.16582466, -0.04307937, -0.36454012]
