Kp1: -3.2061722360374985
Ki1: -0.010224188873843403
Kd1: -0.15773538612642493
Kp2: 0.07275789604568556
Ki2: 0.05220648778275593
Kd2: 0.0
init_obs: [-0.07263237,  0.25055828,  0.10652653, -0.49581823]
