Kp1: -3.221111769404037
Ki1: -0.010936453570095699
Kd1: -0.16152436555810842
Kp2: 0.08464448324431269
Ki2: 0.052319389672337374
Kd2: 0.0
init_obs: [-0.00441294, -0.43478329,  0.34414989,  0.32726009]
