Kp1: -3.214026103727795
Ki1: -0.009941186358557792
Kd1: -0.1438617665628024
Kp2: 0.07280532165011082
Ki2: 0.04952151569200645
Kd2: 0.0
init_obs: [ 0.40052589,  0.18646833, -0.35693325, -0.47619518]
