Kp1: -2.815509363173047
Ki1: -0.009769426918947284
Kd1: -0.14490645770579497
Kp2: 0.08151821733243883
Ki2: 0.04671481688420967
Kd2: 0.0
init_obs: [-0.32169391,  0.23967915, -0.41233871, -0.06429947]
