Kp1: -2.860903673847238
Ki1: -0.010491891825529858
Kd1: -0.13656078776800165
Kp2: 0.08290441993173857
Ki2: 0.04666617374017965
Kd2: 0.0
init_obs: [0.44526849, 0.1720079 , 0.00929788, 0.01688047]
