Kp1: -3.100213787154157
Ki1: -0.00941528773621348
Kd1: -0.1540786959255588
Kp2: 0.07293983490901347
Ki2: 0.049130648806626105
Kd2: 0.0
init_obs: [-0.37431994, -0.49513565, -0.02831894,  0.18019461]
