Kp1: -2.8065616288988977
Ki1: -0.010236263609997265
Kd1: -0.14466763304246788
Kp2: 0.08042354162336483
Ki2: 0.04808659980220817
Kd2: 0.0
init_obs: [ 0.32056714,  0.33774539, -0.14620645,  0.28387867]
