Kp1: -3.2534505232676594
Ki1: -0.01070800524421911
Kd1: -0.16162886028303527
Kp2: 0.07616754097005268
Ki2: 0.04653231901148099
Kd2: 0.0
init_obs: [-0.10272697,  0.01571058, -0.26711678, -0.28823987]
