Kp1: -2.7522661587947974
Ki1: -0.009581964858734849
Kd1: -0.14759766678521158
Kp2: 0.07322457098928388
Ki2: 0.0536898612856511
Kd2: 0.0
init_obs: [ 0.46491218, -0.11809439,  0.4364207 , -0.48645698]
