Kp1: -2.916891374220737
Ki1: -0.00953191191777123
Kd1: -0.13600840267499906
Kp2: 0.08281188443025826
Ki2: 0.05233638883576119
Kd2: 0.0
init_obs: [0.08095696, 0.14531193, 0.08117656, 0.14435657]
