Kp1: -3.0073018576250528
Ki1: -0.01055751842449143
Kd1: -0.14655414956529392
Kp2: 0.08372081740227164
Ki2: 0.051706163671198485
Kd2: 0.0
init_obs: [ 0.17584563,  0.02631921,  0.22261993, -0.07684442]
