Kp1: -3.151651554181182
Ki1: -0.01067334792050433
Kd1: -0.15565918520255465
Kp2: 0.07561355888218971
Ki2: 0.04977297146625619
Kd2: 0.0
init_obs: [-0.1819563 ,  0.02644251,  0.33737016,  0.31759826]
