Kp1: -3.290618656575005
Ki1: -0.010310911475522112
Kd1: -0.15987418395821978
Kp2: 0.08589389155870596
Ki2: 0.052231994361003856
Kd2: 0.0
init_obs: [-0.42260881,  0.2474889 , -0.44600427, -0.022622  ]
