Kp1: -2.787829651463723
Ki1: -0.010406650254767832
Kd1: -0.1645170964812409
Kp2: 0.0722972901223776
Ki2: 0.04974052468410378
Kd2: 0.0
init_obs: [-0.44276249,  0.02437137,  0.06366439, -0.02405342]
