Kp1: -2.8574275168821486
Ki1: -0.009856849788232263
Kd1: -0.1553980418219644
Kp2: 0.08642516392133807
Ki2: 0.05334105018563996
Kd2: 0.0
init_obs: [-0.15331047, -0.48707361, -0.10164653, -0.00731809]
