Kp1: -3.0319074879667745
Ki1: -0.010506170958616213
Kd1: -0.13870386871531035
Kp2: 0.07896196464528728
Ki2: 0.052494619434695015
Kd2: 0.0
init_obs: [ 0.19366152, -0.48740552,  0.29935046,  0.40722748]
