Kp1: -2.8660655336953975
Ki1: -0.009821555494229407
Kd1: -0.14907254721330784
Kp2: 0.07642232966525668
Ki2: 0.045281244250359766
Kd2: 0.0
init_obs: [-0.42957024,  0.38056687,  0.12543123,  0.14699909]
