Kp1: -3.0900079345835976
Ki1: -0.010720927670203304
Kd1: -0.1511217929580508
Kp2: 0.0798218416146107
Ki2: 0.04744170692602225
Kd2: 0.0
init_obs: [ 0.17363914,  0.37644685,  0.17009942, -0.05337943]
