Kp1: -3.074102032046305
Ki1: -0.01012996421822268
Kd1: -0.1428881251525187
Kp2: 0.07334830154242226
Ki2: 0.0462791037162419
Kd2: 0.0
init_obs: [ 0.14018101, -0.32801856, -0.15768436,  0.31090993]
