Kp1: -3.2846640232813904
Ki1: -0.009000484878403325
Kd1: -0.15008607874200397
Kp2: 0.07706059202681695
Ki2: 0.053761104205856704
Kd2: 0.0
init_obs: [-0.08203194,  0.04348681,  0.03105408,  0.38417475]
