Kp1: -3.268147296283793
Ki1: -0.009205335284525828
Kd1: -0.1567889606739056
Kp2: 0.07905968410849488
Ki2: 0.05324046390875858
Kd2: 0.0
init_obs: [ 0.10793365,  0.22932878, -0.40945649, -0.09660366]
