Kp1: -2.701247794550082
Ki1: -0.009012708646687722
Kd1: -0.16125479101225515
Kp2: 0.08370440860681494
Ki2: 0.05497491186375365
Kd2: 0.0
init_obs: [-0.48604739,  0.02167901, -0.09528111, -0.17913664]
