Kp1: -2.802023277772032
Ki1: -0.010014860897374706
Kd1: -0.14942703361341395
Kp2: 0.08111096048665291
Ki2: 0.046126173152647214
Kd2: 0.0
init_obs: [ 0.04209962, -0.3410248 ,  0.36052247, -0.42494702]
