Kp1: -3.273822601744936
Ki1: -0.009868354212605478
Kd1: -0.14201797225953922
Kp2: 0.07614610507300477
Ki2: 0.0453149260111812
Kd2: 0.0
init_obs: [-0.13954097,  0.08773557,  0.45218914,  0.25183229]
