Kp1: -2.802533494952627
Ki1: -0.009289546316064922
Kd1: -0.15664175600554134
Kp2: 0.07863108312418667
Ki2: 0.05474018845565657
Kd2: 0.0
init_obs: [-0.01318148,  0.27286494, -0.34626708,  0.38233302]
