Kp1: -2.9077050905385997
Ki1: -0.00931307408729692
Kd1: -0.13534549366380913
Kp2: 0.0786464645497668
Ki2: 0.05343305885813056
Kd2: 0.0
init_obs: [-0.3376329 , -0.24670546, -0.23445065, -0.1864007 ]
