Kp1: -2.9957850733063296
Ki1: -0.009034629313177231
Kd1: -0.14349588052667148
Kp2: 0.0760773388251352
Ki2: 0.049027271641894264
Kd2: 0.0
init_obs: [ 0.23546676,  0.24141846,  0.49119475, -0.19585335]
