Kp1: -3.16082262942514
Ki1: -0.0101956254170452
Kd1: -0.1455172512719568
Kp2: 0.08666947280068421
Ki2: 0.046622874413406644
Kd2: 0.0
init_obs: [ 0.42439869, -0.08506884,  0.06986905,  0.08672056]
