Kp1: -3.0843925973713517
Ki1: -0.009871663702445195
Kd1: -0.14108332891340114
Kp2: 0.0743421561514664
Ki2: 0.049761392777443576
Kd2: 0.0
init_obs: [-0.32046586,  0.31465432,  0.01606946,  0.23407074]
