Kp1: -3.0096245387414737
Ki1: -0.00969748206719012
Kd1: -0.15030090523458028
Kp2: 0.08082951874141149
Ki2: 0.045433839415778415
Kd2: 0.0
init_obs: [ 0.42611121,  0.13573821,  0.16972238, -0.33174669]
