Kp1: -3.2976806720269503
Ki1: -0.009197101663004035
Kd1: -0.1504374313878787
Kp2: 0.07494112033873265
Ki2: 0.04940567170212489
Kd2: 0.0
init_obs: [-0.36436302,  0.00585527,  0.04502585,  0.40268077]
