Kp1: -3.020615422481818
Ki1: -0.010526147804808967
Kd1: -0.1420654201986458
Kp2: 0.0727500909025347
Ki2: 0.04796526748696001
Kd2: 0.0
init_obs: [ 0.17640606,  0.33793649, -0.19765752,  0.009406  ]
