Kp1: -3.2391336249523324
Ki1: -0.00907998214284535
Kd1: -0.16093770007682115
Kp2: 0.08714658048708637
Ki2: 0.045580735249476145
Kd2: 0.0
init_obs: [-0.48335046, -0.44634472, -0.00472648, -0.33337091]
