Kp1: -3.1146728181038945
Ki1: -0.009296284472229662
Kd1: -0.15841232048960746
Kp2: 0.07664985509050892
Ki2: 0.051369269475902084
Kd2: 0.0
init_obs: [-0.43632817,  0.3218933 ,  0.31455532, -0.0232154 ]
