Kp1: -3.0137123130851693
Ki1: -0.009911133169848315
Kd1: -0.1390544468168457
Kp2: 0.08408056396168552
Ki2: 0.05343537233901516
Kd2: 0.0
init_obs: [ 0.05409387, -0.13464607,  0.28892319,  0.19469907]
