Kp1: -3.1497779183529846
Ki1: -0.009959557746917964
Kd1: -0.13683434815171103
Kp2: 0.07539996603895795
Ki2: 0.05079186682138584
Kd2: 0.0
init_obs: [ 0.39674222, -0.20557285,  0.0345211 ,  0.28495526]
