Kp1: -3.2014650977408
Ki1: -0.010877546761428238
Kd1: -0.1628164858099255
Kp2: 0.08002836062334852
Ki2: 0.046836424365002745
Kd2: 0.0
init_obs: [ 0.16477407, -0.38707497, -0.00326221,  0.0582074 ]
