Kp1: -3.1927292205206905
Ki1: -0.010500170066151391
Kd1: -0.16216200358295513
Kp2: 0.0726978915209368
Ki2: 0.052541236695004156
Kd2: 0.0
init_obs: [-0.34210347,  0.02213332, -0.11581276,  0.06658414]
