Kp1: -3.026813108992047
Ki1: -0.010155939989574104
Kd1: -0.15567112352380372
Kp2: 0.07411543383260512
Ki2: 0.04774934682621045
Kd2: 0.0
init_obs: [ 0.43864413, -0.21162756,  0.03469484, -0.01003481]
