Kp1: -2.9797492009410123
Ki1: -0.009957183779632622
Kd1: -0.14134753384262636
Kp2: 0.0854814445013431
Ki2: 0.04507940540967736
Kd2: 0.0
init_obs: [-0.1046746 , -0.4391243 , -0.38106758,  0.23467071]
