Kp1: -3.223114860882722
Ki1: -0.009829328836796937
Kd1: -0.1434980134927891
Kp2: 0.08054579793157923
Ki2: 0.051779153729433716
Kd2: 0.0
init_obs: [0.38291138, 0.43768367, 0.28258451, 0.19736265]
