Kp1: -2.735961610216177
Ki1: -0.00901738806124128
Kd1: -0.14281205415308668
Kp2: 0.07997751019856024
Ki2: 0.04685745146624038
Kd2: 0.0
init_obs: [ 0.34783623,  0.37880769,  0.12228876, -0.17370173]
