Kp1: -2.8812496355643926
Ki1: -0.010165487348957428
Kd1: -0.1411073730851987
Kp2: 0.08555303682903567
Ki2: 0.048233438383318256
Kd2: 0.0
init_obs: [-0.09078276,  0.10785926,  0.23503285,  0.06037704]
