Kp1: -3.1796194167415774
Ki1: -0.00988975359647868
Kd1: -0.14860007360937255
Kp2: 0.07925580900434354
Ki2: 0.04989468818527963
Kd2: 0.0
init_obs: [ 0.36938767, -0.34345872,  0.37437942, -0.23368198]
