Kp1: -2.9457642445416954
Ki1: -0.010533252747978193
Kd1: -0.15382900833776908
Kp2: 0.0866556517543685
Ki2: 0.05119668055564765
Kd2: 0.0
init_obs: [ 0.20690197, -0.35527232,  0.11367017, -0.39764707]
