Kp1: -3.250055588197479
Ki1: -0.009639196436262482
Kd1: -0.15882053028789342
Kp2: 0.08666741514528396
Ki2: 0.05497212788710801
Kd2: 0.0
init_obs: [-0.36154537,  0.08728047,  0.34214045, -0.24186394]
