Kp1: -3.121988664568039
Ki1: -0.01017732318813523
Kd1: -0.15602518835445234
Kp2: 0.07323031144301843
Ki2: 0.0493699086870949
Kd2: 0.0
init_obs: [ 0.00896753,  0.44306839, -0.24717168,  0.46093443]
