Kp1: -2.9001736123035076
Ki1: -0.009161656756957529
Kd1: -0.13862901676784486
Kp2: 0.0774463383178035
Ki2: 0.0543520874081693
Kd2: 0.0
init_obs: [-0.29444795, -0.14573084,  0.22395492,  0.12448894]
