Kp1: -2.7972870574075666
Ki1: -0.009070437678877406
Kd1: -0.15536871937445548
Kp2: 0.08711710100471842
Ki2: 0.054520566232364814
Kd2: 0.0
init_obs: [-0.06837233,  0.00701463,  0.18212244,  0.03303654]
