Kp1: -3.2509950530037974
Ki1: -0.01018766772542886
Kd1: -0.13548190272497593
Kp2: 0.0803715638618714
Ki2: 0.04546536782804997
Kd2: 0.0
init_obs: [-0.40824784, -0.32658379,  0.30442132, -0.40780193]
