Kp1: -2.7876073855963717
Ki1: -0.010228154332759112
Kd1: -0.16064906430197987
Kp2: 0.07549421818884267
Ki2: 0.047663099163992764
Kd2: 0.0
init_obs: [-0.10428926,  0.00127872, -0.26669147, -0.21654372]
