Kp1: -2.933437748278814
Ki1: -0.010981159793829187
Kd1: -0.1634616065934584
Kp2: 0.07984555630124791
Ki2: 0.050674584939863904
Kd2: 0.0
init_obs: [-0.43971981,  0.02497371,  0.19295693, -0.19458373]
