Kp1: -2.9110020283477067
Ki1: -0.010868577299343552
Kd1: -0.16044159382882567
Kp2: 0.08589536983231326
Ki2: 0.05466131290278651
Kd2: 0.0
init_obs: [0.49395823, 0.32770536, 0.16092685, 0.05139531]
