Kp1: -3.136146270571202
Ki1: -0.009642415280893523
Kd1: -0.1482259594791976
Kp2: 0.07912828344039671
Ki2: 0.05060314296322996
Kd2: 0.0
init_obs: [ 0.38870819, -0.48422226,  0.39831429,  0.10059868]
