Kp1: -3.2860261018400765
Ki1: -0.010394672548798087
Kd1: -0.15683705552126337
Kp2: 0.07898158699763605
Ki2: 0.051663817814330354
Kd2: 0.0
init_obs: [ 0.17178351, -0.04736036, -0.21235304,  0.09678245]
