Kp1: -3.1295045727701565
Ki1: -0.009997324220691432
Kd1: -0.14115640631565113
Kp2: 0.07882352142521229
Ki2: 0.048928520412380896
Kd2: 0.0
init_obs: [ 0.30903718, -0.13973769,  0.35966971,  0.26369828]
