Kp1: -2.7730203612893916
Ki1: -0.009791433498634455
Kd1: -0.13566963084851144
Kp2: 0.0847837082437078
Ki2: 0.05074913899180386
Kd2: 0.0
init_obs: [-0.0929149 , -0.46990042,  0.03610536, -0.29730965]
