Kp1: -2.9410353660019184
Ki1: -0.010247237644053107
Kd1: -0.15706231890935782
Kp2: 0.07925681173354673
Ki2: 0.054779600697229806
Kd2: 0.0
init_obs: [0.13781885, 0.1570926 , 0.27164224, 0.06834643]
