Kp1: -3.2925282331246652
Ki1: -0.010200709654843036
Kd1: -0.15187821752043143
Kp2: 0.07811918172918596
Ki2: 0.04713671072932063
Kd2: 0.0
init_obs: [ 0.45918328, -0.28753079,  0.30632446,  0.35303445]
