Kp1: -3.2124329646682606
Ki1: -0.009775375835405511
Kd1: -0.15355474018864865
Kp2: 0.07979685452580734
Ki2: 0.05281145425238879
Kd2: 0.0
init_obs: [ 0.30320943, -0.3881597 ,  0.28441186, -0.35063946]
