Kp1: -2.8832967013542143
Ki1: -0.010704231422023367
Kd1: -0.1604630846191305
Kp2: 0.07583508905885054
Ki2: 0.05168532328642213
Kd2: 0.0
init_obs: [ 0.31664571,  0.21038954,  0.45200135, -0.27444589]
