Kp1: -3.0399374364953795
Ki1: -0.009795440809464703
Kd1: -0.15018811054828804
Kp2: 0.08093904867424469
Ki2: 0.04613034113804612
Kd2: 0.0
init_obs: [-0.14251922,  0.37143514,  0.27983164,  0.23020191]
