Kp1: -3.2473939794681317
Ki1: -0.010721581109348219
Kd1: -0.16115861122935538
Kp2: 0.08624319163939301
Ki2: 0.04745258819354491
Kd2: 0.0
init_obs: [ 0.06145853,  0.28518247, -0.4809025 ,  0.38129108]
