Kp1: -3.1357776562727757
Ki1: -0.010370453626378194
Kd1: -0.16270165495160108
Kp2: 0.08366891948662991
Ki2: 0.051021838372480435
Kd2: 0.0
init_obs: [ 0.07052917, -0.08670876, -0.37092635,  0.17519837]
