Kp1: -3.2063655895415204
Ki1: -0.0107386062378456
Kd1: -0.15161463890857996
Kp2: 0.08792559954463482
Ki2: 0.05099548112401684
Kd2: 0.0
init_obs: [-0.01031663,  0.35519781,  0.36274032,  0.25683248]
