Kp1: -2.924862464686418
Ki1: -0.01084863673766121
Kd1: -0.16407713916875608
Kp2: 0.08654998516488281
Ki2: 0.046103950220586665
Kd2: 0.0
init_obs: [ 0.0645894 ,  0.21019025, -0.40230965,  0.03836479]
