Kp1: -3.099922882312038
Ki1: -0.010794390734615468
Kd1: -0.15940593883212123
Kp2: 0.07329491662317875
Ki2: 0.052913522208974585
Kd2: 0.0
init_obs: [ 0.1984881 , -0.00257004,  0.24301167, -0.13410472]
