Kp1: -2.879102300275477
Ki1: -0.00909705643698966
Kd1: -0.1369537821181753
Kp2: 0.0766906841829929
Ki2: 0.04774350390727661
Kd2: 0.0
init_obs: [ 0.48992773, -0.25007228, -0.04846174, -0.00248672]
