Kp1: -2.7925873129885606
Ki1: -0.010338666034791824
Kd1: -0.13984523591064965
Kp2: 0.07614866941358729
Ki2: 0.048996240904467595
Kd2: 0.0
init_obs: [-0.21187524, -0.34498063, -0.13425976,  0.05882501]
