Kp1: -2.89354255948206
Ki1: -0.009379203843066309
Kd1: -0.1538907737786913
Kp2: 0.07259169407319778
Ki2: 0.046822080114474134
Kd2: 0.0
init_obs: [ 0.45548941,  0.27941693, -0.1947716 , -0.17199645]
