Kp1: -3.009466687200767
Ki1: -0.009586524440543968
Kd1: -0.1470078083868594
Kp2: 0.0870189235054669
Ki2: 0.04728850164130452
Kd2: 0.0
init_obs: [0.18764909, 0.24957491, 0.19439452, 0.46601652]
