Kp1: -3.0621207125757004
Ki1: -0.009815946822924316
Kd1: -0.13945017691596165
Kp2: 0.07253925325069234
Ki2: 0.048191971676599804
Kd2: 0.0
init_obs: [-0.35903177, -0.34197049,  0.05402816, -0.22843617]
