Kp1: -3.1464147731962675
Ki1: -0.010427426411558215
Kd1: -0.14898992429486876
Kp2: 0.07993014698654033
Ki2: 0.049650992837242905
Kd2: 0.0
init_obs: [-0.00729665, -0.32628189,  0.298601  ,  0.26527117]
