Kp1: -2.961382165909963
Ki1: -0.010651123380131465
Kd1: -0.14891985796392537
Kp2: 0.081400663709873
Ki2: 0.051817315351964224
Kd2: 0.0
init_obs: [ 0.1365359 ,  0.07477033, -0.2621167 , -0.01292727]
