Kp1: -3.192416237386882
Ki1: -0.010265713924141552
Kd1: -0.1403448120996492
Kp2: 0.0805352082015696
Ki2: 0.054362861323769385
Kd2: 0.0
init_obs: [-0.44467522,  0.40630824, -0.18416203, -0.24078429]
