Kp1: -3.2826076249806584
Ki1: -0.010078914779174015
Kd1: -0.14264755838529167
Kp2: 0.08211301705221474
Ki2: 0.04660575268818964
Kd2: 0.0
init_obs: [-0.26664721,  0.14064502,  0.47540369, -0.13427901]
