Kp1: -3.124520894477066
Ki1: -0.01041253401478481
Kd1: -0.1418758844198702
Kp2: 0.0806334633667388
Ki2: 0.05213510972133171
Kd2: 0.0
init_obs: [ 0.44788601,  0.25282413, -0.45633838,  0.38583416]
