Kp1: -3.0651563235136945
Ki1: -0.00973326725810224
Kd1: -0.15031421844342355
Kp2: 0.07566581565222098
Ki2: 0.050279330432414886
Kd2: 0.0
init_obs: [ 0.4314811 , -0.17570097,  0.34314976,  0.48855029]
