Kp1: -2.8514658229047583
Ki1: -0.010224403463148858
Kd1: -0.1482774275994143
Kp2: 0.07307664999349489
Ki2: 0.05311295973330106
Kd2: 0.0
init_obs: [ 0.34801376, -0.15654801,  0.2914594 ,  0.23486856]
