Kp1: -2.912051800522467
Ki1: -0.009757325072063915
Kd1: -0.15766308514262725
Kp2: 0.0866373130620938
Ki2: 0.053137056117130425
Kd2: 0.0
init_obs: [-0.28043501,  0.48991835, -0.02254162,  0.46246046]
