Kp1: -2.7967316997038707
Ki1: -0.009835447415861795
Kd1: -0.16011082348710248
Kp2: 0.08711158016677167
Ki2: 0.04941524451221122
Kd2: 0.0
init_obs: [ 0.49953402, -0.42893562, -0.39413019,  0.06848374]
