Kp1: -2.769797734532646
Ki1: -0.009094832338923749
Kd1: -0.1588393911825891
Kp2: 0.07777761274822241
Ki2: 0.045997260294471494
Kd2: 0.0
init_obs: [ 0.03614088,  0.43714055, -0.42947348, -0.02917442]
