Kp1: -3.254711320394227
Ki1: -0.009860936303808281
Kd1: -0.15722016478571124
Kp2: 0.08282470519059318
Ki2: 0.05135106345656518
Kd2: 0.0
init_obs: [ 0.45293422,  0.0164446 ,  0.10419102, -0.28850327]
