Kp1: -3.1189333035346065
Ki1: -0.01033344111359222
Kd1: -0.1421114990471079
Kp2: 0.07792738430022912
Ki2: 0.05141568710610046
Kd2: 0.0
init_obs: [ 0.12045078, -0.1681086 , -0.00722959,  0.05936051]
