Kp1: -3.2672218311704224
Ki1: -0.010258499577938436
Kd1: -0.1555385049355638
Kp2: 0.07577809041603342
Ki2: 0.045810689808955085
Kd2: 0.0
init_obs: [-0.43999984,  0.35294183,  0.32274975, -0.30330902]
