Kp1: -3.1406681388898963
Ki1: -0.009442749464842269
Kd1: -0.15080206209024674
Kp2: 0.07544059005283954
Ki2: 0.049563204006205834
Kd2: 0.0
init_obs: [-0.49637596, -0.08334536,  0.25656972, -0.07158289]
