Kp1: -2.9900152561049227
Ki1: -0.009522642793904433
Kd1: -0.14599281540502052
Kp2: 0.08333841627551988
Ki2: 0.05002047986859096
Kd2: 0.0
init_obs: [ 0.38079787, -0.09264335,  0.12073604,  0.34624782]
