Kp1: -3.259146346072323
Ki1: -0.009476004305621068
Kd1: -0.13603287861891042
Kp2: 0.07777456750836477
Ki2: 0.049567636827581064
Kd2: 0.0
init_obs: [-0.09000977, -0.44972026,  0.4231635 , -0.46108421]
