Kp1: -3.146973566847786
Ki1: -0.010502123747156976
Kd1: -0.14168789640657145
Kp2: 0.08719233892020746
Ki2: 0.05202732412870991
Kd2: 0.0
init_obs: [-0.22588012, -0.07357599,  0.32486918, -0.38649095]
