Kp1: -2.7413230349031847
Ki1: -0.009899254995514058
Kd1: -0.14876300343300902
Kp2: 0.08394226019874818
Ki2: 0.047477932808140035
Kd2: 0.0
init_obs: [ 0.31161511,  0.29163486, -0.38530563,  0.34148247]
