Kp1: -2.8896642001155466
Ki1: -0.009911660309651498
Kd1: -0.13888009529281262
Kp2: 0.08614056709854502
Ki2: 0.051536429996914504
Kd2: 0.0
init_obs: [ 0.35364468, -0.32903047, -0.39530087,  0.3387234 ]
