Kp1: -2.7019702211123082
Ki1: -0.009402639072952627
Kd1: -0.15174676247906682
Kp2: 0.07748579195859738
Ki2: 0.04642910587415884
Kd2: 0.0
init_obs: [-0.12109516,  0.23102788,  0.06227406, -0.14832741]
