Kp1: -3.0099589773232487
Ki1: -0.01077482793767654
Kd1: -0.1353310779203689
Kp2: 0.08526279890620492
Ki2: 0.05139777111478342
Kd2: 0.0
init_obs: [-0.3561952 , -0.16365054,  0.49808176,  0.35028831]
