Kp1: -3.226611070207258
Ki1: -0.009735204259462752
Kd1: -0.15647455029926116
Kp2: 0.08632550114570352
Ki2: 0.05038294125716818
Kd2: 0.0
init_obs: [-0.25615671,  0.28744989,  0.49682158, -0.18686907]
