Kp1: -2.949668501135151
Ki1: -0.009621915856977395
Kd1: -0.1642368056960682
Kp2: 0.08015184018003967
Ki2: 0.05159688714546104
Kd2: 0.0
init_obs: [-0.36934896, -0.32367019,  0.15757886, -0.13647676]
