Kp1: -3.1888370556536367
Ki1: -0.009452242455618555
Kd1: -0.1586924542375378
Kp2: 0.07770022336420888
Ki2: 0.05206780069019717
Kd2: 0.0
init_obs: [ 0.14884644,  0.02805176,  0.1190233 , -0.32941749]
