Kp1: -2.8492611559289487
Ki1: -0.00993308654235954
Kd1: -0.14056587627366965
Kp2: 0.0854338275497508
Ki2: 0.0523402845933454
Kd2: 0.0
init_obs: [ 0.40219011, -0.3122923 , -0.07823627,  0.3031768 ]
