Kp1: -2.781499850101545
Ki1: -0.009049720313110035
Kd1: -0.1645590684351725
Kp2: 0.08424678347976977
Ki2: 0.054344797620106536
Kd2: 0.0
init_obs: [ 0.36451939, -0.11427997, -0.15055126,  0.40887566]
