Kp1: -3.025423847363196
Ki1: -0.010510323029762281
Kd1: -0.16175833867459696
Kp2: 0.07946946629732217
Ki2: 0.04596998431775441
Kd2: 0.0
init_obs: [-0.45394017, -0.47433087,  0.2233571 ,  0.29945092]
