Kp1: -3.192165881215079
Ki1: -0.009949284807396586
Kd1: -0.13885347911994012
Kp2: 0.08037779181875995
Ki2: 0.046178038613628875
Kd2: 0.0
init_obs: [0.253117  , 0.31449424, 0.01713854, 0.36043322]
