Kp1: -2.90046257181204
Ki1: -0.010037373719143244
Kd1: -0.14769482372787845
Kp2: 0.0820787358281982
Ki2: 0.04979529566911576
Kd2: 0.0
init_obs: [ 0.37418522, -0.48935308, -0.36185976,  0.474129  ]
