Kp1: -2.805938675104946
Ki1: -0.009241220151568055
Kd1: -0.1604945067375418
Kp2: 0.07525897243108438
Ki2: 0.05069860424638635
Kd2: 0.0
init_obs: [-0.08492641, -0.32404925, -0.36869177,  0.00074858]
