Kp1: -3.1313572921504567
Ki1: -0.010406572348263927
Kd1: -0.1541537531282126
Kp2: 0.07830470668330254
Ki2: 0.052412316561486386
Kd2: 0.0
init_obs: [ 0.0166387 , -0.39092453, -0.32883912, -0.11216095]
