Kp1: -3.1294044438430877
Ki1: -0.010829975266229395
Kd1: -0.16196927516636941
Kp2: 0.0807858458643232
Ki2: 0.0468600332134495
Kd2: 0.0
init_obs: [-0.29356688,  0.47544294, -0.42021696, -0.02625787]
