Kp1: -2.8541945152013106
Ki1: -0.009361300934955293
Kd1: -0.14885467714904113
Kp2: 0.07408811698977041
Ki2: 0.046529478303758934
Kd2: 0.0
init_obs: [0.21338348, 0.20189196, 0.17214639, 0.07390561]
