Kp1: -2.9038831176260707
Ki1: -0.010703723645340538
Kd1: -0.15177752888600451
Kp2: 0.07576385762600744
Ki2: 0.04692632447707486
Kd2: 0.0
init_obs: [ 0.44587084, -0.22510669, -0.06992639,  0.08921552]
