Kp1: -2.8986030074383415
Ki1: -0.009159271243906584
Kd1: -0.15648600500382537
Kp2: 0.07616414331475284
Ki2: 0.05434995503040705
Kd2: 0.0
init_obs: [ 0.05758744, -0.38427401, -0.20954513,  0.25368268]
