Kp1: -2.80482652236522
Ki1: -0.010854062887044134
Kd1: -0.14946449154479058
Kp2: 0.07698739198633005
Ki2: 0.04544044362402577
Kd2: 0.0
init_obs: [ 0.34349765, -0.4442669 , -0.01982843, -0.15733587]
