Kp1: -3.0909277528922168
Ki1: -0.009738127463917973
Kd1: -0.14037414929301748
Kp2: 0.07676205680556379
Ki2: 0.04759433928794085
Kd2: 0.0
init_obs: [0.22302252, 0.28889898, 0.11526461, 0.43005201]
