Kp1: -3.0282082374626635
Ki1: -0.009712277802620304
Kd1: -0.15528440561537651
Kp2: 0.0792043306467931
Ki2: 0.04962721192633601
Kd2: 0.0
init_obs: [-0.32879792, -0.03014206, -0.3768862 ,  0.3585278 ]
