Kp1: -2.963888213043795
Ki1: -0.010639180057811393
Kd1: -0.1550700597730815
Kp2: 0.0744494266123888
Ki2: 0.049685554361727335
Kd2: 0.0
init_obs: [ 0.34390493, -0.16849717,  0.10193063,  0.23911674]
