Kp1: -2.778698061709895
Ki1: -0.009519197604650111
Kd1: -0.15931011014057364
Kp2: 0.07466036233210809
Ki2: 0.05045680698860255
Kd2: 0.0
init_obs: [ 0.14957769, -0.06490526, -0.27634048,  0.04070484]
