Kp1: -2.848450330043778
Ki1: -0.010186916357758117
Kd1: -0.1487291138471307
Kp2: 0.0810091794767334
Ki2: 0.05003718690598659
Kd2: 0.0
init_obs: [ 0.36777174, -0.31723047,  0.27051046,  0.45762641]
