Kp1: -2.99262639476773
Ki1: -0.009805408703432864
Kd1: -0.15279214113509906
Kp2: 0.07984783392354178
Ki2: 0.04681299698904867
Kd2: 0.0
init_obs: [-0.02754402, -0.02400902, -0.06817005,  0.38174167]
