Kp1: -2.928621629241981
Ki1: -0.010385698995385812
Kd1: -0.15611082485148461
Kp2: 0.086222613335076
Ki2: 0.05320514458736578
Kd2: 0.0
init_obs: [ 0.44538825, -0.24083977, -0.18637348,  0.02810859]
