Kp1: -2.799561712441699
Ki1: -0.010238262801761799
Kd1: -0.1364729257869632
Kp2: 0.07557266897714061
Ki2: 0.04832808382200196
Kd2: 0.0
init_obs: [-0.03826252,  0.43457728,  0.42778239,  0.15537753]
