Kp1: -2.994368878024181
Ki1: -0.009895588333560813
Kd1: -0.1564170197157788
Kp2: 0.07776292073404038
Ki2: 0.05340070123379347
Kd2: 0.0
init_obs: [-0.144338  , -0.08924621, -0.18435754, -0.43797057]
