Kp1: -3.2222829715419836
Ki1: -0.010467851287194423
Kd1: -0.13848343975081912
Kp2: 0.08335987719368589
Ki2: 0.04993472770403948
Kd2: 0.0
init_obs: [ 0.27288186,  0.13262009, -0.35763184, -0.23790843]
