Kp1: -3.178056232719492
Ki1: -0.009728058488565979
Kd1: -0.1435131264292445
Kp2: 0.08125675296007405
Ki2: 0.05239802164037069
Kd2: 0.0
init_obs: [-0.00564137,  0.03644803,  0.01082884, -0.4676705 ]
