Kp1: -3.162566295075336
Ki1: -0.009162442104827386
Kd1: -0.15906790957960215
Kp2: 0.07405475526596415
Ki2: 0.04526588786710019
Kd2: 0.0
init_obs: [-0.48167073, -0.01399468, -0.39830451,  0.42861192]
