Kp1: -3.2587644597542056
Ki1: -0.009064876943615251
Kd1: -0.140106060040908
Kp2: 0.07276936200550098
Ki2: 0.05359677915487955
Kd2: 0.0
init_obs: [-0.14427537, -0.49929001,  0.42978151,  0.17058214]
