Kp1: -2.8713198052580164
Ki1: -0.009681858700256833
Kd1: -0.15049494639969616
Kp2: 0.07523509923434342
Ki2: 0.04906868530974132
Kd2: 0.0
init_obs: [-0.42910783,  0.20817338,  0.38467733, -0.14782485]
