Kp1: -2.8549842868101023
Ki1: -0.010805105653448567
Kd1: -0.14952795236337707
Kp2: 0.08357938687563944
Ki2: 0.04800270725100974
Kd2: 0.0
init_obs: [ 0.34084214, -0.00693116,  0.28443545,  0.27271965]
