Kp1: -3.2168184035354637
Ki1: -0.009794755373000624
Kd1: -0.15503448559837568
Kp2: 0.08271149888455001
Ki2: 0.04862718385190407
Kd2: 0.0
init_obs: [ 0.1929704 , -0.36186091,  0.35881554, -0.06423096]
