Kp1: -3.1072794024237664
Ki1: -0.010519537635171406
Kd1: -0.16253059114917814
Kp2: 0.07467773467632387
Ki2: 0.05454316675972287
Kd2: 0.0
init_obs: [ 0.19008405,  0.17555307, -0.4307899 ,  0.15057794]
