Kp1: -3.0181346278843053
Ki1: -0.009231745604555594
Kd1: -0.14818840324769897
Kp2: 0.07497317456525926
Ki2: 0.045774737655901176
Kd2: 0.0
init_obs: [-0.40360891, -0.13061063, -0.15423992,  0.09423996]
