Kp1: -2.70581224635051
Ki1: -0.01024634192624482
Kd1: -0.14673670026475905
Kp2: 0.08797746928594002
Ki2: 0.05381585546093984
Kd2: 0.0
init_obs: [ 0.38496915, -0.46521971, -0.02746706, -0.04656537]
