Kp1: -3.2926526504730074
Ki1: -0.009369812310922949
Kd1: -0.15371827586524922
Kp2: 0.08248899790961357
Ki2: 0.045920288631237115
Kd2: 0.0
init_obs: [-0.0009829 , -0.14430789, -0.07229859,  0.32009367]
