Kp1: -2.7260631731889284
Ki1: -0.009262183260298538
Kd1: -0.13514869891250902
Kp2: 0.0816115878562061
Ki2: 0.05442174262916763
Kd2: 0.0
init_obs: [ 0.33098401, -0.03381181, -0.05939165,  0.30930753]
