Kp1: -2.984274831393207
Ki1: -0.010649774528094583
Kd1: -0.15335192143781018
Kp2: 0.07312799531242169
Ki2: 0.054787836398021095
Kd2: 0.0
init_obs: [-0.0280021 , -0.40380068, -0.24190487,  0.30675423]
