Kp1: -3.2134841302059223
Ki1: -0.010240143555505248
Kd1: -0.14110222299238367
Kp2: 0.08739624155298584
Ki2: 0.052572868311960536
Kd2: 0.0
init_obs: [-0.15582905, -0.48132192, -0.1192701 , -0.12530037]
