Kp1: -2.931506407040251
Ki1: -0.010964722209952194
Kd1: -0.15029497252470686
Kp2: 0.08175773932136866
Ki2: 0.048499574205611705
Kd2: 0.0
init_obs: [-0.07147229, -0.43961199,  0.49973942,  0.12412205]
