Kp1: -2.758964690323303
Ki1: -0.00956255550962526
Kd1: -0.15357250424649205
Kp2: 0.08795179130822801
Ki2: 0.04672937027281265
Kd2: 0.0
init_obs: [ 0.2548709 , -0.27520613,  0.4145349 , -0.28336569]
