Kp1: -3.0355715146343227
Ki1: -0.010093314062077313
Kd1: -0.1473671823721196
Kp2: 0.08324606593363024
Ki2: 0.047520515994836754
Kd2: 0.0
init_obs: [-0.48505287,  0.42326455,  0.31569617,  0.44628987]
