Kp1: -3.0396016011122082
Ki1: -0.010066975490419199
Kd1: -0.13626915453836233
Kp2: 0.08619936893021844
Ki2: 0.05014442731676547
Kd2: 0.0
init_obs: [0.48295043, 0.11282459, 0.30492636, 0.31723333]
