Kp1: -2.758523147646313
Ki1: -0.009252460004210341
Kd1: -0.13853411455794096
Kp2: 0.0793316906116773
Ki2: 0.04743481391836755
Kd2: 0.0
init_obs: [-0.34281352, -0.18625164,  0.11560893,  0.06541822]
