Kp1: -3.078117198747325
Ki1: -0.009869769974427622
Kd1: -0.1547212877826396
Kp2: 0.07475328478438864
Ki2: 0.047902134758268176
Kd2: 0.0
init_obs: [-0.09940535, -0.12463783,  0.34547258, -0.19381082]
