Kp1: -2.825785024305465
Ki1: -0.009458868328436143
Kd1: -0.1564863471426118
Kp2: 0.08198304907919086
Ki2: 0.04588653257238482
Kd2: 0.0
init_obs: [-0.07257119, -0.14180525,  0.17708516, -0.356312  ]
