Kp1: -3.0370437549370592
Ki1: -0.010930683269223467
Kd1: -0.13612687948684082
Kp2: 0.07701635327524393
Ki2: 0.047335052790697336
Kd2: 0.0
init_obs: [ 0.3679822 ,  0.15218024, -0.31747126, -0.04152886]
