Kp1: -2.890915953660162
Ki1: -0.010865296389378155
Kd1: -0.14198968363716757
Kp2: 0.079988872855678
Ki2: 0.05083549425182809
Kd2: 0.0
init_obs: [-0.08873326,  0.37903975, -0.37694932, -0.32198874]
