Kp1: -3.05810529714093
Ki1: -0.009882097744748358
Kd1: -0.14681339274338928
Kp2: 0.08543328926514412
Ki2: 0.0494208772270879
Kd2: 0.0
init_obs: [-0.03831692,  0.42901504,  0.35968251,  0.35275909]
