Kp1: -3.043488978314465
Ki1: -0.010373922142219435
Kd1: -0.1594484577515618
Kp2: 0.08597391503674183
Ki2: 0.052686477593026304
Kd2: 0.0
init_obs: [0.16610891, 0.39586604, 0.16475646, 0.10375025]
