Kp1: -3.2289977358601414
Ki1: -0.010030718590678153
Kd1: -0.14175158982771302
Kp2: 0.07269340991301072
Ki2: 0.0514092916955605
Kd2: 0.0
init_obs: [-0.36983399,  0.18458782,  0.08040433,  0.1855727 ]
