Kp1: -2.8705610970826947
Ki1: -0.009633582513723921
Kd1: -0.157597742629245
Kp2: 0.07962998250571902
Ki2: 0.05339394096429986
Kd2: 0.0
init_obs: [ 0.26242079,  0.05841685,  0.19331115, -0.0827539 ]
