Kp1: -2.996345101009472
Ki1: -0.009505598763775725
Kd1: -0.162036023327691
Kp2: 0.08519465901436914
Ki2: 0.0496830921407863
Kd2: 0.0
init_obs: [-0.39731973, -0.13562662, -0.38626976, -0.23884643]
