Kp1: -2.9494669788307455
Ki1: -0.009293045539555695
Kd1: -0.14447894178485007
Kp2: 0.07654111730794506
Ki2: 0.054188811723059255
Kd2: 0.0
init_obs: [ 0.0218884 , -0.02155508, -0.06614482, -0.0422545 ]
