Kp1: -2.7367509738903086
Ki1: -0.009264683954815804
Kd1: -0.1592565267686092
Kp2: 0.0815597702693111
Ki2: 0.045606836636344655
Kd2: 0.0
init_obs: [-0.09064569,  0.02391108, -0.39682935,  0.39224822]
