Kp1: -3.0103776738585766
Ki1: -0.010398399404015123
Kd1: -0.14320237849270068
Kp2: 0.08321754196829162
Ki2: 0.05481246879107306
Kd2: 0.0
init_obs: [ 0.46447401,  0.41028138, -0.46443412, -0.15635854]
