Kp1: -2.7649519896334467
Ki1: -0.010446395784927669
Kd1: -0.14402218752679372
Kp2: 0.08261995519225819
Ki2: 0.0498839980731763
Kd2: 0.0
init_obs: [-0.14671338, -0.47538015,  0.35821139,  0.43080274]
