Kp1: -2.8104442285542417
Ki1: -0.010195289503814414
Kd1: -0.1593708055211939
Kp2: 0.07724769741218238
Ki2: 0.05051256683350496
Kd2: 0.0
init_obs: [0.05340115, 0.24851147, 0.21017621, 0.30982586]
