Kp1: -3.1548696403331764
Ki1: -0.010345559074181944
Kd1: -0.15441818407640243
Kp2: 0.0736975218302559
Ki2: 0.04903668276497382
Kd2: 0.0
init_obs: [-0.33099212, -0.15194062, -0.36507941, -0.23153229]
