Kp1: -3.2923357370461117
Ki1: -0.009937759974300667
Kd1: -0.14358957555391144
Kp2: 0.0787239197826041
Ki2: 0.04999970294621786
Kd2: 0.0
init_obs: [ 0.04102617, -0.18078295, -0.23938584, -0.48990137]
