Kp1: -2.9173964447611374
Ki1: -0.010272007010494178
Kd1: -0.1383032056802941
Kp2: 0.08584051875542173
Ki2: 0.049751351082226704
Kd2: 0.0
init_obs: [-0.0635943 , -0.43211671, -0.31312296,  0.25045457]
