Kp1: -3.1419182791765508
Ki1: -0.010956198771325707
Kd1: -0.15990097038214618
Kp2: 0.08704517291628434
Ki2: 0.05463073304545249
Kd2: 0.0
init_obs: [-0.34853203, -0.15074572,  0.49772656,  0.19619052]
