Kp1: -3.0785876000499544
Ki1: -0.010661769288846013
Kd1: -0.16370803559845834
Kp2: 0.08777745333009421
Ki2: 0.04913520674642958
Kd2: 0.0
init_obs: [-0.46472281, -0.32615514,  0.05001372,  0.03445257]
