Kp1: -2.9404703723729075
Ki1: -0.009250145837519977
Kd1: -0.16364872802745814
Kp2: 0.08102189910041185
Ki2: 0.04604673387871378
Kd2: 0.0
init_obs: [ 0.26887033,  0.36377881, -0.21272416, -0.32019357]
