Kp1: -2.885141416050181
Ki1: -0.01035033424897546
Kd1: -0.13943838708780726
Kp2: 0.07766980359533983
Ki2: 0.0468277885321496
Kd2: 0.0
init_obs: [0.47254308, 0.34476374, 0.25777784, 0.25614999]
