Kp1: -2.8473867391031993
Ki1: -0.010308086638265051
Kd1: -0.15446794371420536
Kp2: 0.07362614507181778
Ki2: 0.04711352879070249
Kd2: 0.0
init_obs: [-0.43068596, -0.18883905,  0.1595765 ,  0.48133325]
