Kp1: -3.121665560440582
Ki1: -0.009525462651463814
Kd1: -0.1475987035083073
Kp2: 0.08461062865297164
Ki2: 0.04526825209285607
Kd2: 0.0
init_obs: [-0.03760525, -0.18277617,  0.02342331,  0.17627555]
