Kp1: -3.104481296258599
Ki1: -0.00952814693119949
Kd1: -0.16344943774671178
Kp2: 0.0813827549264539
Ki2: 0.05127575876457294
Kd2: 0.0
init_obs: [-0.17448806, -0.09510747,  0.30100481,  0.22699243]
