Kp1: -3.219681895871698
Ki1: -0.010294473670641456
Kd1: -0.14327345568497896
Kp2: 0.08397025215084655
Ki2: 0.04881308073219176
Kd2: 0.0
init_obs: [-0.25611079,  0.27304661, -0.37219102, -0.23888202]
