Kp1: -3.2247605450771224
Ki1: -0.010698446938839755
Kd1: -0.1412381156572227
Kp2: 0.08164676236318424
Ki2: 0.054950077516995315
Kd2: 0.0
init_obs: [-0.48859206, -0.36625816,  0.45042217,  0.00057653]
