Kp1: -3.1689772434136207
Ki1: -0.01073469182241914
Kd1: -0.13696920992112901
Kp2: 0.08535444466986344
Ki2: 0.0515191268734873
Kd2: 0.0
init_obs: [-0.11023054,  0.05588131, -0.0747424 , -0.3058092 ]
