Kp1: -2.7162335789973575
Ki1: -0.009680015180097408
Kd1: -0.13648736406623896
Kp2: 0.07800684406101317
Ki2: 0.04605513543144268
Kd2: 0.0
init_obs: [0.010561  , 0.10956265, 0.15357795, 0.19042492]
