Kp1: -2.772147995465183
Ki1: -0.01071487480033793
Kd1: -0.1636932212620447
Kp2: 0.0736662623931617
Ki2: 0.04897249194139189
Kd2: 0.0
init_obs: [ 0.23200579, -0.09931162, -0.42347638, -0.12572798]
