Kp1: -2.700599231941471
Ki1: -0.010669497284140319
Kd1: -0.13650742144689146
Kp2: 0.08595377556255589
Ki2: 0.04989055776162647
Kd2: 0.0
init_obs: [-0.21208407, -0.43266042, -0.11158994, -0.24452565]
