Kp1: -3.2660305307343043
Ki1: -0.009849733840665429
Kd1: -0.16384502236778545
Kp2: 0.08725657991011158
Ki2: 0.04977651131083178
Kd2: 0.0
init_obs: [-0.24513648, -0.28131296,  0.27596375,  0.35538225]
