Kp1: -3.2287355820411996
Ki1: -0.009238430828445998
Kd1: -0.1631030641396144
Kp2: 0.08228973211121458
Ki2: 0.04724154512877834
Kd2: 0.0
init_obs: [-0.17044199,  0.24541068, -0.41625885,  0.14895078]
