Kp1: -2.7231919151031185
Ki1: -0.010240474886252779
Kd1: -0.1586406600585425
Kp2: 0.08719257431672386
Ki2: 0.050600792738806036
Kd2: 0.0
init_obs: [-0.16970716,  0.48844242, -0.0983025 ,  0.04400945]
