Kp1: -2.8116857087626195
Ki1: -0.009505700577822032
Kd1: -0.14893434764326546
Kp2: 0.08438928178964634
Ki2: 0.05214145236367899
Kd2: 0.0
init_obs: [-0.42877582, -0.03047044,  0.05622804, -0.49309772]
