Kp1: -3.2308320288413332
Ki1: -0.010730959723151766
Kd1: -0.13966348995121985
Kp2: 0.0758495301387087
Ki2: 0.05228847750926855
Kd2: 0.0
init_obs: [ 0.29817677,  0.49248591, -0.38052427,  0.31982317]
