Kp1: -3.250064055588915
Ki1: -0.009618167192642085
Kd1: -0.14106734490196574
Kp2: 0.08049638335533231
Ki2: 0.05004610251435681
Kd2: 0.0
init_obs: [ 0.00503495, -0.47911461, -0.06317501,  0.25506276]
