Kp1: -2.970379206003969
Ki1: -0.010213316800285855
Kd1: -0.1523692171222058
Kp2: 0.08003095452005132
Ki2: 0.054793377340700125
Kd2: 0.0
init_obs: [0.4861691 , 0.37006331, 0.23266403, 0.29671571]
