Kp1: -2.9929032086619682
Ki1: -0.010574999332531691
Kd1: -0.16191926720635902
Kp2: 0.08083476998088703
Ki2: 0.05135686276751052
Kd2: 0.0
init_obs: [-0.15610061,  0.34652855,  0.33564126, -0.37940995]
