Kp1: -2.886287255769998
Ki1: -0.00948599324393764
Kd1: -0.13993727810318693
Kp2: 0.07588959006343603
Ki2: 0.04905040325267717
Kd2: 0.0
init_obs: [-0.36500285,  0.04616311, -0.02650895,  0.42485405]
