Kp1: -2.7420085415451525
Ki1: -0.010171610289470851
Kd1: -0.15338703613307564
Kp2: 0.0784537306388475
Ki2: 0.04790751101743973
Kd2: 0.0
init_obs: [ 0.06567103, -0.3469326 ,  0.45813705, -0.48023405]
