Kp1: -3.1532824501446592
Ki1: -0.00934176438603315
Kd1: -0.13699984189103936
Kp2: 0.07335180849715768
Ki2: 0.04574452195087279
Kd2: 0.0
init_obs: [ 0.49965336, -0.0948899 ,  0.37269836,  0.03551761]
