Kp1: -3.187894266117193
Ki1: -0.009990819051746395
Kd1: -0.13957945840690444
Kp2: 0.07846630937763922
Ki2: 0.04848943570971523
Kd2: 0.0
init_obs: [-0.08422924, -0.09791258,  0.47514775,  0.3053622 ]
