Kp1: -3.034583794314713
Ki1: -0.010866573656374221
Kd1: -0.1643844966089343
Kp2: 0.08139996278266586
Ki2: 0.05417249501907612
Kd2: 0.0
init_obs: [-0.41527344, -0.36899256,  0.47843115, -0.07164492]
