Kp1: -3.097819472354301
Ki1: -0.00947369822556958
Kd1: -0.14390385048720716
Kp2: 0.07438515753161742
Ki2: 0.04526626436413266
Kd2: 0.0
init_obs: [ 0.25742136,  0.37692358,  0.02802872, -0.06056399]
