Kp1: -2.9051300246831797
Ki1: -0.01069974866491421
Kd1: -0.15946646085097796
Kp2: 0.0848014537048153
Ki2: 0.04616181799889855
Kd2: 0.0
init_obs: [ 0.18611538, -0.0667793 , -0.41293449, -0.21462343]
