Kp1: -3.001485452142701
Ki1: -0.010859197728667181
Kd1: -0.1576587037569235
Kp2: 0.08304898517374026
Ki2: 0.04522311819690165
Kd2: 0.0
init_obs: [-0.42566857, -0.21514723,  0.49453156,  0.2724558 ]
