Kp1: -3.0938108095263486
Ki1: -0.009399506891782284
Kd1: -0.13778949929946058
Kp2: 0.08656751480275066
Ki2: 0.05155528100568027
Kd2: 0.0
init_obs: [ 0.12677156,  0.26363806, -0.13631316, -0.33874794]
