Kp1: -3.0532901697134216
Ki1: -0.010667708936703532
Kd1: -0.14904428512792514
Kp2: 0.08043336931755589
Ki2: 0.04819616085990121
Kd2: 0.0
init_obs: [-0.02654712,  0.21528705, -0.48533701,  0.13471161]
