Kp1: -2.7100833050435256
Ki1: -0.010437492702333349
Kd1: -0.1581563947377484
Kp2: 0.08107546062579815
Ki2: 0.04565497483667788
Kd2: 0.0
init_obs: [ 0.01115611, -0.0103468 ,  0.05822162, -0.06618753]
