Kp1: -2.8286249794645055
Ki1: -0.01006416580300586
Kd1: -0.15718511111707015
Kp2: 0.0843047768736567
Ki2: 0.04850380434233843
Kd2: 0.0
init_obs: [ 0.07980794,  0.3163423 , -0.09127657,  0.34891117]
