Kp1: -2.8882908954015116
Ki1: -0.010796560214982095
Kd1: -0.1440900162629841
Kp2: 0.08397551090440952
Ki2: 0.04697716991101078
Kd2: 0.0
init_obs: [-0.20379685,  0.22207303, -0.33072554, -0.05896104]
