Kp1: -2.86583426044604
Ki1: -0.009954590307584813
Kd1: -0.15926566432943048
Kp2: 0.07950817432026286
Ki2: 0.0485763305685356
Kd2: 0.0
init_obs: [ 0.31902865, -0.109267  , -0.43777455,  0.15033293]
