Kp1: -2.7684626561725985
Ki1: -0.010169950356190281
Kd1: -0.16424990026240402
Kp2: 0.08066922345311596
Ki2: 0.05488049134778381
Kd2: 0.0
init_obs: [-0.39923235,  0.30842072, -0.26695486,  0.05853763]
