Kp1: -3.1815624518566503
Ki1: -0.0094470859292891
Kd1: -0.14583984999602262
Kp2: 0.07971910111581818
Ki2: 0.050350834780694576
Kd2: 0.0
init_obs: [ 0.04342735,  0.24407322,  0.12422126, -0.17972358]
