Kp1: -3.0284471339826577
Ki1: -0.009916859544253228
Kd1: -0.16417137828497338
Kp2: 0.075860273339999
Ki2: 0.050123616167375956
Kd2: 0.0
init_obs: [-0.28084663, -0.18874891, -0.07807148,  0.09534345]
