Kp1: -3.054681518418686
Ki1: -0.010059513549686368
Kd1: -0.1515430870607453
Kp2: 0.08694123797402507
Ki2: 0.04800488762910928
Kd2: 0.0
init_obs: [-0.39225702,  0.22080137,  0.28259395, -0.24875908]
