Kp1: -3.028387222149993
Ki1: -0.010245092723217573
Kd1: -0.15843901008065486
Kp2: 0.07824132733496134
Ki2: 0.04967439831350613
Kd2: 0.0
init_obs: [-0.14752319,  0.07125191, -0.10080637,  0.44790171]
