Kp1: -2.857796599266062
Ki1: -0.01072858045308686
Kd1: -0.1595039016021228
Kp2: 0.08319574688052933
Ki2: 0.05486262952467441
Kd2: 0.0
init_obs: [0.39762768, 0.2806764 , 0.42153633, 0.46249287]
