Kp1: -3.0629300969652116
Ki1: -0.010790845683122014
Kd1: -0.14056108058823844
Kp2: 0.08151544110404257
Ki2: 0.045500376119389285
Kd2: 0.0
init_obs: [0.21559188, 0.08962869, 0.03500269, 0.30733401]
