Kp1: -2.788248659407775
Ki1: -0.00930930871888055
Kd1: -0.13571869744414589
Kp2: 0.07771686733683965
Ki2: 0.0456813225086537
Kd2: 0.0
init_obs: [-0.02527562, -0.26253922,  0.44053934, -0.11455168]
