Kp1: -2.9221492122938826
Ki1: -0.010525046273519427
Kd1: -0.14595068977060277
Kp2: 0.08121269310197368
Ki2: 0.04799031533960285
Kd2: 0.0
init_obs: [ 0.41729017, -0.45013022, -0.24896802, -0.21763077]
