Kp1: -2.7999401372954464
Ki1: -0.010504397307120557
Kd1: -0.14861814708165116
Kp2: 0.0866016200952215
Ki2: 0.0502203867031992
Kd2: 0.0
init_obs: [-0.42502258,  0.4540469 , -0.34310981,  0.38791648]
