Kp1: -3.1308486187973994
Ki1: -0.010871471277188094
Kd1: -0.1524061995365294
Kp2: 0.0873221414345925
Ki2: 0.045056983851919225
Kd2: 0.0
init_obs: [0.41433287, 0.38971822, 0.00847317, 0.02293691]
