Kp1: -2.8172477022038462
Ki1: -0.010731032863625332
Kd1: -0.1553368549486468
Kp2: 0.07613083586734617
Ki2: 0.047819345628461164
Kd2: 0.0
init_obs: [-0.27864412,  0.30527286, -0.4492412 ,  0.16338306]
