Kp1: -3.1236072386649965
Ki1: -0.009576198573787022
Kd1: -0.14349668869932838
Kp2: 0.08137322921397448
Ki2: 0.05018252021568379
Kd2: 0.0
init_obs: [-0.10373407, -0.24175434,  0.06673477,  0.20322357]
