Kp1: -3.0988748236516397
Ki1: -0.009625745687241448
Kd1: -0.156418566426108
Kp2: 0.0854312949535769
Ki2: 0.05032870912170315
Kd2: 0.0
init_obs: [ 0.15773634, -0.27922628, -0.38247782, -0.34026795]
