Kp1: -2.7237669051598896
Ki1: -0.009138635959402836
Kd1: -0.16053299968372434
Kp2: 0.07304401322800097
Ki2: 0.048142676852819116
Kd2: 0.0
init_obs: [-0.067732  ,  0.40707977, -0.34224684, -0.49438204]
