Kp1: -3.255623396544074
Ki1: -0.009897966400269003
Kd1: -0.14292700281800527
Kp2: 0.08720880065379648
Ki2: 0.05350761253287628
Kd2: 0.0
init_obs: [-0.44417888, -0.17129919,  0.11380603, -0.17357791]
