Kp1: -3.2491975478712565
Ki1: -0.009248719958328658
Kd1: -0.13975921127376548
Kp2: 0.08771296376015916
Ki2: 0.049110716397608195
Kd2: 0.0
init_obs: [ 0.10448099, -0.44650901,  0.21623949,  0.02801878]
