Kp1: -2.9079619308521423
Ki1: -0.01082267148420652
Kd1: -0.14297839917468053
Kp2: 0.0765015237311781
Ki2: 0.05309916642696077
Kd2: 0.0
init_obs: [ 0.17739614, -0.25828322, -0.38876638,  0.47967369]
