Kp1: -2.7936560643820334
Ki1: -0.009795148564041081
Kd1: -0.15710576021884928
Kp2: 0.08692666999284838
Ki2: 0.050159023886193255
Kd2: 0.0
init_obs: [-0.02263491,  0.40765469,  0.35499609,  0.46806014]
