Kp1: -3.2354149234517964
Ki1: -0.010276796970001138
Kd1: -0.16082811271591202
Kp2: 0.08549595744236081
Ki2: 0.05153177723165184
Kd2: 0.0
init_obs: [ 0.43680853,  0.46688112, -0.30643512, -0.2761608 ]
