Kp1: -3.2036407687580084
Ki1: -0.010487461954782437
Kd1: -0.14739534820863975
Kp2: 0.07942526307666296
Ki2: 0.050589411499717844
Kd2: 0.0
init_obs: [ 0.4350338 , -0.48850562, -0.10135509, -0.23027642]
