Kp1: -3.2501536484993103
Ki1: -0.010251670876014415
Kd1: -0.16201027520750766
Kp2: 0.08684892514694385
Ki2: 0.05243833279902176
Kd2: 0.0
init_obs: [ 0.33232198,  0.12818419, -0.04796794,  0.32666846]
