Kp1: -2.75008912682063
Ki1: -0.00985354056288395
Kd1: -0.16170791361983064
Kp2: 0.08006185009084592
Ki2: 0.04511931594794135
Kd2: 0.0
init_obs: [-0.2465249 , -0.22798473, -0.04082445,  0.4142863 ]
