Kp1: -2.827623369814691
Ki1: -0.00931618473629837
Kd1: -0.15071827500631998
Kp2: 0.08715042954514864
Ki2: 0.054050845458878644
Kd2: 0.0
init_obs: [0.3848863 , 0.33344857, 0.01008   , 0.41040555]
