Kp1: -2.9647180629271803
Ki1: -0.010086544814592155
Kd1: -0.15817300501689707
Kp2: 0.08200740909194391
Ki2: 0.051244743374159796
Kd2: 0.0
init_obs: [-0.43408285,  0.21433487, -0.40099762, -0.12265481]
