Kp1: -3.150181645747444
Ki1: -0.010300405436827094
Kd1: -0.1404710192633545
Kp2: 0.07210875409407418
Ki2: 0.05272988251688348
Kd2: 0.0
init_obs: [-0.12315984, -0.36937515, -0.26954205,  0.19873109]
