Kp1: -3.2191444673003167
Ki1: -0.009926392159188875
Kd1: -0.16026687946508633
Kp2: 0.0855155177654303
Ki2: 0.053866450992919535
Kd2: 0.0
init_obs: [-0.43000833,  0.22598557,  0.33302307, -0.37298058]
