Kp1: -3.0028940647722626
Ki1: -0.009271146219987689
Kd1: -0.15461036266570508
Kp2: 0.0878760084628793
Ki2: 0.052780824869823974
Kd2: 0.0
init_obs: [-0.48090191,  0.46859542,  0.2407616 ,  0.2344379 ]
