Kp1: -3.153252357066637
Ki1: -0.010896998222809885
Kd1: -0.13725411284312208
Kp2: 0.07961340967342559
Ki2: 0.045299851966248146
Kd2: 0.0
init_obs: [-0.38784023,  0.07142316,  0.29828021, -0.13218846]
