Kp1: -2.887038737942798
Ki1: -0.0101566055403164
Kd1: -0.14382944275708778
Kp2: 0.07836567718695478
Ki2: 0.05273392507774341
Kd2: 0.0
init_obs: [-0.17384494,  0.25251667, -0.49343385,  0.48499307]
