Kp1: -3.1273023309377903
Ki1: -0.010081538921068818
Kd1: -0.16272249995158014
Kp2: 0.0798667151168006
Ki2: 0.050115413102106335
Kd2: 0.0
init_obs: [ 0.46010284,  0.36200218, -0.38934083,  0.4917863 ]
