Kp1: -3.136657095454572
Ki1: -0.010766240986382253
Kd1: -0.1410626438033971
Kp2: 0.08211480403581083
Ki2: 0.04524012434670186
Kd2: 0.0
init_obs: [ 0.3302769 , -0.19502128, -0.35079702,  0.34613377]
