Kp1: -3.251874312981863
Ki1: -0.009229985359985197
Kd1: -0.14945190531973593
Kp2: 0.08400094400878347
Ki2: 0.05473878539203904
Kd2: 0.0
init_obs: [ 0.37930182, -0.0032543 , -0.45642855, -0.18955089]
