Kp1: -2.7375805257187995
Ki1: -0.010879160740571195
Kd1: -0.14507706058457967
Kp2: 0.08485550618456328
Ki2: 0.046752330355352256
Kd2: 0.0
init_obs: [ 0.06031615,  0.1679219 , -0.15912236,  0.26605179]
