Kp1: -3.16571901072889
Ki1: -0.009002867739562664
Kd1: -0.15411603132787569
Kp2: 0.08051305945743682
Ki2: 0.04718296738747617
Kd2: 0.0
init_obs: [ 0.48503229, -0.13184833, -0.16382453, -0.05026115]
