Kp1: -2.8206446958908313
Ki1: -0.01071490228075279
Kd1: -0.1380798237163278
Kp2: 0.08783730301441335
Ki2: 0.04686923953496974
Kd2: 0.0
init_obs: [-0.35072569, -0.34591436, -0.38721666,  0.46555883]
