Kp1: -3.2241212546591678
Ki1: -0.01022629683817103
Kd1: -0.1622777057312224
Kp2: 0.08452108746903207
Ki2: 0.04868513166003796
Kd2: 0.0
init_obs: [ 0.02130922, -0.00979716,  0.13287769,  0.16901602]
