Kp1: -3.179576929941028
Ki1: -0.010479197272024105
Kd1: -0.1455143389902293
Kp2: 0.08435293057133167
Ki2: 0.04852557203251569
Kd2: 0.0
init_obs: [-0.33709377,  0.18210184, -0.4734359 ,  0.44077899]
