Kp1: -2.9689220766890467
Ki1: -0.01039823099905838
Kd1: -0.14508068890888803
Kp2: 0.0751016610444948
Ki2: 0.05233910966876868
Kd2: 0.0
init_obs: [-0.3871761 , -0.12154163,  0.19988121,  0.3978913 ]
