Kp1: -3.286747500661841
Ki1: -0.010772174051460994
Kd1: -0.1566887525811044
Kp2: 0.08548632666929297
Ki2: 0.051968391366516944
Kd2: 0.0
init_obs: [-0.16604171, -0.41175643, -0.12406186,  0.33593956]
