Kp1: -3.215619544023874
Ki1: -0.010362980565450106
Kd1: -0.15162255661778226
Kp2: 0.0772083518872826
Ki2: 0.04563109927101212
Kd2: 0.0
init_obs: [0.13741662, 0.07644783, 0.27192588, 0.01089249]
