Kp1: -3.0188085494939454
Ki1: -0.009373411387195977
Kd1: -0.14620011613117634
Kp2: 0.07534448957684728
Ki2: 0.04880281646561661
Kd2: 0.0
init_obs: [-0.20116753, -0.25944398,  0.269828  ,  0.43126185]
