Kp1: -2.824188657960252
Ki1: -0.009571200816296928
Kd1: -0.15482998326119238
Kp2: 0.08468355481571299
Ki2: 0.048163813687744444
Kd2: 0.0
init_obs: [-0.4465041 ,  0.28028661,  0.28963165,  0.25263937]
