Kp1: -3.1718819561333036
Ki1: -0.010732687576643212
Kd1: -0.15937130010012163
Kp2: 0.08771105484839246
Ki2: 0.04979617905696293
Kd2: 0.0
init_obs: [-0.12533966, -0.27079217, -0.11253678, -0.36441224]
