Kp1: -2.805059162051829
Ki1: -0.009262487544788247
Kd1: -0.15051181065582156
Kp2: 0.08704778821878449
Ki2: 0.04911382069377607
Kd2: 0.0
init_obs: [-0.45764523, -0.40645979, -0.17558392, -0.23874457]
