Kp1: -2.9220081542512615
Ki1: -0.00973751641048453
Kd1: -0.14982311692988678
Kp2: 0.08677671783429135
Ki2: 0.052249283991094235
Kd2: 0.0
init_obs: [ 0.20854377, -0.20793492,  0.10857492, -0.14729561]
