Kp1: -3.2071691441768584
Ki1: -0.009001634934725845
Kd1: -0.15585575635344287
Kp2: 0.08775329840447679
Ki2: 0.0483363071795638
Kd2: 0.0
init_obs: [-0.25410943,  0.18334337,  0.28706222,  0.43407045]
