Kp1: -3.0386687010800553
Ki1: -0.009209249247300903
Kd1: -0.15347316567504637
Kp2: 0.07369599453705707
Ki2: 0.04851734541240865
Kd2: 0.0
init_obs: [ 0.45494474, -0.4680158 ,  0.42746279, -0.42229332]
