Kp1: -2.898926102889167
Ki1: -0.009707785989055808
Kd1: -0.16363639317392362
Kp2: 0.0792395754288939
Ki2: 0.048422036664021055
Kd2: 0.0
init_obs: [-0.35640911,  0.33825596,  0.09284196, -0.31544946]
