Kp1: -2.776861103226469
Ki1: -0.010205593428085092
Kd1: -0.14728397105490074
Kp2: 0.08673361616583027
Ki2: 0.05314561316853607
Kd2: 0.0
init_obs: [ 0.32300121, -0.31439929,  0.3442194 ,  0.29939588]
