Kp1: -2.9123147353643817
Ki1: -0.009052253411764041
Kd1: -0.1534770157502687
Kp2: 0.08140987398021979
Ki2: 0.04822774956948356
Kd2: 0.0
init_obs: [ 0.39136454,  0.23317095, -0.29676051, -0.12740335]
