Kp1: -2.8972341417601912
Ki1: -0.00913625746826376
Kd1: -0.1536469963149589
Kp2: 0.0861874129304003
Ki2: 0.05358647586205928
Kd2: 0.0
init_obs: [ 0.44911149,  0.33204738,  0.17966652, -0.37331309]
