Kp1: -3.0048225029819906
Ki1: -0.009743322218246198
Kd1: -0.15755890509821072
Kp2: 0.08244090876229214
Ki2: 0.045728444997302005
Kd2: 0.0
init_obs: [-0.33171269,  0.04049161,  0.39175434, -0.13790101]
