Kp1: -3.122110115391316
Ki1: -0.010062492839136426
Kd1: -0.13753302598560296
Kp2: 0.08557015127495148
Ki2: 0.05154101229042091
Kd2: 0.0
init_obs: [0.03103545, 0.37910278, 0.01362881, 0.04042798]
