Kp1: -3.059363661157104
Ki1: -0.010157969375897476
Kd1: -0.14955107414751542
Kp2: 0.08626620755857108
Ki2: 0.049892243336452605
Kd2: 0.0
init_obs: [0.25392331, 0.17452894, 0.43648071, 0.20534868]
