Kp1: -3.2926356007720496
Ki1: -0.010632196543663123
Kd1: -0.15899008049423394
Kp2: 0.07306179938560296
Ki2: 0.04983894723716255
Kd2: 0.0
init_obs: [-0.138688  ,  0.1808292 , -0.46982984,  0.04274671]
