Kp1: -3.142125322670939
Ki1: -0.010927046059259869
Kd1: -0.15138689655496787
Kp2: 0.07740309647432475
Ki2: 0.046765927373359106
Kd2: 0.0
init_obs: [-0.04631039,  0.11577956,  0.34067784, -0.40057005]
