Kp1: -3.040432796073505
Ki1: -0.00954301761088339
Kd1: -0.15560879054756696
Kp2: 0.07292492341368459
Ki2: 0.04907383453676029
Kd2: 0.0
init_obs: [-0.48043455, -0.40138429,  0.41396341, -0.06603108]
