Kp1: -3.192015404315958
Ki1: -0.0098898120787485
Kd1: -0.16209852934836935
Kp2: 0.08439455475810215
Ki2: 0.04720086430366482
Kd2: 0.0
init_obs: [ 0.08627763, -0.06666247,  0.37502702, -0.37529854]
