Kp1: -3.205487362830053
Ki1: -0.0090379727500902
Kd1: -0.14297678926659488
Kp2: 0.07789955583239216
Ki2: 0.05182138323419229
Kd2: 0.0
init_obs: [-0.17498731, -0.33473211, -0.34403032,  0.02917576]
