Kp1: -3.0653223934864853
Ki1: -0.00912547436200472
Kd1: -0.14443442782333382
Kp2: 0.08546420968950072
Ki2: 0.054411775215091544
Kd2: 0.0
init_obs: [-0.1602822 , -0.02731101,  0.14536135, -0.28587435]
