Kp1: -3.0740781913952127
Ki1: -0.010255957604955101
Kd1: -0.1393219937010331
Kp2: 0.07905948088393232
Ki2: 0.048285620501948026
Kd2: 0.0
init_obs: [ 0.31959259, -0.11273615, -0.14096328,  0.14609679]
