Kp1: -3.2582937852023273
Ki1: -0.009766996302912391
Kd1: -0.16133354137205944
Kp2: 0.07393621108474152
Ki2: 0.04916242380027879
Kd2: 0.0
init_obs: [0.47307869, 0.16666347, 0.20286199, 0.05542556]
