Kp1: -2.9711568197909353
Ki1: -0.009476279923766925
Kd1: -0.15726304336156066
Kp2: 0.07563983432901523
Ki2: 0.04765654545153776
Kd2: 0.0
init_obs: [-0.1440832 ,  0.29145644,  0.10935014,  0.12524072]
