Kp1: -3.0058546120655922
Ki1: -0.009597098163778791
Kd1: -0.13764709587159357
Kp2: 0.0734769445091605
Ki2: 0.05011851574031641
Kd2: 0.0
init_obs: [-0.05339076,  0.22946446,  0.17624365, -0.47494982]
