Kp1: -3.176031496267205
Ki1: -0.009018078288589679
Kd1: -0.15756412311395263
Kp2: 0.07654264835167882
Ki2: 0.05137733588114775
Kd2: 0.0
init_obs: [-0.26399874,  0.16967212,  0.07277829, -0.2241412 ]
