Kp1: -3.051381142469112
Ki1: -0.009701357652306189
Kd1: -0.16291739839870784
Kp2: 0.0815974614806305
Ki2: 0.04881553915249258
Kd2: 0.0
init_obs: [ 0.27219525, -0.02859764, -0.23329042, -0.33616861]
