Kp1: -3.266357460961059
Ki1: -0.009269224332532768
Kd1: -0.1578939247914883
Kp2: 0.07579182471529432
Ki2: 0.05347153472609026
Kd2: 0.0
init_obs: [-0.12494796,  0.27199933, -0.15599613, -0.49388962]
