Kp1: -2.8236326275770534
Ki1: -0.009742722222951779
Kd1: -0.155027199270273
Kp2: 0.07456887720107898
Ki2: 0.04953729393715781
Kd2: 0.0
init_obs: [ 0.42168999, -0.13605372,  0.43642369, -0.32759959]
