Kp1: -2.9631741025366183
Ki1: -0.009497344329369736
Kd1: -0.15464539365767369
Kp2: 0.0764670566239406
Ki2: 0.0494464029899436
Kd2: 0.0
init_obs: [ 0.12843547, -0.30919204, -0.19649642, -0.23268523]
