Kp1: -3.114040902352892
Ki1: -0.009858866126099762
Kd1: -0.1596777464096067
Kp2: 0.0778535523040495
Ki2: 0.048458144663714356
Kd2: 0.0
init_obs: [ 0.39856273, -0.15661773,  0.27885827, -0.09119306]
