Kp1: -3.2997928799422773
Ki1: -0.009826549411640755
Kd1: -0.1359614402491435
Kp2: 0.08073508094173082
Ki2: 0.04854903533161645
Kd2: 0.0
init_obs: [-0.4491926 , -0.10191208,  0.19097914,  0.21184893]
