Kp1: -2.803114200360216
Ki1: -0.009934410850548301
Kd1: -0.15095932729452657
Kp2: 0.07644532349498007
Ki2: 0.05206090552930951
Kd2: 0.0
init_obs: [ 0.4924192 , -0.42185227,  0.01752284,  0.17614215]
