Kp1: -3.051952295127514
Ki1: -0.01008986105443287
Kd1: -0.1612605170374495
Kp2: 0.07705365630968658
Ki2: 0.05246904421864107
Kd2: 0.0
init_obs: [ 0.10685262,  0.46332658, -0.45831   , -0.46426649]
