Kp1: -3.05985393108392
Ki1: -0.009104472430796394
Kd1: -0.15269685976313296
Kp2: 0.0773589773233705
Ki2: 0.046667741704187804
Kd2: 0.0
init_obs: [-0.39757992, -0.04677569, -0.44961811, -0.27124157]
