Kp1: -2.8461662889897372
Ki1: -0.009002943741670781
Kd1: -0.15975590001629417
Kp2: 0.0848236255943642
Ki2: 0.04852589374809273
Kd2: 0.0
init_obs: [-0.16377148,  0.35912868, -0.07377965, -0.48975785]
