Kp1: -3.238936127531619
Ki1: -0.009800008201847456
Kd1: -0.16437235409897746
Kp2: 0.07301731195725977
Ki2: 0.0464439291353371
Kd2: 0.0
init_obs: [ 0.20944838,  0.48435264, -0.43554834, -0.31872537]
