Kp1: -3.1678107989153332
Ki1: -0.010373471498090663
Kd1: -0.14906145045613867
Kp2: 0.07497780219549693
Ki2: 0.05210543302417965
Kd2: 0.0
init_obs: [0.12003424, 0.21096135, 0.32087331, 0.09721631]
