Kp1: -2.8057645029724974
Ki1: -0.010112373511131964
Kd1: -0.1427831472009471
Kp2: 0.08249585724636915
Ki2: 0.05412886075650447
Kd2: 0.0
init_obs: [ 0.39936621,  0.10533694, -0.09624605, -0.21014814]
