Kp1: -3.099633981385733
Ki1: -0.00935606382311377
Kd1: -0.1538047433513376
Kp2: 0.08681689210013094
Ki2: 0.05075862686260546
Kd2: 0.0
init_obs: [-0.12061056,  0.0991004 ,  0.15205972, -0.15924758]
