Kp1: -3.0721034239519023
Ki1: -0.009980122896785477
Kd1: -0.1525653066905982
Kp2: 0.07426861069711709
Ki2: 0.04734875537666344
Kd2: 0.0
init_obs: [0.17634477, 0.03522746, 0.304122  , 0.17534018]
