Kp1: -2.96231749827648
Ki1: -0.010845115243240451
Kd1: -0.15387776608254128
Kp2: 0.07896737591979577
Ki2: 0.054460476774831394
Kd2: 0.0
init_obs: [-0.15348039, -0.13514404,  0.11942503, -0.4140286 ]
