Kp1: -3.1934941092507616
Ki1: -0.010605092129705453
Kd1: -0.1622215763919387
Kp2: 0.07793517904898835
Ki2: 0.05026612723842838
Kd2: 0.0
init_obs: [ 0.4802126 , -0.18174069, -0.44793882, -0.47676086]
