Kp1: -3.1555231242311015
Ki1: -0.009790341587770307
Kd1: -0.15657450827642075
Kp2: 0.07565857402828885
Ki2: 0.054628601809959265
Kd2: 0.0
init_obs: [-0.41829606, -0.34133645,  0.49736995,  0.26315066]
