Kp1: -3.0949086915503274
Ki1: -0.01019961145149993
Kd1: -0.15618588264515962
Kp2: 0.07346204066397186
Ki2: 0.05236484497503291
Kd2: 0.0
init_obs: [-0.45962807, -0.4467511 , -0.30805149,  0.02753811]
