Kp1: -3.005921596292453
Ki1: -0.010481550592287274
Kd1: -0.1598148991728502
Kp2: 0.07453940783347332
Ki2: 0.04726562336446713
Kd2: 0.0
init_obs: [ 0.13767477, -0.09581913, -0.33553088, -0.07517734]
