Kp1: -2.7134850594320983
Ki1: -0.010951101050391413
Kd1: -0.15782944424096065
Kp2: 0.0756786489279075
Ki2: 0.0465129263762678
Kd2: 0.0
init_obs: [ 0.10911344,  0.27189165,  0.32599398, -0.04994886]
