Kp1: -3.2236343468899387
Ki1: -0.009243037920750428
Kd1: -0.16243273875310318
Kp2: 0.08609348704728861
Ki2: 0.048403320948712136
Kd2: 0.0
init_obs: [-0.49794488, -0.27953325,  0.20786869, -0.40049376]
