Kp1: -3.0296119620836137
Ki1: -0.010916973545123809
Kd1: -0.14997451165510728
Kp2: 0.07269477538252643
Ki2: 0.05029736512062691
Kd2: 0.0
init_obs: [0.30215373, 0.27866746, 0.39043665, 0.20475196]
