Kp1: -3.060883552491904
Ki1: -0.010144753530470516
Kd1: -0.14996434221806024
Kp2: 0.07993130417489451
Ki2: 0.05069647946029885
Kd2: 0.0
init_obs: [ 0.28676587, -0.09402887,  0.24541724,  0.30433023]
