Kp1: -3.0084781711892314
Ki1: -0.009903190430088187
Kd1: -0.1423767657261576
Kp2: 0.08097760770487913
Ki2: 0.052445689492474495
Kd2: 0.0
init_obs: [-0.24043399, -0.49675693,  0.32206019, -0.40014333]
