Kp1: -2.7289250189771495
Ki1: -0.010200495753594427
Kd1: -0.14821026296677256
Kp2: 0.08344115607041408
Ki2: 0.0491360030426691
Kd2: 0.0
init_obs: [ 0.21805658, -0.47537447, -0.25940005, -0.42293685]
