Kp1: -3.165065125132851
Ki1: -0.009377407490449945
Kd1: -0.14188286297840866
Kp2: 0.08617913207661741
Ki2: 0.04891741648473992
Kd2: 0.0
init_obs: [-0.12910338,  0.01468706,  0.28428394, -0.30571875]
