Kp1: -3.1633201023105495
Ki1: -0.009387909442674125
Kd1: -0.15410913517020167
Kp2: 0.07900961357003998
Ki2: 0.05005931447351079
Kd2: 0.0
init_obs: [ 0.36336991, -0.35590757, -0.21608503, -0.18655927]
