Kp1: -3.0995545358959062
Ki1: -0.010839132484714019
Kd1: -0.15336040508845034
Kp2: 0.07966825567677958
Ki2: 0.05400761659909512
Kd2: 0.0
init_obs: [ 0.04347565,  0.27368859, -0.13733734,  0.35168852]
