Kp1: -3.1837520811026616
Ki1: -0.009074657602131178
Kd1: -0.15712192318464843
Kp2: 0.08215490999978413
Ki2: 0.053260307789412625
Kd2: 0.0
init_obs: [ 0.04529261, -0.33435601,  0.10989025, -0.07596613]
