Kp1: -3.230954577261972
Ki1: -0.009783769054089671
Kd1: -0.13527126242341336
Kp2: 0.0841833698399239
Ki2: 0.05180663305099963
Kd2: 0.0
init_obs: [-0.49831378,  0.08031059,  0.00937027,  0.2648132 ]
