Kp1: -2.7517899365919316
Ki1: -0.009372032186863154
Kd1: -0.15131612096817534
Kp2: 0.08086242202432076
Ki2: 0.04658184712248614
Kd2: 0.0
init_obs: [ 0.37896866,  0.42187359, -0.29580931, -0.25411846]
