Kp1: -3.116716850689122
Ki1: -0.010707836469539607
Kd1: -0.13821462323630554
Kp2: 0.07855954627924501
Ki2: 0.04820502928406047
Kd2: 0.0
init_obs: [-0.22955385,  0.42965195, -0.39441693, -0.18695163]
