Kp1: -2.9979738817954487
Ki1: -0.010143526171901476
Kd1: -0.1359940338765942
Kp2: 0.07914845534273456
Ki2: 0.051815842819108386
Kd2: 0.0
init_obs: [-0.33827855, -0.4741332 , -0.16433431,  0.27022963]
