Kp1: -3.254110487379152
Ki1: -0.010992844412826245
Kd1: -0.1558919158147178
Kp2: 0.0818534437685745
Ki2: 0.05124692092245197
Kd2: 0.0
init_obs: [-0.14423486,  0.31161122,  0.45567038, -0.02279205]
