Kp1: -2.9629918015165013
Ki1: -0.00964737214494853
Kd1: -0.13641755150946983
Kp2: 0.07281041551202788
Ki2: 0.048370119159484956
Kd2: 0.0
init_obs: [-0.12178515, -0.14664041,  0.41425078,  0.26397663]
