Kp1: -3.115584534981174
Ki1: -0.0107993050978259
Kd1: -0.1514259895255294
Kp2: 0.08168833500224862
Ki2: 0.05103489948763901
Kd2: 0.0
init_obs: [ 0.12658381, -0.31293232,  0.29573045,  0.13821405]
