Kp1: -2.831286056358775
Ki1: -0.009347116927591546
Kd1: -0.1413329837798672
Kp2: 0.07894796115035359
Ki2: 0.05480734327547028
Kd2: 0.0
init_obs: [ 0.31826977,  0.46712164, -0.22005094,  0.3115876 ]
