Kp1: -2.7842138557343006
Ki1: -0.010724058201223938
Kd1: -0.16128502968073458
Kp2: 0.08684600146882819
Ki2: 0.052728618040455144
Kd2: 0.0
init_obs: [0.00403938, 0.26259142, 0.26576381, 0.40575804]
