Kp1: -2.931928375340373
Ki1: -0.010243383096519476
Kd1: -0.14221599624450387
Kp2: 0.08076739866737186
Ki2: 0.04893409728030439
Kd2: 0.0
init_obs: [-0.10294786, -0.26819464, -0.18281726,  0.17055712]
