Kp1: -2.854976614961423
Ki1: -0.009517303568144574
Kd1: -0.14633498812349616
Kp2: 0.07357914800671975
Ki2: 0.05075304101932039
Kd2: 0.0
init_obs: [-0.15250611, -0.43697626,  0.38255243,  0.37496877]
