Kp1: -2.988068592782506
Ki1: -0.009997853546963852
Kd1: -0.1622905312776051
Kp2: 0.08437744868637237
Ki2: 0.05330408534815695
Kd2: 0.0
init_obs: [ 0.3334682 ,  0.12221836, -0.35704643, -0.18816546]
