Kp1: -2.8088072315030104
Ki1: -0.010712242631328058
Kd1: -0.13831549302113536
Kp2: 0.07658138816385494
Ki2: 0.0519470371745242
Kd2: 0.0
init_obs: [ 0.24729091, -0.39491381,  0.16361855, -0.28960256]
