Kp1: -3.0119619171895105
Ki1: -0.009097874349340222
Kd1: -0.1637659410733372
Kp2: 0.08574800393401401
Ki2: 0.048012466477531233
Kd2: 0.0
init_obs: [ 0.09408908,  0.36313378, -0.32177212,  0.12735943]
