Kp1: -3.2980975809081117
Ki1: -0.009221034838315422
Kd1: -0.16320571189422678
Kp2: 0.07375991220414804
Ki2: 0.053319916970053616
Kd2: 0.0
init_obs: [-0.30514926, -0.35496744,  0.20228358,  0.20279918]
