Kp1: -3.1662280639913662
Ki1: -0.009727249115847311
Kd1: -0.15688034541970147
Kp2: 0.07238179935555455
Ki2: 0.04500556219509097
Kd2: 0.0
init_obs: [-0.09810133, -0.29277607,  0.00715673,  0.4995218 ]
