Kp1: -3.273672932317872
Ki1: -0.010718499636130368
Kd1: -0.14204199017231087
Kp2: 0.0865377148963433
Ki2: 0.05398119790700309
Kd2: 0.0
init_obs: [-0.31720545, -0.06592225,  0.08784679, -0.17383245]
