Kp1: -3.282256878491249
Ki1: -0.009388935004133304
Kd1: -0.1395727330123843
Kp2: 0.08420250761245786
Ki2: 0.04847795586052429
Kd2: 0.0
init_obs: [-0.34521531,  0.12352664,  0.40823811, -0.02249713]
