Kp1: -2.9361627538551556
Ki1: -0.009201917791263869
Kd1: -0.15439336000279438
Kp2: 0.08100918048267619
Ki2: 0.04837743604125949
Kd2: 0.0
init_obs: [ 0.37012418,  0.26487092, -0.21268636,  0.427713  ]
