Kp1: -2.862211123092539
Ki1: -0.010231986086486282
Kd1: -0.1520900742955642
Kp2: 0.07749543151639948
Ki2: 0.05267327780188846
Kd2: 0.0
init_obs: [-0.03625959, -0.34871917, -0.11404069,  0.38997952]
