Kp1: -2.750454794623346
Ki1: -0.010427778551287263
Kd1: -0.16425029805795238
Kp2: 0.08171298848191087
Ki2: 0.046721842713633915
Kd2: 0.0
init_obs: [-0.24757022,  0.00519037, -0.07988669, -0.20198348]
