Kp1: -2.736594692317549
Ki1: -0.01069366904833855
Kd1: -0.15279089217334837
Kp2: 0.07677810042985898
Ki2: 0.05407671170534284
Kd2: 0.0
init_obs: [ 0.35069556, -0.4274398 ,  0.11883781,  0.23656235]
