Kp1: -3.092114391307211
Ki1: -0.010946947775179985
Kd1: -0.15977195079903322
Kp2: 0.08080073986121394
Ki2: 0.0453615040896407
Kd2: 0.0
init_obs: [-0.10991644,  0.21690898, -0.00444538,  0.20377559]
