Kp1: -2.848797718087336
Ki1: -0.010447445988229944
Kd1: -0.15668240342035672
Kp2: 0.07277416075429805
Ki2: 0.05310264654619306
Kd2: 0.0
init_obs: [-0.47184191,  0.03635019,  0.05436875,  0.21333181]
