Kp1: -2.9253156608606905
Ki1: -0.010452633083849342
Kd1: -0.1545807479615351
Kp2: 0.07836475003212803
Ki2: 0.046645787968251966
Kd2: 0.0
init_obs: [-0.12705745, -0.15770351, -0.34040616, -0.10396088]
