Kp1: -2.7763202354891545
Ki1: -0.009131937022606508
Kd1: -0.14067331485097048
Kp2: 0.08144437934574734
Ki2: 0.04599175233587041
Kd2: 0.0
init_obs: [ 0.04739821,  0.08540732, -0.13006914, -0.37272762]
