Kp1: -3.1331885432696236
Ki1: -0.010959724380299634
Kd1: -0.139345688580769
Kp2: 0.08514682425667726
Ki2: 0.04869621257768944
Kd2: 0.0
init_obs: [ 0.03127308, -0.13891744, -0.44965763, -0.08163611]
