Kp1: -2.864575197120357
Ki1: -0.010478855607150402
Kd1: -0.143765863037672
Kp2: 0.080115131906475
Ki2: 0.050889871339733106
Kd2: 0.0
init_obs: [ 0.14499362,  0.41971595, -0.09900085,  0.43899761]
