Kp1: -2.8047468401024944
Ki1: -0.009005504203928299
Kd1: -0.15603144606253921
Kp2: 0.08097179609512697
Ki2: 0.05283644072833119
Kd2: 0.0
init_obs: [ 0.38272472, -0.1680487 ,  0.45932177,  0.28071803]
