Kp1: -2.716151725592864
Ki1: -0.010088617034798306
Kd1: -0.15010469917540917
Kp2: 0.08602154529695281
Ki2: 0.04922630677161579
Kd2: 0.0
init_obs: [-0.37973732,  0.27710588, -0.3258899 ,  0.25563541]
