Kp1: -3.1825098503316074
Ki1: -0.009986306968163725
Kd1: -0.1373989590946698
Kp2: 0.08628724974458989
Ki2: 0.05283432314737126
Kd2: 0.0
init_obs: [-0.35447828, -0.38529847,  0.07640274,  0.3327341 ]
