Kp1: -3.1157995991887697
Ki1: -0.009878554363200905
Kd1: -0.14466014215839232
Kp2: 0.0761641505173334
Ki2: 0.05148664635849818
Kd2: 0.0
init_obs: [-0.23472446, -0.33381057,  0.40015509, -0.02462659]
