Kp1: -2.7620654095976582
Ki1: -0.00910332001889244
Kd1: -0.1638055680724409
Kp2: 0.07383147760561261
Ki2: 0.049881950479478944
Kd2: 0.0
init_obs: [ 0.49305512, -0.07631164,  0.02511822, -0.48439405]
