Kp1: -2.975974378641063
Ki1: -0.010867011698933914
Kd1: -0.15640958370346933
Kp2: 0.08151090406872218
Ki2: 0.04747913869273895
Kd2: 0.0
init_obs: [ 0.15422288, -0.34953308, -0.40364408, -0.18302483]
