Kp1: -2.7194388376835303
Ki1: -0.009678854036393573
Kd1: -0.14525416466009053
Kp2: 0.07612396987121917
Ki2: 0.05374898114742428
Kd2: 0.0
init_obs: [-0.45890848,  0.13216724, -0.38257172, -0.28395966]
