Kp1: -3.0317712576698406
Ki1: -0.010218460060892408
Kd1: -0.15122541325594469
Kp2: 0.07322421823987067
Ki2: 0.04877994196781438
Kd2: 0.0
init_obs: [ 0.32171312, -0.32785702, -0.08628403, -0.31772275]
