Kp1: -3.0698777169445695
Ki1: -0.01031665612253255
Kd1: -0.14879306323186656
Kp2: 0.0766407275847908
Ki2: 0.051907953977188254
Kd2: 0.0
init_obs: [-0.39438451,  0.25358573,  0.26352391, -0.16075469]
