Kp1: -2.870922558623009
Ki1: -0.010378578393368965
Kd1: -0.15506224850281894
Kp2: 0.07368123984262553
Ki2: 0.05286655533113996
Kd2: 0.0
init_obs: [-0.31205949, -0.35550016,  0.21386317, -0.01971648]
