Kp1: -3.045997613354708
Ki1: -0.009811564169565561
Kd1: -0.15116245540465242
Kp2: 0.07907785059330577
Ki2: 0.04924982294413949
Kd2: 0.0
init_obs: [ 0.26880335,  0.41707748, -0.00106815,  0.0334912 ]
