Kp1: -3.2652081830919615
Ki1: -0.010450666780262541
Kd1: -0.15186182861763414
Kp2: 0.07812403301823079
Ki2: 0.05216227816445969
Kd2: 0.0
init_obs: [0.13727057, 0.48647495, 0.45594264, 0.2629756 ]
