Kp1: -3.1667607304683205
Ki1: -0.00971278089496573
Kd1: -0.14007784335578347
Kp2: 0.0720578946282308
Ki2: 0.048618341778664385
Kd2: 0.0
init_obs: [-0.34709759,  0.1334962 , -0.28628713,  0.34415333]
