Kp1: -3.1453366199756676
Ki1: -0.010238351122011458
Kd1: -0.15122004613846907
Kp2: 0.0857265083324881
Ki2: 0.05371409826876135
Kd2: 0.0
init_obs: [-0.49599221,  0.38825566,  0.14615595,  0.2774913 ]
