Kp1: -2.7663121894407796
Ki1: -0.009193851708892305
Kd1: -0.16302995404970164
Kp2: 0.0769544605747714
Ki2: 0.05069526167506405
Kd2: 0.0
init_obs: [ 0.33189874, -0.12068227,  0.02879014,  0.44357178]
