Kp1: -3.281071797741972
Ki1: -0.00954675210478023
Kd1: -0.1629151819232824
Kp2: 0.08542055299779723
Ki2: 0.049579825192560795
Kd2: 0.0
init_obs: [-0.43366216, -0.01649442,  0.16454927, -0.35387108]
