Kp1: -2.7044468464185223
Ki1: -0.009141717341482112
Kd1: -0.1640625844923227
Kp2: 0.0859062551397475
Ki2: 0.050050455531288576
Kd2: 0.0
init_obs: [ 0.45118135,  0.0400989 , -0.24327313, -0.2742891 ]
