Kp1: -3.113935974102695
Ki1: -0.010465650242114021
Kd1: -0.16324836325381395
Kp2: 0.07509269491608583
Ki2: 0.05248633056410336
Kd2: 0.0
init_obs: [-0.27580454,  0.30844608,  0.47075955, -0.45993037]
