Kp1: -3.2302369654764305
Ki1: -0.009154263144463414
Kd1: -0.15747345326146925
Kp2: 0.07662052549238288
Ki2: 0.05113478747812609
Kd2: 0.0
init_obs: [-0.45991827,  0.06732304,  0.43947916,  0.49845848]
