Kp1: -2.963757991600951
Ki1: -0.010574087489494755
Kd1: -0.16158422710820644
Kp2: 0.0799282940887462
Ki2: 0.04849128087546589
Kd2: 0.0
init_obs: [2.35592725e-04, 4.05494111e-01, 4.64868361e-01, 1.52962833e-01]
