Kp1: -3.2108036710404297
Ki1: -0.009101257735945459
Kd1: -0.14213917801376477
Kp2: 0.07269265316834234
Ki2: 0.04705252364217701
Kd2: 0.0
init_obs: [ 0.35867518, -0.42062122, -0.2211299 ,  0.0479051 ]
