Kp1: -3.2335060068247614
Ki1: -0.01064008010027743
Kd1: -0.13870864972651528
Kp2: 0.08375313367435121
Ki2: 0.04856833521795912
Kd2: 0.0
init_obs: [ 0.08277265, -0.328705  ,  0.33703152,  0.1195951 ]
