Kp1: -2.7523865368914797
Ki1: -0.0093412235507742
Kd1: -0.13582074116870296
Kp2: 0.08776475853703714
Ki2: 0.04748304262453857
Kd2: 0.0
init_obs: [ 0.48056714,  0.0955436 ,  0.33475167, -0.27909967]
