Kp1: -2.903975373449546
Ki1: -0.010777846329709486
Kd1: -0.15659451758614057
Kp2: 0.07847233347072972
Ki2: 0.04927635309168915
Kd2: 0.0
init_obs: [ 0.18948675,  0.49856687,  0.38623182, -0.49259183]
