Kp1: -2.7930195377476963
Ki1: -0.01073522924114522
Kd1: -0.1473654011956265
Kp2: 0.08378798478616784
Ki2: 0.04546191793507737
Kd2: 0.0
init_obs: [ 0.09161047, -0.20345831,  0.43252429, -0.29241007]
