Kp1: -3.152241227668918
Ki1: -0.009078682820236087
Kd1: -0.16455523590162913
Kp2: 0.07581549159866036
Ki2: 0.05309888455323354
Kd2: 0.0
init_obs: [-0.13751855,  0.40449072,  0.41235482,  0.49128786]
