Kp1: -2.7892957967111665
Ki1: -0.009480172851304166
Kd1: -0.15208306698056367
Kp2: 0.07214635345876087
Ki2: 0.046478805692133196
Kd2: 0.0
init_obs: [ 0.20476569,  0.20988856,  0.03895299, -0.40520128]
