Kp1: -3.034760416378786
Ki1: -0.010917153174434108
Kd1: -0.1381407932914744
Kp2: 0.0754419840223692
Ki2: 0.04766845941016311
Kd2: 0.0
init_obs: [-0.21278123, -0.44767952, -0.32909644,  0.39309557]
