Kp1: -3.188984180950149
Ki1: -0.010539005254170982
Kd1: -0.143869136902958
Kp2: 0.08173474221349808
Ki2: 0.05362246684938815
Kd2: 0.0
init_obs: [0.37045441, 0.40320744, 0.18099334, 0.31687148]
