Kp1: -3.123027645645789
Ki1: -0.009958998095730108
Kd1: -0.13522043358701405
Kp2: 0.07815535185416006
Ki2: 0.0540733669779236
Kd2: 0.0
init_obs: [-0.45823267,  0.06175278,  0.40373351,  0.33079677]
