Kp1: -2.810440979033544
Ki1: -0.0109764668168264
Kd1: -0.14310343537652676
Kp2: 0.07279706065230444
Ki2: 0.05480634892469125
Kd2: 0.0
init_obs: [0.26875505, 0.10997841, 0.40666274, 0.341846  ]
