Kp1: -2.7713714252143005
Ki1: -0.010735187275656926
Kd1: -0.16195739461508066
Kp2: 0.08311312977277212
Ki2: 0.04604289330430733
Kd2: 0.0
init_obs: [ 0.0538665 ,  0.03990011, -0.02488525,  0.15954904]
