Kp1: -2.873978890512835
Ki1: -0.010821869089792071
Kd1: -0.1442949522921171
Kp2: 0.08563822414536837
Ki2: 0.05170217277580063
Kd2: 0.0
init_obs: [-0.2642098 ,  0.26790235,  0.10158379, -0.07605593]
