Kp1: -2.9170563173521735
Ki1: -0.010863130611070929
Kd1: -0.14755808394286185
Kp2: 0.08519336392954148
Ki2: 0.04594675151573018
Kd2: 0.0
init_obs: [ 0.4350547 ,  0.17558759, -0.18483014, -0.23403482]
