Kp1: -3.1074017544656964
Ki1: -0.01043596363186679
Kd1: -0.13515593963242462
Kp2: 0.08571703570811279
Ki2: 0.0515851530809255
Kd2: 0.0
init_obs: [-0.16671682, -0.32918564, -0.15708972, -0.25454997]
