Kp1: -3.161011854281905
Ki1: -0.009692244735337693
Kd1: -0.13833883322040474
Kp2: 0.08038399421291771
Ki2: 0.045715301514554635
Kd2: 0.0
init_obs: [-0.27620793, -0.09469529,  0.15192875, -0.25035673]
