Kp1: -2.8394435873429558
Ki1: -0.01083716282097626
Kd1: -0.15337769563979456
Kp2: 0.08661346772806482
Ki2: 0.04904160341118712
Kd2: 0.0
init_obs: [ 0.43494556,  0.02813415, -0.42136804,  0.20981338]
