Kp1: -3.0833565834097025
Ki1: -0.01079249322272069
Kd1: -0.14184401931007673
Kp2: 0.07340417039391885
Ki2: 0.05234512626842713
Kd2: 0.0
init_obs: [-0.1103942 , -0.05678027,  0.27244566,  0.28927672]
