Kp1: -3.029405225325255
Ki1: -0.01032692437863981
Kd1: -0.1574922194151369
Kp2: 0.07403810568869071
Ki2: 0.050546418234956716
Kd2: 0.0
init_obs: [ 0.31526586, -0.16071617, -0.07635524,  0.35388484]
