Kp1: -3.1222050724799533
Ki1: -0.009549007507072455
Kd1: -0.16171706194280042
Kp2: 0.08307915359222494
Ki2: 0.046067586082385696
Kd2: 0.0
init_obs: [-0.48005325, -0.35455168, -0.05674896,  0.19482586]
