Kp1: -3.0101413468021536
Ki1: -0.010467690524324905
Kd1: -0.15564361107306754
Kp2: 0.08073185508189186
Ki2: 0.0513000443903267
Kd2: 0.0
init_obs: [ 0.36230148,  0.28511454, -0.05548867, -0.44147851]
