Kp1: -3.0241654212118316
Ki1: -0.01005178790137416
Kd1: -0.16226791346636613
Kp2: 0.08081659532792394
Ki2: 0.048234944326298296
Kd2: 0.0
init_obs: [ 0.33213087,  0.48347327, -0.44145714, -0.25011125]
