Kp1: -3.150211436521263
Ki1: -0.009293847200172588
Kd1: -0.14950186538810198
Kp2: 0.07679823664911052
Ki2: 0.05129766842374124
Kd2: 0.0
init_obs: [-0.05435146,  0.23696933,  0.06678324,  0.39976972]
