Kp1: -3.1651457738989057
Ki1: -0.00951574026780498
Kd1: -0.16373781479100435
Kp2: 0.08782066828404578
Ki2: 0.0456867475863515
Kd2: 0.0
init_obs: [ 0.04382924,  0.33290447, -0.39538012, -0.29180051]
