Kp1: -3.136720619326445
Ki1: -0.010037021816842247
Kd1: -0.1393980037996447
Kp2: 0.07769789114753595
Ki2: 0.0479857564065145
Kd2: 0.0
init_obs: [ 0.15951439, -0.26289068,  0.1960775 ,  0.30397951]
