Kp1: -2.9229815853890027
Ki1: -0.010006976133317856
Kd1: -0.15878461805498795
Kp2: 0.08363597743659618
Ki2: 0.047685607939708365
Kd2: 0.0
init_obs: [ 0.30319511, -0.18911738, -0.29576908,  0.05828948]
