Kp1: -2.871747146098118
Ki1: -0.009729508342894303
Kd1: -0.1436059245100412
Kp2: 0.0860932129254859
Ki2: 0.047772806566828564
Kd2: 0.0
init_obs: [-0.01957392,  0.48038084,  0.08449186, -0.07034731]
