Kp1: -3.1055200144018498
Ki1: -0.00948034311716634
Kd1: -0.15283388194152012
Kp2: 0.07444493819055309
Ki2: 0.05277797461644164
Kd2: 0.0
init_obs: [-0.39095408, -0.4644448 ,  0.4587895 ,  0.22208269]
