Kp1: -2.9350991672359052
Ki1: -0.010193376142313946
Kd1: -0.1630555917981131
Kp2: 0.07379910505823782
Ki2: 0.05303074032133459
Kd2: 0.0
init_obs: [ 0.3653317 ,  0.22256287, -0.26969222,  0.15718209]
