Kp1: -3.0680962028188157
Ki1: -0.009113816512948581
Kd1: -0.15416998300193632
Kp2: 0.07702511062989535
Ki2: 0.051436421092987065
Kd2: 0.0
init_obs: [ 0.18791344, -0.22600225,  0.34048509,  0.11215313]
