Kp1: -3.223141159333693
Ki1: -0.009003596226564315
Kd1: -0.1500473023439525
Kp2: 0.08453367402758508
Ki2: 0.048593431840270644
Kd2: 0.0
init_obs: [-0.19313158,  0.30190195, -0.42354359, -0.15844601]
