Kp1: -2.854649591720487
Ki1: -0.010882831738157503
Kd1: -0.14976308905768762
Kp2: 0.0841772272526886
Ki2: 0.054997035181180313
Kd2: 0.0
init_obs: [-0.12793585,  0.37249431, -0.24584125, -0.30018388]
