Kp1: -3.1401802898488334
Ki1: -0.009308270818573555
Kd1: -0.14485159577006912
Kp2: 0.07887651641343252
Ki2: 0.04517176841142328
Kd2: 0.0
init_obs: [ 0.39433536, -0.1486243 ,  0.3149297 ,  0.46559704]
