Kp1: -3.0865362912347543
Ki1: -0.010227717723453213
Kd1: -0.1629831295702238
Kp2: 0.07911811648927938
Ki2: 0.05460253157233944
Kd2: 0.0
init_obs: [ 0.1058191 , -0.21652421, -0.39262622, -0.29226189]
