Kp1: -3.0841796645238206
Ki1: -0.010125380670667958
Kd1: -0.1399357591178345
Kp2: 0.08377993220584257
Ki2: 0.04967911891559526
Kd2: 0.0
init_obs: [-0.34377664,  0.09014004,  0.24900398, -0.44047869]
