Kp1: -3.179627271214396
Ki1: -0.009983096873191266
Kd1: -0.13913439819135193
Kp2: 0.07583504376720525
Ki2: 0.048922146585735724
Kd2: 0.0
init_obs: [-0.27931847,  0.21614694,  0.30021453,  0.48849435]
