Kp1: -2.92768975998767
Ki1: -0.010112359879938242
Kd1: -0.1508673751626907
Kp2: 0.08181400827616632
Ki2: 0.04957577676241964
Kd2: 0.0
init_obs: [-0.37353187, -0.32496762,  0.25911901,  0.02694626]
