Kp1: -3.0961792469165683
Ki1: -0.010266529003000862
Kd1: -0.14361569066550173
Kp2: 0.0749372338104287
Ki2: 0.051816063189153654
Kd2: 0.0
init_obs: [ 0.1285642 , -0.23229766, -0.4888709 , -0.07239305]
