Kp1: -3.080650173428607
Ki1: -0.009985133044512767
Kd1: -0.14811996642543052
Kp2: 0.07231066291808012
Ki2: 0.0490653501583731
Kd2: 0.0
init_obs: [-0.25374339, -0.10573554,  0.02971352, -0.15545557]
