Kp1: -3.232170227813224
Ki1: -0.01066378652285643
Kd1: -0.15657186844130203
Kp2: 0.07609590148073972
Ki2: 0.04850267257388269
Kd2: 0.0
init_obs: [ 0.17023932,  0.37135579, -0.35509657, -0.35070065]
