Kp1: -2.8348553449410283
Ki1: -0.010819524315411331
Kd1: -0.1402081542220226
Kp2: 0.08315547229904745
Ki2: 0.05392400841395744
Kd2: 0.0
init_obs: [-0.04650176, -0.21677853, -0.36185562, -0.48167425]
