Kp1: -2.9195466925885603
Ki1: -0.010368948316163236
Kd1: -0.14051589719424684
Kp2: 0.07373354048339471
Ki2: 0.05257847305826768
Kd2: 0.0
init_obs: [-0.12556956,  0.05855037, -0.33908259,  0.03578394]
