Kp1: -2.7263766728195167
Ki1: -0.00929843187922573
Kd1: -0.16130558611463275
Kp2: 0.07646929652051146
Ki2: 0.04908938288762098
Kd2: 0.0
init_obs: [-0.00776123, -0.11728053, -0.1835552 ,  0.05508977]
