Kp1: -2.905042151671789
Ki1: -0.010768098058284105
Kd1: -0.14584178296642372
Kp2: 0.08353452228258557
Ki2: 0.05422969555262215
Kd2: 0.0
init_obs: [ 0.26084133,  0.12612675,  0.21953517, -0.36493527]
