Kp1: -2.7714328095358383
Ki1: -0.010598715619048675
Kd1: -0.1569616088461196
Kp2: 0.0864780017850913
Ki2: 0.05138080306195203
Kd2: 0.0
init_obs: [-0.05784394,  0.28993177,  0.29133193, -0.31477736]
