Kp1: -3.0494208075872313
Ki1: -0.010946157425187843
Kd1: -0.15168757527306323
Kp2: 0.07553653786293807
Ki2: 0.04748843121166695
Kd2: 0.0
init_obs: [-0.30513149, -0.27275488, -0.10652722,  0.39991402]
