Kp1: -2.9961051414607605
Ki1: -0.009552921898911652
Kd1: -0.1496556346186262
Kp2: 0.07294083234720632
Ki2: 0.05431752619288636
Kd2: 0.0
init_obs: [ 0.3927116 , -0.36213115, -0.14719958,  0.02892497]
