Kp1: -3.197546092656445
Ki1: -0.010436996032607854
Kd1: -0.16481045216482387
Kp2: 0.07239728107045285
Ki2: 0.04775147385169242
Kd2: 0.0
init_obs: [ 0.2926771 , -0.27892477, -0.45617001, -0.04792104]
