Kp1: -3.233289192038181
Ki1: -0.009867158688355223
Kd1: -0.1571186727349864
Kp2: 0.08478976571813951
Ki2: 0.0493823960679374
Kd2: 0.0
init_obs: [ 0.25266232,  0.02377951, -0.03482014,  0.33168406]
