Kp1: -3.054413169349682
Ki1: -0.010915579051335517
Kd1: -0.14278830536641635
Kp2: 0.07717913415599749
Ki2: 0.05400724601090028
Kd2: 0.0
init_obs: [-0.26444375, -0.07945804, -0.32819601, -0.27117682]
