Kp1: -2.702372209038419
Ki1: -0.010860651471277604
Kd1: -0.16105297101269994
Kp2: 0.07983577821440484
Ki2: 0.0512247393450436
Kd2: 0.0
init_obs: [ 0.49233271, -0.21789254, -0.29739066,  0.46294475]
