Kp1: -2.9505322064289157
Ki1: -0.009076762066171152
Kd1: -0.15428678443280283
Kp2: 0.08586874437204141
Ki2: 0.050978858683277596
Kd2: 0.0
init_obs: [-0.14181081,  0.47217   , -0.20388372,  0.43312161]
