Kp1: -2.7812702062319814
Ki1: -0.010574523961929979
Kd1: -0.13612593737981532
Kp2: 0.08486499738485243
Ki2: 0.05300097233171385
Kd2: 0.0
init_obs: [ 0.46350851, -0.3482698 ,  0.15190545,  0.23671417]
