Kp1: -2.9451244557079663
Ki1: -0.010893269737218866
Kd1: -0.13792390474148042
Kp2: 0.08626235270690864
Ki2: 0.049788397401798336
Kd2: 0.0
init_obs: [ 0.2138969 ,  0.39400358, -0.2281638 , -0.20785528]
