Kp1: -2.792582933020542
Ki1: -0.010156321889039498
Kd1: -0.14229710985106772
Kp2: 0.07921797311952522
Ki2: 0.05307779214392441
Kd2: 0.0
init_obs: [-0.25121458, -0.41216673, -0.40782487,  0.04558665]
