Kp1: -3.235175390923815
Ki1: -0.010616572103975062
Kd1: -0.14375798390934422
Kp2: 0.08017036469571437
Ki2: 0.04936774482919953
Kd2: 0.0
init_obs: [ 0.10238345,  0.36467948,  0.0716127 , -0.21042731]
