Kp1: -3.1901387012028275
Ki1: -0.009150395926924107
Kd1: -0.1493048012650254
Kp2: 0.0730699983079449
Ki2: 0.04859186499982687
Kd2: 0.0
init_obs: [-0.11005783,  0.30207123,  0.42005925, -0.33749714]
