Kp1: -3.2004809732092587
Ki1: -0.009622555801169932
Kd1: -0.1649713962835809
Kp2: 0.07385962376690966
Ki2: 0.05007350184563352
Kd2: 0.0
init_obs: [-0.16936418, -0.33430045, -0.39835917,  0.34073392]
