Kp1: -3.265234481567421
Ki1: -0.0091722399382497
Kd1: -0.15382382626363736
Kp2: 0.08651400602435476
Ki2: 0.048988910389934276
Kd2: 0.0
init_obs: [ 0.12778619, -0.01733993, -0.31143617,  0.15680205]
