Kp1: -3.289603529689435
Ki1: -0.0096771456888273
Kd1: -0.16270838560513864
Kp2: 0.08386551737521696
Ki2: 0.05021557766436207
Kd2: 0.0
init_obs: [ 0.19382573,  0.28099701,  0.060512  , -0.36128062]
