Kp1: -2.9841112373491425
Ki1: -0.010311873483133512
Kd1: -0.16398085733060497
Kp2: 0.08660736168423865
Ki2: 0.050857341435247894
Kd2: 0.0
init_obs: [ 0.41076644,  0.35849523, -0.22592982,  0.43300774]
