Kp1: -2.716210756673613
Ki1: -0.010177560485250271
Kd1: -0.16482185292539217
Kp2: 0.07728902758442967
Ki2: 0.052200357649154296
Kd2: 0.0
init_obs: [ 0.09568521,  0.18437684,  0.41258545, -0.44882552]
