Kp1: -3.1114117155526513
Ki1: -0.010714852456387716
Kd1: -0.14789439232833348
Kp2: 0.08201045725421595
Ki2: 0.04705640471127185
Kd2: 0.0
init_obs: [-0.26282798,  0.46227177, -0.19779863, -0.04138783]
