Kp1: -3.2525060815960236
Ki1: -0.009469489590898543
Kd1: -0.13881838442660974
Kp2: 0.07320198255182132
Ki2: 0.04685976486843182
Kd2: 0.0
init_obs: [-0.01682359,  0.32196702, -0.28764117,  0.24254435]
