Kp1: -3.0066605697054962
Ki1: -0.010136359452333195
Kd1: -0.14019336969889418
Kp2: 0.08350633156756121
Ki2: 0.05145092836318439
Kd2: 0.0
init_obs: [-0.21038391,  0.07453224,  0.00031741,  0.21693232]
