Kp1: -3.240113794084955
Ki1: -0.00952756072753781
Kd1: -0.15194486913764851
Kp2: 0.08248001402595861
Ki2: 0.05315848553969134
Kd2: 0.0
init_obs: [-0.48423052,  0.30029666,  0.44815405, -0.29810795]
