Kp1: -3.0109716958373696
Ki1: -0.009670169733715026
Kd1: -0.1473024110109141
Kp2: 0.07832890356786837
Ki2: 0.050431659586480326
Kd2: 0.0
init_obs: [-0.48527378,  0.33249912, -0.20143039,  0.12860477]
