Kp1: -3.145795720163858
Ki1: -0.009446977524667593
Kd1: -0.15194646198873918
Kp2: 0.08420247955638516
Ki2: 0.05250941972862405
Kd2: 0.0
init_obs: [ 0.17969859, -0.11346805,  0.49295297,  0.16537291]
