Kp1: -2.803156317523693
Ki1: -0.009449697671512715
Kd1: -0.14683429348323918
Kp2: 0.08297781352805501
Ki2: 0.0506213758181171
Kd2: 0.0
init_obs: [ 0.44905246, -0.33658112, -0.01069675,  0.25441893]
