Kp1: -3.1044663623154536
Ki1: -0.010443615438916394
Kd1: -0.13693004308326037
Kp2: 0.07900400380053556
Ki2: 0.04687456954356189
Kd2: 0.0
init_obs: [ 0.41918439, -0.42978763, -0.32199343, -0.13781604]
