Kp1: -3.2581922922973074
Ki1: -0.009547239347679244
Kd1: -0.14333798789704674
Kp2: 0.08333590114595658
Ki2: 0.05271025982147098
Kd2: 0.0
init_obs: [ 0.20676009, -0.24448164, -0.23022928,  0.41880164]
