Kp1: -2.899612781933702
Ki1: -0.010113991732330303
Kd1: -0.14498547492725833
Kp2: 0.07241753384909887
Ki2: 0.048909766162772816
Kd2: 0.0
init_obs: [-0.44176771, -0.1327694 ,  0.44031375,  0.33264091]
