Kp1: -3.0375429540368186
Ki1: -0.009828892805496224
Kd1: -0.15697875014468482
Kp2: 0.07820124598244073
Ki2: 0.049110629173270075
Kd2: 0.0
init_obs: [-0.14219341,  0.13207908,  0.09523837, -0.49272613]
