Kp1: -3.2055471406587106
Ki1: -0.010055192468891335
Kd1: -0.15366709660198402
Kp2: 0.07344512490496886
Ki2: 0.046488597538549885
Kd2: 0.0
init_obs: [-0.18380116,  0.02283151,  0.24270255, -0.10645356]
