Kp1: -3.205356968109882
Ki1: -0.009080910800107657
Kd1: -0.139779413514877
Kp2: 0.08547363648476751
Ki2: 0.05306753460431696
Kd2: 0.0
init_obs: [-0.36989127,  0.47977791,  0.09972247, -0.33015221]
