Kp1: -3.0263740590536248
Ki1: -0.009894608108225926
Kd1: -0.148929799497491
Kp2: 0.08062482804624628
Ki2: 0.045830219404516453
Kd2: 0.0
init_obs: [-0.08349722, -0.47566526, -0.22066201,  0.02087361]
