Kp1: -3.0889342335337657
Ki1: -0.01011510643519811
Kd1: -0.1421215042602416
Kp2: 0.07984982702435096
Ki2: 0.051779464524847565
Kd2: 0.0
init_obs: [-0.2322846 ,  0.17198405,  0.17668358,  0.19893642]
