Kp1: -3.0699283078993966
Ki1: -0.009421653726855458
Kd1: -0.16328451478639475
Kp2: 0.07557547950879472
Ki2: 0.054737448412739344
Kd2: 0.0
init_obs: [ 0.47162727, -0.34575346,  0.35368522, -0.14400762]
