Kp1: -2.8780765414188356
Ki1: -0.010682103291507828
Kd1: -0.15516723940400523
Kp2: 0.08207995608950054
Ki2: 0.05401115673826456
Kd2: 0.0
init_obs: [-0.33077794, -0.03472983,  0.4140774 ,  0.08338225]
