Kp1: -3.2473619137013054
Ki1: -0.009905949265230892
Kd1: -0.1492358369555051
Kp2: 0.08626677878498752
Ki2: 0.04903695741675748
Kd2: 0.0
init_obs: [ 0.06772784,  0.41327897, -0.3605064 , -0.37203457]
