Kp1: -3.0818411470251323
Ki1: -0.010854352841450239
Kd1: -0.15095199864263448
Kp2: 0.07873389354452272
Ki2: 0.052233817211369285
Kd2: 0.0
init_obs: [ 0.07630428, -0.02364434, -0.14463575, -0.04195038]
