Kp1: -3.2147913919773234
Ki1: -0.009214580995314128
Kd1: -0.15771729990291652
Kp2: 0.08448783478954187
Ki2: 0.053162613898528104
Kd2: 0.0
init_obs: [-0.14053844,  0.21758451,  0.45750759, -0.35696281]
