Kp1: -3.1129708338176343
Ki1: -0.009601765232206917
Kd1: -0.14277187304114505
Kp2: 0.08379169942582411
Ki2: 0.05421021386376158
Kd2: 0.0
init_obs: [ 0.15587277, -0.48595829,  0.28524977,  0.19679981]
