Kp1: -2.8895922778261207
Ki1: -0.009179824582528355
Kd1: -0.16206460670007014
Kp2: 0.07715803153610454
Ki2: 0.05104112756344695
Kd2: 0.0
init_obs: [-0.43755795,  0.14924801, -0.17970727,  0.42387548]
