Kp1: -2.954567832294871
Ki1: -0.009743450259255994
Kd1: -0.15173122110924658
Kp2: 0.07626996206165985
Ki2: 0.05367689984411587
Kd2: 0.0
init_obs: [0.20672267, 0.26673589, 0.28429157, 0.00482722]
