Kp1: -2.961117479429642
Ki1: -0.009378332671732636
Kd1: -0.1390515256427059
Kp2: 0.07388121446198813
Ki2: 0.052656364470841426
Kd2: 0.0
init_obs: [-0.28254422, -0.04634883, -0.01308978, -0.27607711]
