Kp1: -2.9784973113096984
Ki1: -0.01067586471995865
Kd1: -0.1395717939652036
Kp2: 0.0752468484774056
Ki2: 0.05104386642980824
Kd2: 0.0
init_obs: [ 0.20535845,  0.45513488,  0.34831485, -0.34081909]
