Kp1: -3.205784459928151
Ki1: -0.010865850687140875
Kd1: -0.1613972957994991
Kp2: 0.07250267537599561
Ki2: 0.049789297520515904
Kd2: 0.0
init_obs: [ 0.17033114,  0.25591391,  0.48899471, -0.33197337]
