Kp1: -3.0311449848634595
Ki1: -0.01095739570009279
Kd1: -0.1469913424914195
Kp2: 0.07458489081632179
Ki2: 0.04511614822325997
Kd2: 0.0
init_obs: [0.06237308, 0.49858461, 0.27395127, 0.40054779]
