Kp1: -2.9498852294061653
Ki1: -0.010641016577924467
Kd1: -0.16417565409209314
Kp2: 0.07667944342689312
Ki2: 0.045244121229884665
Kd2: 0.0
init_obs: [ 0.32253654,  0.42888068,  0.3817584 , -0.19633343]
