Kp1: -3.0278509482283473
Ki1: -0.009304274849322018
Kd1: -0.15619370942901734
Kp2: 0.08034596464158128
Ki2: 0.052794830542358256
Kd2: 0.0
init_obs: [ 0.28732405,  0.19687144, -0.29703983,  0.33311121]
