Kp1: -3.153447728584828
Ki1: -0.01072841605493813
Kd1: -0.13902977442070585
Kp2: 0.07934570058186774
Ki2: 0.04696487868003141
Kd2: 0.0
init_obs: [-0.38826665,  0.18126875,  0.34865818, -0.17983004]
