Kp1: -2.8857008075432287
Ki1: -0.010962153406535826
Kd1: -0.15410591093920664
Kp2: 0.08695980697357979
Ki2: 0.04612280323889173
Kd2: 0.0
init_obs: [-0.41639977, -0.27019307, -0.07198708,  0.33134397]
