Kp1: -2.803368387369277
Ki1: -0.009749186921144348
Kd1: -0.1451964729475202
Kp2: 0.07730543890790298
Ki2: 0.0499383266929192
Kd2: 0.0
init_obs: [ 0.48744246,  0.45527956,  0.32255842, -0.2345409 ]
