Kp1: -2.7902799742115416
Ki1: -0.009898837340548779
Kd1: -0.14930296649180783
Kp2: 0.07322175235856264
Ki2: 0.046738369594427
Kd2: 0.0
init_obs: [ 0.2302195 ,  0.37159233,  0.04177377, -0.37009184]
