Kp1: -2.757100747307075
Ki1: -0.009840415112377878
Kd1: -0.1447155271314123
Kp2: 0.08040417010403218
Ki2: 0.04516184606911912
Kd2: 0.0
init_obs: [0.42503822, 0.36783694, 0.06929895, 0.11112882]
