Kp1: -2.9033328694278087
Ki1: -0.009354729635161058
Kd1: -0.15393617343509028
Kp2: 0.08354105571930015
Ki2: 0.054377105556038474
Kd2: 0.0
init_obs: [-0.1131823 ,  0.30302328,  0.3856982 , -0.49847533]
