Kp1: -2.9452771947004206
Ki1: -0.010355607774753283
Kd1: -0.13681180547064742
Kp2: 0.08208384419360379
Ki2: 0.05305542986215657
Kd2: 0.0
init_obs: [-0.35465586,  0.32351111,  0.43066708, -0.07418143]
