Kp1: -3.2539745288082056
Ki1: -0.010100438811720503
Kd1: -0.14442230228251515
Kp2: 0.07697185583253059
Ki2: 0.0540275804569984
Kd2: 0.0
init_obs: [ 0.46620636,  0.01415697, -0.15263175,  0.21795154]
