Kp1: -2.8949532677328906
Ki1: -0.009654364429289502
Kd1: -0.13676920930440642
Kp2: 0.07825103917262592
Ki2: 0.04586667615428976
Kd2: 0.0
init_obs: [ 0.22908012, -0.42688513, -0.27013454,  0.13886375]
