Kp1: -2.854836003253047
Ki1: -0.009157419960404865
Kd1: -0.15171460928947703
Kp2: 0.0796128655804675
Ki2: 0.05408404475491414
Kd2: 0.0
init_obs: [-0.18984716,  0.16869534,  0.40729628,  0.15230845]
