Kp1: -3.1362985470586584
Ki1: -0.009612945392256381
Kd1: -0.14083547160611795
Kp2: 0.0764395640964867
Ki2: 0.04626991865286231
Kd2: 0.0
init_obs: [-0.25814515, -0.26109789,  0.42524821,  0.07995858]
