Kp1: -2.7774316915986814
Ki1: -0.009512002314062025
Kd1: -0.14218430434789386
Kp2: 0.0800094074543045
Ki2: 0.05266930390267134
Kd2: 0.0
init_obs: [-0.03866891,  0.16037743,  0.22472561, -0.25433098]
