Kp1: -2.990889258058675
Ki1: -0.009212707762914905
Kd1: -0.1421361821076047
Kp2: 0.073621653778902
Ki2: 0.05379648040804557
Kd2: 0.0
init_obs: [0.29247092, 0.21357912, 0.3987375 , 0.34812088]
