Kp1: -3.0775480860584636
Ki1: -0.009403808134723008
Kd1: -0.1391088261565309
Kp2: 0.08689627472733412
Ki2: 0.05402332514318925
Kd2: 0.0
init_obs: [ 0.11411395,  0.12978211,  0.49560511, -0.13601073]
