Kp1: -3.020519771332621
Ki1: -0.01044552170222258
Kd1: -0.1577719326010078
Kp2: 0.0805267143096173
Ki2: 0.04666903521483251
Kd2: 0.0
init_obs: [-0.21130461, -0.19909431,  0.44093552,  0.10139047]
