Kp1: -3.2003733615592966
Ki1: -0.010990048533975439
Kd1: -0.1517436926583607
Kp2: 0.08071891490315139
Ki2: 0.052066989725249306
Kd2: 0.0
init_obs: [ 0.23155689,  0.22215488, -0.07284446,  0.36609856]
