Kp1: -2.86536037147211
Ki1: -0.010173657982238791
Kd1: -0.16403414052279844
Kp2: 0.0784798100655121
Ki2: 0.0452389061515108
Kd2: 0.0
init_obs: [ 0.47184503,  0.35236907, -0.29050644, -0.3126415 ]
