Kp1: -2.9259420724030294
Ki1: -0.009275783077223163
Kd1: -0.15461133392624238
Kp2: 0.08462640257925604
Ki2: 0.05138524449371276
Kd2: 0.0
init_obs: [-0.19796577,  0.3507484 , -0.20978542,  0.37632131]
