Kp1: -2.7487987866802115
Ki1: -0.010814655441951117
Kd1: -0.14150454820432193
Kp2: 0.07347157974235789
Ki2: 0.046311790658488575
Kd2: 0.0
init_obs: [-0.40295727,  0.04038593,  0.13466895,  0.36327218]
