Kp1: -3.198330712528547
Ki1: -0.010016015381731243
Kd1: -0.1489410503051505
Kp2: 0.07515480796434801
Ki2: 0.04650845821761074
Kd2: 0.0
init_obs: [-0.16942602,  0.16010841, -0.34529946, -0.04362385]
