Kp1: -3.1932303737322534
Ki1: -0.01044926808055483
Kd1: -0.15459255906871225
Kp2: 0.07647357075328698
Ki2: 0.05316093321476889
Kd2: 0.0
init_obs: [ 0.36447876, -0.10735226,  0.32766209,  0.02411473]
