Kp1: -2.8674833619771523
Ki1: -0.01016919512629324
Kd1: -0.15943355970785217
Kp2: 0.08769900178055219
Ki2: 0.05369198261834336
Kd2: 0.0
init_obs: [-0.1938198 , -0.35042599, -0.14720953, -0.24740204]
