Kp1: -2.764487360704616
Ki1: -0.009734092776988458
Kd1: -0.1410712672068408
Kp2: 0.08731079495104181
Ki2: 0.04595671299990267
Kd2: 0.0
init_obs: [-0.46323983, -0.32689672,  0.03089884,  0.02562888]
