Kp1: -3.233305926990267
Ki1: -0.009834066421579803
Kd1: -0.13703016489211786
Kp2: 0.08626804653404994
Ki2: 0.047612848604768
Kd2: 0.0
init_obs: [ 0.12178857,  0.08868882, -0.4552656 , -0.48436949]
