Kp1: -2.941888989263221
Ki1: -0.009648528333062362
Kd1: -0.14735072018347653
Kp2: 0.07511929588635577
Ki2: 0.053253827938019895
Kd2: 0.0
init_obs: [ 0.24322276,  0.36040964, -0.31835875, -0.10341862]
