Kp1: -3.01440115113342
Ki1: -0.010047684461997282
Kd1: -0.15311439102807975
Kp2: 0.08178308277588758
Ki2: 0.049738823064880956
Kd2: 0.0
init_obs: [ 0.40593966, -0.00144138,  0.32378086,  0.46757941]
