Kp1: -3.2274696890000243
Ki1: -0.010052529580476395
Kd1: -0.14956463089992075
Kp2: 0.08068733558877528
Ki2: 0.04585430703363157
Kd2: 0.0
init_obs: [-0.29809406,  0.11493548, -0.26853536, -0.4662556 ]
