Kp1: -2.8818871579914727
Ki1: -0.00997123772007793
Kd1: -0.16256199631226215
Kp2: 0.07455216460621841
Ki2: 0.04830735588564471
Kd2: 0.0
init_obs: [-0.47419569,  0.06468726,  0.43066297, -0.37814814]
