Kp1: -3.222854129413162
Ki1: -0.01071013573048765
Kd1: -0.13984773522888583
Kp2: 0.08092540733614285
Ki2: 0.05009591161769812
Kd2: 0.0
init_obs: [-0.36949932,  0.41193356,  0.02901435, -0.09619486]
