Kp1: -2.8878340450033115
Ki1: -0.010446362002094913
Kd1: -0.13635560690931378
Kp2: 0.08534423151189545
Ki2: 0.04614136440400656
Kd2: 0.0
init_obs: [-0.16576694,  0.12785882, -0.12282122,  0.21246204]
