Kp1: -2.962756571760517
Ki1: -0.010748892050846746
Kd1: -0.15431955893828478
Kp2: 0.07348137641182952
Ki2: 0.045053243942699064
Kd2: 0.0
init_obs: [-0.3254034 ,  0.47420737,  0.16358057,  0.20827226]
