Kp1: -2.799918408470263
Ki1: -0.009445395651100044
Kd1: -0.13571062389302802
Kp2: 0.0734861465294285
Ki2: 0.049825018362976814
Kd2: 0.0
init_obs: [0.41105777, 0.3523686 , 0.20849964, 0.11792841]
