Kp1: -3.079481694739793
Ki1: -0.010233739270925444
Kd1: -0.1378235843166822
Kp2: 0.07280890725825061
Ki2: 0.04923797298134219
Kd2: 0.0
init_obs: [-0.11846856, -0.28124486,  0.23700831,  0.1889968 ]
