Kp1: -3.073161234569072
Ki1: -0.010267009828968979
Kd1: -0.14827877900964334
Kp2: 0.0837481010636839
Ki2: 0.0499143394150674
Kd2: 0.0
init_obs: [0.24655722, 0.30054798, 0.05843174, 0.18027502]
