Kp1: -3.1792565319105943
Ki1: -0.009142836674915885
Kd1: -0.1521364183957215
Kp2: 0.08477747630742805
Ki2: 0.047408377940398955
Kd2: 0.0
init_obs: [ 0.37274639, -0.09774912,  0.2226476 , -0.32173532]
