Kp1: -2.7193834477725245
Ki1: -0.009593425495311602
Kd1: -0.14719070122548808
Kp2: 0.08159969113806663
Ki2: 0.05021868285011352
Kd2: 0.0
init_obs: [ 0.15424755, -0.07066471, -0.04167769,  0.09747513]
