Kp1: -3.103476020899071
Ki1: -0.010586320839606055
Kd1: -0.1527718176634121
Kp2: 0.07695796928348803
Ki2: 0.04597004373232656
Kd2: 0.0
init_obs: [ 0.33869976,  0.49972117, -0.37612644, -0.3762034 ]
