Kp1: -2.7726913586479167
Ki1: -0.009009934704699641
Kd1: -0.1627757931791386
Kp2: 0.08306889489254564
Ki2: 0.05448401474982813
Kd2: 0.0
init_obs: [ 0.07110033, -0.0870549 ,  0.16616996, -0.38181966]
