Kp1: -2.9599789659796345
Ki1: -0.009040842943937961
Kd1: -0.1448518286371878
Kp2: 0.0874590000155789
Ki2: 0.047011717333615685
Kd2: 0.0
init_obs: [-0.16227882,  0.38290114, -0.31134367,  0.19958847]
