Kp1: -3.009501118710096
Ki1: -0.010416939562236603
Kd1: -0.15906269949101765
Kp2: 0.07702628216059909
Ki2: 0.04700388538594695
Kd2: 0.0
init_obs: [-0.06000789,  0.09018848, -0.47978268, -0.26111243]
