Kp1: -2.8182890704118866
Ki1: -0.010845663479859524
Kd1: -0.1576825437252753
Kp2: 0.08252094037951117
Ki2: 0.05252790223843069
Kd2: 0.0
init_obs: [0.11703361, 0.48254482, 0.15575407, 0.31328423]
