Kp1: -2.936094191156557
Ki1: -0.009860965774277017
Kd1: -0.1578249635018595
Kp2: 0.07376617516052786
Ki2: 0.05324142580054944
Kd2: 0.0
init_obs: [ 0.14412142,  0.02526722,  0.14521665, -0.42879953]
