Kp1: -3.0275340919046143
Ki1: -0.0099529459501677
Kd1: -0.15038421306245733
Kp2: 0.08762182112385761
Ki2: 0.05386832374867728
Kd2: 0.0
init_obs: [-0.35601171, -0.47294703, -0.14279171,  0.12658834]
