Kp1: -2.8224253952680325
Ki1: -0.009654801383351263
Kd1: -0.15271182538252653
Kp2: 0.08580201716723806
Ki2: 0.05028492442087876
Kd2: 0.0
init_obs: [-0.15558013,  0.13952212, -0.10351247,  0.20904599]
