Kp1: -3.200205530536764
Ki1: -0.009688450817601507
Kd1: -0.13819169935675274
Kp2: 0.07530570065624667
Ki2: 0.04856334827882268
Kd2: 0.0
init_obs: [-0.07086046,  0.27109544,  0.32107897,  0.07487666]
