Kp1: -3.059577350062608
Ki1: -0.009856196610868442
Kd1: -0.14037337447064213
Kp2: 0.07217085765536711
Ki2: 0.05261703000291068
Kd2: 0.0
init_obs: [-0.43715292,  0.35359564, -0.21684694,  0.4755864 ]
