Kp1: -3.0187533101840556
Ki1: -0.010419650544976731
Kd1: -0.1518210928082368
Kp2: 0.08618494434579224
Ki2: 0.04834831653144367
Kd2: 0.0
init_obs: [ 0.47470144, -0.3912516 , -0.3445729 , -0.10645414]
