Kp1: -2.899978901281097
Ki1: -0.009910515854886304
Kd1: -0.15041132919287417
Kp2: 0.08760926364769546
Ki2: 0.04732348621913562
Kd2: 0.0
init_obs: [-0.45840516,  0.42297144, -0.09089248, -0.47005588]
