Kp1: -2.7756823208536163
Ki1: -0.010968135767405627
Kd1: -0.16456629721201313
Kp2: 0.07336424057127128
Ki2: 0.05159229594890168
Kd2: 0.0
init_obs: [-0.06481935,  0.3141361 , -0.19248446,  0.11499949]
