Kp1: -3.1289169700545254
Ki1: -0.010532986800684046
Kd1: -0.14135524073922556
Kp2: 0.07318976717192104
Ki2: 0.05419546277044699
Kd2: 0.0
init_obs: [ 0.27134623, -0.14903069, -0.13814017, -0.22683738]
