Kp1: -2.9904299531975225
Ki1: -0.009765311192651872
Kd1: -0.15456878358327816
Kp2: 0.08269766228930221
Ki2: 0.05459582538193403
Kd2: 0.0
init_obs: [ 0.29505252,  0.04378596, -0.19644618, -0.06945158]
