Kp1: -2.9600012596415763
Ki1: -0.010358699301892345
Kd1: -0.1511510572952758
Kp2: 0.07235346687349499
Ki2: 0.0456997289011035
Kd2: 0.0
init_obs: [-0.41442287,  0.14986859, -0.16892085,  0.17243432]
