Kp1: -3.228369662710242
Ki1: -0.009042835015997177
Kd1: -0.1642745926233135
Kp2: 0.08603405348968587
Ki2: 0.047107959512330655
Kd2: 0.0
init_obs: [ 0.25909441,  0.41426759, -0.02937536,  0.03582654]
