Kp1: -2.7612878995208896
Ki1: -0.01011155948059344
Kd1: -0.14114029497402975
Kp2: 0.07494430130666717
Ki2: 0.05003105536477892
Kd2: 0.0
init_obs: [ 0.24102333, -0.2974859 , -0.30838603, -0.13237007]
