Kp1: -3.0964690031702755
Ki1: -0.009499805499795228
Kd1: -0.1615032695301106
Kp2: 0.08154069651167292
Ki2: 0.04987060427701637
Kd2: 0.0
init_obs: [ 0.23134494, -0.35937304,  0.47430403, -0.32960405]
