Kp1: -3.1372043264604454
Ki1: -0.009509562989881407
Kd1: -0.15643285560331802
Kp2: 0.083219427427331
Ki2: 0.04726735075505356
Kd2: 0.0
init_obs: [-4.02164865e-01,  1.56905172e-04, -3.07573275e-01, -1.49525400e-01]
