Kp1: -2.8678264805899856
Ki1: -0.009713124960707052
Kd1: -0.15378826403967896
Kp2: 0.08744275295878089
Ki2: 0.04731486041484891
Kd2: 0.0
init_obs: [ 0.10199117,  0.09483702, -0.28774598,  0.08107313]
