Kp1: -2.9155595708373
Ki1: -0.01057499166798899
Kd1: -0.15598310803745308
Kp2: 0.0736993906360181
Ki2: 0.05301242299886168
Kd2: 0.0
init_obs: [-0.41468209, -0.46355738,  0.22819324,  0.16312432]
