Kp1: -3.0663506149495996
Ki1: -0.009382017174736575
Kd1: -0.13726551772222353
Kp2: 0.0721739551805942
Ki2: 0.052909928477783155
Kd2: 0.0
init_obs: [ 0.19586171,  0.28179859, -0.2544859 ,  0.03049884]
