Kp1: -3.1811198789871358
Ki1: -0.010864276071331317
Kd1: -0.14275597819399205
Kp2: 0.08442665275959792
Ki2: 0.04801511688088004
Kd2: 0.0
init_obs: [-0.14330088, -0.44905363,  0.15209576,  0.14406833]
