Kp1: -3.284396921622112
Ki1: -0.010027396465727268
Kd1: -0.14921531346834666
Kp2: 0.07222217408378499
Ki2: 0.04985308608161392
Kd2: 0.0
init_obs: [-0.37963137,  0.40244064,  0.23452005,  0.4809445 ]
