Kp1: -2.9240811063253425
Ki1: -0.0093278843185301
Kd1: -0.14487377222328646
Kp2: 0.0859014907884137
Ki2: 0.053648754692002726
Kd2: 0.0
init_obs: [ 0.28914654, -0.30614182, -0.30071898,  0.42286114]
