Kp1: -3.2873220438924573
Ki1: -0.009562204475400163
Kd1: -0.15184084200198436
Kp2: 0.08129873242438265
Ki2: 0.045768084197105846
Kd2: 0.0
init_obs: [-0.25541885,  0.32649625, -0.45644791,  0.07757588]
