Kp1: -2.921042713462109
Ki1: -0.010304168883098597
Kd1: -0.15931056565188106
Kp2: 0.08046649955265059
Ki2: 0.04542848893472237
Kd2: 0.0
init_obs: [-0.17193899, -0.02300438,  0.46032264, -0.06038961]
