Kp1: -3.2540734091073897
Ki1: -0.009586422928993811
Kd1: -0.15694032468903
Kp2: 0.08613228182601415
Ki2: 0.04917046656031832
Kd2: 0.0
init_obs: [ 0.41378981, -0.10260023,  0.30094343, -0.46659471]
