Kp1: -2.918447737572774
Ki1: -0.00941987923298355
Kd1: -0.15304138790822194
Kp2: 0.0819897729594354
Ki2: 0.04614508759775903
Kd2: 0.0
init_obs: [ 0.43639706, -0.28999302,  0.40429093,  0.19219892]
