Kp1: -2.7405095292862707
Ki1: -0.010271648840072011
Kd1: -0.15950604149754852
Kp2: 0.07326364544386031
Ki2: 0.053724144017888914
Kd2: 0.0
init_obs: [-0.3611088 ,  0.33393223,  0.09766495, -0.031151  ]
