Kp1: -3.1171792724531526
Ki1: -0.010633919008475674
Kd1: -0.15309579606830612
Kp2: 0.07809663516356893
Ki2: 0.049570225853301855
Kd2: 0.0
init_obs: [-0.23165694,  0.03620621, -0.43840969, -0.13790803]
