Kp1: -2.787433067049167
Ki1: -0.00965520644218664
Kd1: -0.13503350958827287
Kp2: 0.08761890609782741
Ki2: 0.05391837158622631
Kd2: 0.0
init_obs: [-0.22780701, -0.09351395, -0.16142251, -0.04113471]
