Kp1: -2.7470037572201953
Ki1: -0.009953480954408374
Kd1: -0.1559211373368153
Kp2: 0.08406707103896538
Ki2: 0.04600197743560662
Kd2: 0.0
init_obs: [-0.35181503,  0.31678492, -0.22177436,  0.40213138]
