Kp1: -2.739421717497242
Ki1: -0.009354699836811508
Kd1: -0.16120009540097543
Kp2: 0.07590056088561148
Ki2: 0.05422575112139503
Kd2: 0.0
init_obs: [-0.11620121, -0.49617371,  0.49195541,  0.03344265]
