Kp1: -2.7217751780780732
Ki1: -0.010838095914987944
Kd1: -0.14289732959761958
Kp2: 0.07390784647151401
Ki2: 0.049087896806814385
Kd2: 0.0
init_obs: [ 0.04872871, -0.19681833, -0.05137132,  0.34149844]
