Kp1: -2.8338366735672746
Ki1: -0.010344139645054826
Kd1: -0.14559356028180542
Kp2: 0.08059506609645425
Ki2: 0.05197306268645481
Kd2: 0.0
init_obs: [ 0.35873127,  0.37734584, -0.25544159,  0.1883767 ]
