Kp1: -2.8046262823517814
Ki1: -0.010973223416565838
Kd1: -0.16357863162095335
Kp2: 0.08350561703782063
Ki2: 0.04932036744856878
Kd2: 0.0
init_obs: [-0.1392306 ,  0.13390309,  0.46759922, -0.01510891]
