Kp1: -2.954122482430779
Ki1: -0.009619463960451189
Kd1: -0.13781058713664646
Kp2: 0.08103183890016614
Ki2: 0.04835660348942869
Kd2: 0.0
init_obs: [-0.31836727, -0.29433859, -0.38520533, -0.10009011]
