Kp1: -3.242734139418774
Ki1: -0.010774803250087102
Kd1: -0.1577335787154753
Kp2: 0.0808756301000154
Ki2: 0.046213653967480256
Kd2: 0.0
init_obs: [ 0.43763243,  0.08038755, -0.43240948,  0.1859072 ]
