Kp1: -2.7862242930912524
Ki1: -0.009077638523422603
Kd1: -0.1535067229190621
Kp2: 0.07883228741730613
Ki2: 0.04787710598758655
Kd2: 0.0
init_obs: [ 0.04462077,  0.07404341,  0.4854894 , -0.45933241]
