Kp1: -3.2703413184476515
Ki1: -0.009989269949255017
Kd1: -0.15486183863844732
Kp2: 0.08591530654252905
Ki2: 0.0502059377802374
Kd2: 0.0
init_obs: [ 3.35271019e-01, -1.99462025e-02, -4.22267846e-01,  2.19999657e-04]
