Kp1: -2.9608986861891182
Ki1: -0.010181722171223592
Kd1: -0.1481363631329047
Kp2: 0.07438835161806528
Ki2: 0.04533547162371473
Kd2: 0.0
init_obs: [-0.22839101, -0.29184104,  0.45150003,  0.00928419]
