Kp1: -2.998815073989196
Ki1: -0.010478500032673721
Kd1: -0.1450358666192378
Kp2: 0.07338904907272659
Ki2: 0.052332050564536374
Kd2: 0.0
init_obs: [-0.13101118,  0.06122611,  0.14567213,  0.02218886]
