Kp1: -2.8299669519077506
Ki1: -0.009107379615091117
Kd1: -0.15067752394353276
Kp2: 0.07609361635826085
Ki2: 0.05399041180721691
Kd2: 0.0
init_obs: [-0.11911058,  0.27203965, -0.28079964,  0.34428057]
