Kp1: -2.777786259075793
Ki1: -0.009869842032868142
Kd1: -0.15274760752100047
Kp2: 0.07517560133132298
Ki2: 0.05039908383421689
Kd2: 0.0
init_obs: [-0.32047286,  0.31418998, -0.31680905,  0.06883954]
