Kp1: -2.9686856105940986
Ki1: -0.009666620495293132
Kd1: -0.15750400762677158
Kp2: 0.08773601329497652
Ki2: 0.04679450794095863
Kd2: 0.0
init_obs: [ 0.31598544,  0.34958542, -0.43062182,  0.46123793]
