Kp1: -2.9536753889543097
Ki1: -0.010196422948800386
Kd1: -0.15692333394968216
Kp2: 0.08336402640391422
Ki2: 0.05030793991256843
Kd2: 0.0
init_obs: [ 0.49204884, -0.19238749,  0.46114721,  0.44702467]
