Kp1: -2.7411307041302924
Ki1: -0.010506117461197484
Kd1: -0.16026862003881434
Kp2: 0.08487077097888486
Ki2: 0.05298395880789886
Kd2: 0.0
init_obs: [ 0.44377057,  0.02002858,  0.39418605, -0.3906905 ]
