Kp1: -2.7608408562257925
Ki1: -0.010349972569694419
Kd1: -0.15356744179484635
Kp2: 0.08366988860937605
Ki2: 0.04784756901064897
Kd2: 0.0
init_obs: [ 0.19917134,  0.1669972 , -0.31353826,  0.07464792]
