Kp1: -2.808247468574617
Ki1: -0.009113571628309296
Kd1: -0.154863597676978
Kp2: 0.07843639700661627
Ki2: 0.049209062851662655
Kd2: 0.0
init_obs: [ 0.32586405, -0.29908287,  0.17479714,  0.30915741]
