Kp1: -3.024398548571755
Ki1: -0.00918769319264522
Kd1: -0.15899157708179756
Kp2: 0.07556534287770697
Ki2: 0.04967578239372233
Kd2: 0.0
init_obs: [ 0.29025853, -0.40377187, -0.19179398,  0.09004711]
