Kp1: -3.111230107485025
Ki1: -0.010507420523660516
Kd1: -0.16364423436863615
Kp2: 0.08423215886870303
Ki2: 0.04875054726196572
Kd2: 0.0
init_obs: [ 0.02912213, -0.47781441, -0.40508647, -0.16934199]
