Kp1: -3.1681692353023436
Ki1: -0.010350819957649922
Kd1: -0.16478172432893104
Kp2: 0.07859225134619882
Ki2: 0.048098119574673616
Kd2: 0.0
init_obs: [ 0.1752652 ,  0.15572033, -0.34077769,  0.14932216]
