Kp1: -2.981276836260613
Ki1: -0.01081953956892996
Kd1: -0.1619040012909228
Kp2: 0.07737481707676212
Ki2: 0.052093781809505836
Kd2: 0.0
init_obs: [ 0.42395757, -0.15961985, -0.17763664, -0.23072872]
