Kp1: -3.186872195160854
Ki1: -0.010325975775122627
Kd1: -0.16427447570952236
Kp2: 0.07569846046955213
Ki2: 0.05232460872072894
Kd2: 0.0
init_obs: [-0.20159226,  0.4417466 ,  0.41877048, -0.31262116]
