Kp1: -2.927875575870913
Ki1: -0.009417541995543507
Kd1: -0.16480235466992468
Kp2: 0.07370544927723448
Ki2: 0.050390445943074694
Kd2: 0.0
init_obs: [-0.36911086,  0.31336799, -0.19938359,  0.23840554]
