Kp1: -2.9438270412269985
Ki1: -0.009355661001898146
Kd1: -0.136545203699595
Kp2: 0.08352207886408093
Ki2: 0.04598035198921299
Kd2: 0.0
init_obs: [-0.19289336,  0.47447395, -0.37434817,  0.2182044 ]
