Kp1: -2.968189783348013
Ki1: -0.010151926230885098
Kd1: -0.15781985163172957
Kp2: 0.08176589736322404
Ki2: 0.053011391252802686
Kd2: 0.0
init_obs: [ 0.25178253,  0.34167555, -0.15624514, -0.1770675 ]
