Kp1: -2.808581963667087
Ki1: -0.010650713870278139
Kd1: -0.14245124303833623
Kp2: 0.07441077924485445
Ki2: 0.04806838779061611
Kd2: 0.0
init_obs: [-0.05562446, -0.36176586,  0.19733667, -0.42116352]
