Kp1: -3.109955061932851
Ki1: -0.010445789830425557
Kd1: -0.16055510948772186
Kp2: 0.07531729180715939
Ki2: 0.05252389060637758
Kd2: 0.0
init_obs: [-0.11631385, -0.33305376, -0.25978893,  0.32146094]
