Kp1: -2.823040737745492
Ki1: -0.009640375465058488
Kd1: -0.13949595186754518
Kp2: 0.07476750193753588
Ki2: 0.053566767009728136
Kd2: 0.0
init_obs: [-0.32743289,  0.32979199,  0.42339653,  0.45591184]
