Kp1: -2.944396086432095
Ki1: -0.009195750079638295
Kd1: -0.1610295439516674
Kp2: 0.07776982390877858
Ki2: 0.052652539605333226
Kd2: 0.0
init_obs: [-0.37019583, -0.28298016, -0.12760431, -0.46952865]
