Kp1: -2.703014696612459
Ki1: -0.010032461325951394
Kd1: -0.13549472890554104
Kp2: 0.072668357001211
Ki2: 0.051439805268341625
Kd2: 0.0
init_obs: [-0.03247384,  0.22917532,  0.32318863,  0.41079192]
