Kp1: -2.8326628977903727
Ki1: -0.010032146094392978
Kd1: -0.15087300924621802
Kp2: 0.08676661163441501
Ki2: 0.048880000099343276
Kd2: 0.0
init_obs: [-0.14926521, -0.20931911, -0.4963095 ,  0.26191041]
