Kp1: -2.7924606870746045
Ki1: -0.009896013533507877
Kd1: -0.1373435299504116
Kp2: 0.07497080672575783
Ki2: 0.05425001638727123
Kd2: 0.0
init_obs: [-0.21515299, -0.41578751, -0.24519558,  0.22182766]
