Kp1: -3.157051178310204
Ki1: -0.009784195394082219
Kd1: -0.16286952989854708
Kp2: 0.07650273616084494
Ki2: 0.047124887059283666
Kd2: 0.0
init_obs: [0.4223954 , 0.46930102, 0.42078817, 0.37914546]
