Kp1: -2.8084050687195483
Ki1: -0.009308420852439483
Kd1: -0.13835133281007758
Kp2: 0.0751504533605136
Ki2: 0.05390540292514169
Kd2: 0.0
init_obs: [-0.03379125,  0.21314403,  0.45528562, -0.39741887]
