Kp1: -2.8695575824698007
Ki1: -0.010800557653579497
Kd1: -0.15324027997953465
Kp2: 0.08458065342335098
Ki2: 0.04622480212369043
Kd2: 0.0
init_obs: [-0.0170063 , -0.08792208, -0.2117383 , -0.45645408]
