Kp1: -2.9589792842969245
Ki1: -0.009695908390543195
Kd1: -0.14027167638441468
Kp2: 0.07768138112465078
Ki2: 0.05332854982809903
Kd2: 0.0
init_obs: [-0.31386766,  0.09050637, -0.4876875 , -0.44461746]
