Kp1: -3.024274121030764
Ki1: -0.010093417336135833
Kd1: -0.15701281718585616
Kp2: 0.08685731121259918
Ki2: 0.052363256315856525
Kd2: 0.0
init_obs: [-0.42047504, -0.23329345,  0.09762807,  0.22708205]
