Kp1: -2.9569733864488184
Ki1: -0.010230175357009373
Kd1: -0.16263302352623313
Kp2: 0.07759129426220174
Ki2: 0.04624380774035372
Kd2: 0.0
init_obs: [-0.18835396,  0.09407609,  0.06227951,  0.46872799]
