Kp1: -2.8910999873584844
Ki1: -0.009498700215620522
Kd1: -0.15345305493015807
Kp2: 0.07875275250255219
Ki2: 0.05141893149285548
Kd2: 0.0
init_obs: [-0.05569115,  0.49479972,  0.13151687, -0.02228872]
