Kp1: -2.999874354592728
Ki1: -0.009771999644442716
Kd1: -0.1640497725865299
Kp2: 0.07418639841153352
Ki2: 0.04765369147536649
Kd2: 0.0
init_obs: [-0.01989578, -0.38858393, -0.04676756,  0.04499203]
