Kp1: -2.8933284640790884
Ki1: -0.00994060509446843
Kd1: -0.14722387651624905
Kp2: 0.08529042549469669
Ki2: 0.051191749313426786
Kd2: 0.0
init_obs: [ 0.46696489,  0.06330981, -0.38792174, -0.28695682]
