Kp1: -2.7734408147384153
Ki1: -0.00948406673540474
Kd1: -0.16230281626069124
Kp2: 0.07966210278204872
Ki2: 0.053371642707227884
Kd2: 0.0
init_obs: [-0.21575106, -0.40116649,  0.35015549,  0.0668606 ]
