Kp1: -2.997177288572849
Ki1: -0.01070025590984057
Kd1: -0.1547938067289367
Kp2: 0.080772923090214
Ki2: 0.05202577899998004
Kd2: 0.0
init_obs: [0.07852774, 0.1900516 , 0.2758086 , 0.11308275]
