Kp1: -2.7935308574162554
Ki1: -0.009364315201589831
Kd1: -0.1386171954755027
Kp2: 0.08716078564595503
Ki2: 0.05456200900320205
Kd2: 0.0
init_obs: [ 0.36269469, -0.46357627,  0.0399008 , -0.14605074]
