Kp1: -3.0693136157749366
Ki1: -0.010138583215713246
Kd1: -0.14802175589408717
Kp2: 0.0825741367321524
Ki2: 0.052366093998767786
Kd2: 0.0
init_obs: [ 0.09644476, -0.05944857, -0.29847606, -0.04955941]
