Kp1: -2.9939644580523392
Ki1: -0.009765850368578953
Kd1: -0.147286939368096
Kp2: 0.08139018842546239
Ki2: 0.045598341498473194
Kd2: 0.0
init_obs: [-0.30378239,  0.23615202,  0.35492095, -0.38408403]
