Kp1: -3.222179539161953
Ki1: -0.010172974776701586
Kd1: -0.16207421126652824
Kp2: 0.08213589202995661
Ki2: 0.04889339536002019
Kd2: 0.0
init_obs: [-0.3280671 , -0.01669308, -0.25520337,  0.42180729]
