Kp1: -2.7715879210505214
Ki1: -0.010165608302683675
Kd1: -0.16398967837402267
Kp2: 0.0842024430002483
Ki2: 0.05450114332552223
Kd2: 0.0
init_obs: [-0.41594454, -0.42923946, -0.37255639,  0.09187097]
