Kp1: -3.257595674303388
Ki1: -0.01050758001341309
Kd1: -0.13536120708118163
Kp2: 0.0858214889158834
Ki2: 0.0498700085458207
Kd2: 0.0
init_obs: [-0.39566372, -0.41871087, -0.22560446, -0.22872188]
