Kp1: -3.07913737649761
Ki1: -0.009610228190391742
Kd1: -0.15311148411590372
Kp2: 0.07879263685959904
Ki2: 0.045369228477791984
Kd2: 0.0
init_obs: [-0.37208092,  0.26393263, -0.21102739,  0.35755065]
