Kp1: -3.156923956173965
Ki1: -0.009224894973788002
Kd1: -0.14628471849281077
Kp2: 0.0843604627238389
Ki2: 0.05176600107825757
Kd2: 0.0
init_obs: [-0.02391743, -0.07709362,  0.43342063,  0.42323287]
