Kp1: -3.0384903578584357
Ki1: -0.00945718003954759
Kd1: -0.14137700411155488
Kp2: 0.07759366449878058
Ki2: 0.05042974085964933
Kd2: 0.0
init_obs: [-0.41792576, -0.35873505,  0.3289217 ,  0.20681169]
