Kp1: -2.9119536425037964
Ki1: -0.010633307126542414
Kd1: -0.14456519116605376
Kp2: 0.08705981846740583
Ki2: 0.049175138679982744
Kd2: 0.0
init_obs: [ 0.25164588, -0.22550929,  0.38168215,  0.28070395]
