Kp1: -3.0599493762454757
Ki1: -0.009473841993404768
Kd1: -0.1425894932660639
Kp2: 0.07952746719906874
Ki2: 0.0534142435382595
Kd2: 0.0
init_obs: [-0.23578439,  0.26867685, -0.27347513, -0.132449  ]
