Kp1: -3.227905333283341
Ki1: -0.009794752776113769
Kd1: -0.14261387501865588
Kp2: 0.08432068294533647
Ki2: 0.05292666259786599
Kd2: 0.0
init_obs: [-0.29856455,  0.21455158, -0.41087659,  0.15447619]
