Kp1: -2.8293079474102023
Ki1: -0.010446628869345252
Kd1: -0.15188597013003385
Kp2: 0.07965527855285008
Ki2: 0.04660905941744835
Kd2: 0.0
init_obs: [-0.41085878, -0.36507902,  0.0362042 , -0.4248624 ]
