Kp1: -2.912002272191355
Ki1: -0.009468979909091044
Kd1: -0.1613025350027086
Kp2: 0.07774652515900621
Ki2: 0.050638825637634305
Kd2: 0.0
init_obs: [ 0.08577861, -0.06001231, -0.39364782,  0.04694562]
