Kp1: -2.7181900008444124
Ki1: -0.010612367143864545
Kd1: -0.1447059323224528
Kp2: 0.08394593805731904
Ki2: 0.05497481087436143
Kd2: 0.0
init_obs: [0.20458514, 0.02899224, 0.4826973 , 0.20855306]
