Kp1: -3.2286099476738808
Ki1: -0.01053477368662087
Kd1: -0.1385174373322925
Kp2: 0.07354408882232627
Ki2: 0.047286473470033265
Kd2: 0.0
init_obs: [0.26615831, 0.30016411, 0.40058583, 0.14781143]
