Kp1: -2.7061793031767962
Ki1: -0.009593491548486033
Kd1: -0.1451760231731387
Kp2: 0.08570033082416992
Ki2: 0.05074490855841993
Kd2: 0.0
init_obs: [ 0.18427408, -0.1615495 , -0.23596742, -0.07863825]
