Kp1: -2.744931658533855
Ki1: -0.009244886567470259
Kd1: -0.16289668290764478
Kp2: 0.07580226159406694
Ki2: 0.051002023152852384
Kd2: 0.0
init_obs: [-0.14850493, -0.07359253, -0.35083034, -0.22721218]
