Kp1: -2.7055880111886976
Ki1: -0.010449889544066004
Kd1: -0.14415230693246114
Kp2: 0.07717248417621585
Ki2: 0.049248471967252405
Kd2: 0.0
init_obs: [ 0.35468438, -0.26773595, -0.09431115,  0.33369097]
