Kp1: -2.899760256971085
Ki1: -0.01002752000054261
Kd1: -0.14588085377255958
Kp2: 0.08495116433147872
Ki2: 0.054450597700449965
Kd2: 0.0
init_obs: [ 0.25627587, -0.04438308,  0.13895188, -0.42928121]
