Kp1: -3.0340009707252866
Ki1: -0.01056147131272776
Kd1: -0.1588416497479513
Kp2: 0.0727582540192343
Ki2: 0.054789888543635826
Kd2: 0.0
init_obs: [ 0.1583612 ,  0.10987328, -0.27293619,  0.0342435 ]
