Kp1: -2.864574445890663
Ki1: -0.010641016898215963
Kd1: -0.15679712580041968
Kp2: 0.08074719738369486
Ki2: 0.04586003011603254
Kd2: 0.0
init_obs: [ 0.32662493,  0.17823966, -0.09523032, -0.04352197]
