Kp1: -2.9130176086399473
Ki1: -0.01046502825264548
Kd1: -0.16475590100923906
Kp2: 0.0795847819747862
Ki2: 0.04666393240075656
Kd2: 0.0
init_obs: [ 0.21487945, -0.00965602, -0.42330877, -0.27218296]
