Kp1: -2.9746532670089554
Ki1: -0.010960037776755518
Kd1: -0.1588744591832875
Kp2: 0.07795428961408328
Ki2: 0.0483019744264206
Kd2: 0.0
init_obs: [-0.25548395, -0.11501448, -0.32204333, -0.02440648]
