Kp1: -2.989571078210642
Ki1: -0.00939645455803514
Kd1: -0.1496813934004301
Kp2: 0.08070698969827192
Ki2: 0.045905159058178525
Kd2: 0.0
init_obs: [-0.07699779, -0.34849199, -0.35615565, -0.21319296]
