Kp1: -2.748716963271454
Ki1: -0.009054089086637622
Kd1: -0.1445252172122439
Kp2: 0.0845780673923322
Ki2: 0.049873493349397044
Kd2: 0.0
init_obs: [-0.34597217,  0.24202987,  0.45687146,  0.17075056]
