Kp1: -2.889137700414939
Ki1: -0.009193724280918265
Kd1: -0.15275019501004644
Kp2: 0.07420858366721107
Ki2: 0.05425236545137087
Kd2: 0.0
init_obs: [-0.0368292 ,  0.04860644,  0.33354503, -0.42507134]
