Kp1: -2.7838551646309986
Ki1: -0.010345573532428128
Kd1: -0.16215234195183725
Kp2: 0.08139408345446088
Ki2: 0.047821111967462096
Kd2: 0.0
init_obs: [ 0.10144147, -0.07936826, -0.38855904, -0.27722784]
