Kp1: -3.1503401331621297
Ki1: -0.009705118903902571
Kd1: -0.15127247905794902
Kp2: 0.07766332876096899
Ki2: 0.047824313855919544
Kd2: 0.0
init_obs: [-0.382678  , -0.46607902, -0.25236895, -0.27041687]
