Kp1: -2.872033002208405
Ki1: -0.009375419540860033
Kd1: -0.13920539801818227
Kp2: 0.07715192199679209
Ki2: 0.04555252181264486
Kd2: 0.0
init_obs: [ 0.21257658, -0.08528804, -0.14697665,  0.05216003]
