Kp1: -2.749132356364581
Ki1: -0.009281217809817834
Kd1: -0.15599479331131677
Kp2: 0.08692599759375073
Ki2: 0.04784216039175318
Kd2: 0.0
init_obs: [ 0.24948626, -0.13691166, -0.44019734, -0.23385113]
