Kp1: -2.8632530372873144
Ki1: -0.010137175952651751
Kd1: -0.15089817011715642
Kp2: 0.07372409073688917
Ki2: 0.05021580328718198
Kd2: 0.0
init_obs: [ 0.4540285 , -0.17418626,  0.32027825,  0.19836128]
