Kp1: -2.9356982252279176
Ki1: -0.009372260828515703
Kd1: -0.13953952673981326
Kp2: 0.07404255251972704
Ki2: 0.05272638717932035
Kd2: 0.0
init_obs: [ 0.03079471,  0.09704464,  0.36897837, -0.42915446]
