Kp1: -3.2618383963384687
Ki1: -0.009297499176113196
Kd1: -0.14252860690602803
Kp2: 0.08194468345739601
Ki2: 0.04990113946519131
Kd2: 0.0
init_obs: [-0.36140626, -0.0978586 , -0.48399917, -0.02801727]
