Kp1: -2.9589802230685542
Ki1: -0.01076250452921402
Kd1: -0.1482206484656343
Kp2: 0.0722662345480739
Ki2: 0.048688308627722415
Kd2: 0.0
init_obs: [-0.14191433,  0.36568747, -0.28773219,  0.45276615]
