Kp1: -3.2854754419264784
Ki1: -0.00901666288238266
Kd1: -0.14608526735692084
Kp2: 0.08328217492495338
Ki2: 0.045890787958848794
Kd2: 0.0
init_obs: [ 0.06809894,  0.03244247, -0.32383197, -0.28951241]
