Kp1: -3.138443047051884
Ki1: -0.009766692565580406
Kd1: -0.14682425766824297
Kp2: 0.07779086617160319
Ki2: 0.05338331871257821
Kd2: 0.0
init_obs: [-0.29565522,  0.49048569, -0.06963146,  0.23422544]
