Kp1: -3.2183736066693536
Ki1: -0.00922674656532928
Kd1: -0.149167031606487
Kp2: 0.07811426627703054
Ki2: 0.04763699303567636
Kd2: 0.0
init_obs: [ 0.1286184 ,  0.34652532,  0.11519372, -0.09901699]
