Kp1: -2.862791558623347
Ki1: -0.009465556605682804
Kd1: -0.14576958564212064
Kp2: 0.0757736929867785
Ki2: 0.05390993559979207
Kd2: 0.0
init_obs: [-0.05671191, -0.33693456, -0.17526165, -0.21223302]
