Kp1: -3.2217797551234297
Ki1: -0.00937064414032386
Kd1: -0.1638147174300266
Kp2: 0.07656421243730882
Ki2: 0.05172274063778082
Kd2: 0.0
init_obs: [ 0.34303209,  0.36745648,  0.25570415, -0.31401516]
