Kp1: -3.214421468340757
Ki1: -0.010861605209955742
Kd1: -0.1607680769204971
Kp2: 0.07643474261185201
Ki2: 0.05420640697199302
Kd2: 0.0
init_obs: [-0.28939144,  0.38094568, -0.17186419,  0.15260448]
