Kp1: -2.9378359178968445
Ki1: -0.00989047058291195
Kd1: -0.15459461749597264
Kp2: 0.08354105562534825
Ki2: 0.05256104845019876
Kd2: 0.0
init_obs: [-0.35044077, -0.18267013,  0.34401758, -0.10675874]
