Kp1: -3.297965133237899
Ki1: -0.009388900262895935
Kd1: -0.14912058644930468
Kp2: 0.07666469610587688
Ki2: 0.051822884688185716
Kd2: 0.0
init_obs: [-0.22953942, -0.26108111,  0.15616426,  0.01344054]
