Kp1: -3.192013071090849
Ki1: -0.010520267320376775
Kd1: -0.15367446085683484
Kp2: 0.07385806342137131
Ki2: 0.04943844526631572
Kd2: 0.0
init_obs: [-0.00267384, -0.00201028, -0.38252809, -0.0534373 ]
