Kp1: -3.248418121551689
Ki1: -0.010685252937448165
Kd1: -0.15998237264091514
Kp2: 0.07738343062957222
Ki2: 0.046898688738419764
Kd2: 0.0
init_obs: [-0.34648252, -0.32155801,  0.49550841, -0.33733246]
