Kp1: -2.944233791671939
Ki1: -0.010479609421264992
Kd1: -0.14852996294250875
Kp2: 0.0742436235427663
Ki2: 0.05339038283821388
Kd2: 0.0
init_obs: [-0.31180564,  0.27782192, -0.20960114,  0.33629443]
