Kp1: -2.9743036735161086
Ki1: -0.009410644542388786
Kd1: -0.14429307779761646
Kp2: 0.07410747019141552
Ki2: 0.052618963093430365
Kd2: 0.0
init_obs: [ 0.21566677,  0.18657506, -0.09747218,  0.20546071]
