Kp1: -2.94918183045035
Ki1: -0.010042386418077651
Kd1: -0.16375595134682022
Kp2: 0.08292108901349288
Ki2: 0.05242330877478523
Kd2: 0.0
init_obs: [-0.47544833, -0.23126389, -0.16729586,  0.36810286]
