Kp1: -3.02203468482018
Ki1: -0.009308617054517824
Kd1: -0.14373109793588398
Kp2: 0.08751595217459864
Ki2: 0.053200843928159436
Kd2: 0.0
init_obs: [-0.1501053 , -0.48036773,  0.1562676 , -0.18785679]
