Kp1: -2.8967335995004997
Ki1: -0.010540244237874067
Kd1: -0.15743948337153058
Kp2: 0.07374606327208492
Ki2: 0.0547372558928957
Kd2: 0.0
init_obs: [-0.46955341, -0.22927105, -0.05745981, -0.12571898]
