Kp1: -3.0306857198276926
Ki1: -0.009310811053057769
Kd1: -0.13688461225325463
Kp2: 0.07907942833396998
Ki2: 0.05386984118720122
Kd2: 0.0
init_obs: [-0.06465739,  0.15890094, -0.26667859,  0.34739611]
