Kp1: -2.812711688519725
Ki1: -0.009548063287877806
Kd1: -0.16389683565072263
Kp2: 0.08534581127441271
Ki2: 0.05078815022750739
Kd2: 0.0
init_obs: [ 0.43689262, -0.26120551, -0.07108775, -0.05940027]
