Kp1: -3.1232788525463153
Ki1: -0.009897382959647073
Kd1: -0.1636557383129086
Kp2: 0.07800645180042086
Ki2: 0.05297772851678854
Kd2: 0.0
init_obs: [ 0.35571799,  0.15592311, -0.44731871, -0.31141858]
