Kp1: -3.002468572210205
Ki1: -0.01079136311698859
Kd1: -0.15365430030964117
Kp2: 0.0808895930538249
Ki2: 0.053765402671127754
Kd2: 0.0
init_obs: [-0.39959816, -0.16577656, -0.11575822, -0.02580685]
