Kp1: -3.2394703263428974
Ki1: -0.009828284631573928
Kd1: -0.15868159454190758
Kp2: 0.07654707624200102
Ki2: 0.04728077573097339
Kd2: 0.0
init_obs: [ 0.32164731,  0.3680701 , -0.33738123, -0.29239334]
