Kp1: -3.079338048912909
Ki1: -0.01049098202241947
Kd1: -0.16396160788083627
Kp2: 0.07914537805689591
Ki2: 0.045981877966929506
Kd2: 0.0
init_obs: [ 0.49427123, -0.37353472,  0.19349186, -0.10574994]
