Kp1: -2.985406013201928
Ki1: -0.009192100143841152
Kd1: -0.14855392021963643
Kp2: 0.07400817518043275
Ki2: 0.050561067092802274
Kd2: 0.0
init_obs: [-0.35100612, -0.22961496,  0.30694071, -0.40849218]
