Kp1: -3.0312534297242983
Ki1: -0.010422429816194498
Kd1: -0.16247419072581193
Kp2: 0.07790348594954832
Ki2: 0.050728818725592574
Kd2: 0.0
init_obs: [0.0135723 , 0.13727429, 0.10676474, 0.18225113]
