Kp1: -2.8507500824401664
Ki1: -0.010427272995498884
Kd1: -0.14647865365236037
Kp2: 0.08022684819829648
Ki2: 0.04534519842015664
Kd2: 0.0
init_obs: [ 0.34469143, -0.38371831,  0.04452417, -0.05387932]
