Kp1: -2.744134404757933
Ki1: -0.009721251772402791
Kd1: -0.1422373226811022
Kp2: 0.08193873501164392
Ki2: 0.05154278707071375
Kd2: 0.0
init_obs: [ 0.18925759, -0.26861018,  0.0897    , -0.29701383]
