Kp1: -3.170901507488561
Ki1: -0.010541718721062687
Kd1: -0.15975266914165434
Kp2: 0.07636668175418071
Ki2: 0.04784415505328485
Kd2: 0.0
init_obs: [0.2369328 , 0.02363419, 0.14145189, 0.13797258]
