Kp1: -3.0653664564235266
Ki1: -0.009164184100248045
Kd1: -0.1636705188733887
Kp2: 0.07384059563751139
Ki2: 0.05405230498759034
Kd2: 0.0
init_obs: [-0.34317155, -0.33265443, -0.3959353 ,  0.2854083 ]
