Kp1: -3.1808037621794267
Ki1: -0.010324030894341198
Kd1: -0.15133049568859044
Kp2: 0.0808462123735285
Ki2: 0.05221822222621639
Kd2: 0.0
init_obs: [ 0.3404917 , -0.25364263,  0.43137556, -0.22308183]
