Kp1: -3.1726720160455217
Ki1: -0.010239015939223568
Kd1: -0.16237640796781697
Kp2: 0.07831833312040735
Ki2: 0.04816214521316045
Kd2: 0.0
init_obs: [ 0.48300482, -0.27790546, -0.07082877, -0.15973402]
