Kp1: -2.7565306455437986
Ki1: -0.009953171664887765
Kd1: -0.15556867430041207
Kp2: 0.072933701188208
Ki2: 0.048619187607187614
Kd2: 0.0
init_obs: [-0.22347231,  0.33975186, -0.12511135,  0.03180837]
