Kp1: -3.298376434344046
Ki1: -0.009308688342883871
Kd1: -0.14334104648348905
Kp2: 0.073829775652983
Ki2: 0.05256015700005356
Kd2: 0.0
init_obs: [ 0.00701366, -0.01913268, -0.25217012, -0.34131088]
