Kp1: -2.897148884242602
Ki1: -0.010026148857394305
Kd1: -0.1604006156564747
Kp2: 0.07370699388483332
Ki2: 0.04933617696645624
Kd2: 0.0
init_obs: [-0.13611457, -0.48850253, -0.13535846,  0.2007639 ]
