Kp1: -3.094013347116965
Ki1: -0.010532168827756273
Kd1: -0.14354939331678102
Kp2: 0.08788811588802824
Ki2: 0.050879499468684086
Kd2: 0.0
init_obs: [-0.10955641, -0.40622014, -0.39964024, -0.22403263]
