Kp1: -2.7089465877950922
Ki1: -0.010472123343840739
Kd1: -0.16024362943469214
Kp2: 0.08379458423596159
Ki2: 0.04882642113662112
Kd2: 0.0
init_obs: [ 0.38033266, -0.2567245 ,  0.41449224, -0.26203816]
