Kp1: -2.8975041197126257
Ki1: -0.009264241363318161
Kd1: -0.15230258324195287
Kp2: 0.07533868003236247
Ki2: 0.04642803581660821
Kd2: 0.0
init_obs: [-0.43590771, -0.04617133,  0.07484649,  0.10153458]
