Kp1: -2.7446142550825816
Ki1: -0.010558067746065745
Kd1: -0.14459807939552327
Kp2: 0.08692155634193567
Ki2: 0.04665695859554844
Kd2: 0.0
init_obs: [-0.17900068, -0.09371639,  0.41953451,  0.13670207]
