Kp1: -2.8774539696412464
Ki1: -0.01084812031878852
Kd1: -0.1649755148676242
Kp2: 0.08258976054969243
Ki2: 0.04946369068066961
Kd2: 0.0
init_obs: [ 0.20735023, -0.19205971,  0.24267997, -0.37311277]
