Kp1: -2.753722551996184
Ki1: -0.009080824696832041
Kd1: -0.13857391143279651
Kp2: 0.0786357849123749
Ki2: 0.05492850512254915
Kd2: 0.0
init_obs: [ 0.19749999,  0.48306473,  0.45129096, -0.0491623 ]
