Kp1: -3.0550291220866965
Ki1: -0.009053894993257318
Kd1: -0.13584615538682013
Kp2: 0.07220811057317797
Ki2: 0.046975171269784406
Kd2: 0.0
init_obs: [-0.12770633,  0.3684065 , -0.15928027, -0.2361539 ]
