Kp1: -2.846038859191298
Ki1: -0.009781151983393516
Kd1: -0.14969404184331533
Kp2: 0.08368779316382417
Ki2: 0.04874111636516751
Kd2: 0.0
init_obs: [-0.11418806, -0.40670999, -0.01237896,  0.03185398]
