Kp1: -2.8086412232456626
Ki1: -0.009084546003194197
Kd1: -0.1451326748848485
Kp2: 0.0813323084313516
Ki2: 0.04809495270199737
Kd2: 0.0
init_obs: [-0.4313857 ,  0.49183026,  0.24832978, -0.18545448]
