Kp1: -2.754129130321294
Ki1: -0.009701524598441272
Kd1: -0.13867011116622735
Kp2: 0.0848549333430576
Ki2: 0.04766454338101365
Kd2: 0.0
init_obs: [-0.31155715,  0.37938885,  0.35551551,  0.43180656]
