Kp1: -3.234023507160206
Ki1: -0.009228973155158773
Kd1: -0.15313838860607498
Kp2: 0.0796649629726012
Ki2: 0.0510978557870812
Kd2: 0.0
init_obs: [-0.34751452, -0.36944003, -0.05371152,  0.15685624]
