Kp1: -2.9067171193209558
Ki1: -0.010633958082482855
Kd1: -0.13866006632624003
Kp2: 0.08312738600535308
Ki2: 0.045578775302035066
Kd2: 0.0
init_obs: [-0.21015445,  0.23225137,  0.03861104, -0.13255806]
