Kp1: -2.7452445512192343
Ki1: -0.010536776649421044
Kd1: -0.1372480782844549
Kp2: 0.08026002405517552
Ki2: 0.04758924816255334
Kd2: 0.0
init_obs: [-0.06633225,  0.08483698,  0.21932064, -0.14358083]
