Kp1: -3.2903506062615726
Ki1: -0.010952201321659936
Kd1: -0.15624929409645083
Kp2: 0.07523153506955306
Ki2: 0.05281247145669104
Kd2: 0.0
init_obs: [-0.30198764,  0.23848102, -0.20260447, -0.11122905]
