Kp1: -2.845191462839636
Ki1: -0.009134593992203377
Kd1: -0.15722397063143395
Kp2: 0.0813586763749645
Ki2: 0.053630134696503906
Kd2: 0.0
init_obs: [ 0.22725646,  0.17362869,  0.4854148 , -0.23264815]
