Kp1: -3.0766758394926694
Ki1: -0.009868721025418102
Kd1: -0.15849173110121723
Kp2: 0.07451982498306532
Ki2: 0.04750187314786118
Kd2: 0.0
init_obs: [ 0.16279832,  0.20230857, -0.08330267,  0.00313748]
