Kp1: -2.731520849294787
Ki1: -0.009435129474851105
Kd1: -0.15917290156955044
Kp2: 0.07374677909709647
Ki2: 0.04583073699208762
Kd2: 0.0
init_obs: [ 0.18242468, -0.06737643, -0.04550986,  0.14097205]
