Kp1: -3.2484496103709612
Ki1: -0.010084066327235025
Kd1: -0.16307813435141327
Kp2: 0.07348560323251506
Ki2: 0.05491236365457142
Kd2: 0.0
init_obs: [ 0.43422017, -0.21133548, -0.23690795,  0.11066463]
