Kp1: -2.999414600593355
Ki1: -0.01014294498522962
Kd1: -0.16004380049421832
Kp2: 0.08489782080538555
Ki2: 0.05396691515486812
Kd2: 0.0
init_obs: [ 0.30292301,  0.05981654, -0.29868347,  0.07042794]
