Kp1: -3.0742289190206553
Ki1: -0.009009981701869913
Kd1: -0.13524030857756836
Kp2: 0.07675591895966187
Ki2: 0.05330460966902234
Kd2: 0.0
init_obs: [ 0.28716529, -0.47655251, -0.31198939,  0.39161825]
