Kp1: -2.850153152604745
Ki1: -0.009010195071718073
Kd1: -0.15825588401433935
Kp2: 0.08269581470898948
Ki2: 0.04978904545904373
Kd2: 0.0
init_obs: [ 0.16224402, -0.09581925, -0.20663129,  0.00232972]
