Kp1: -2.990737876901158
Ki1: -0.010829318529794182
Kd1: -0.14055334583849827
Kp2: 0.08201120177401958
Ki2: 0.054843828225115146
Kd2: 0.0
init_obs: [ 0.02667005,  0.33219665,  0.35580041, -0.14335097]
