Kp1: -2.781216026773161
Ki1: -0.010879635758607384
Kd1: -0.14235590530358677
Kp2: 0.0830553923991845
Ki2: 0.0494386427607669
Kd2: 0.0
init_obs: [-0.2714526 , -0.28947717,  0.3627223 , -0.38105634]
