Kp1: -3.0898888721317936
Ki1: -0.010005691871926934
Kd1: -0.15935757639452702
Kp2: 0.07536172891168287
Ki2: 0.053608120491710445
Kd2: 0.0
init_obs: [-0.03890108, -0.27836961,  0.30649531,  0.2581306 ]
