Kp1: -2.971063673318916
Ki1: -0.00976947985326435
Kd1: -0.1394759305876864
Kp2: 0.08581767599199373
Ki2: 0.05310003292071417
Kd2: 0.0
init_obs: [-0.08272988,  0.33074152,  0.3332457 , -0.00786703]
