Kp1: -2.8647551840277132
Ki1: -0.010474977567029838
Kd1: -0.13690256775305668
Kp2: 0.07454351997991013
Ki2: 0.04852818171080696
Kd2: 0.0
init_obs: [-0.16860689,  0.25357027,  0.17032183, -0.42999623]
