Kp1: -2.940895871901588
Ki1: -0.010351975734693881
Kd1: -0.1517384453802565
Kp2: 0.07569840950580731
Ki2: 0.04918051366283249
Kd2: 0.0
init_obs: [-0.30691555,  0.41353643, -0.33145637,  0.23411731]
