Kp1: -2.8878632181975745
Ki1: -0.009116380871890714
Kd1: -0.14278298455829275
Kp2: 0.07909085663859962
Ki2: 0.052534672963649734
Kd2: 0.0
init_obs: [-0.38219679,  0.22282767, -0.26104125,  0.40641155]
