Kp1: -3.2792654585263117
Ki1: -0.009700552359779605
Kd1: -0.15183999285573282
Kp2: 0.0738993341066706
Ki2: 0.04927060505563721
Kd2: 0.0
init_obs: [ 0.18053395, -0.34211758,  0.45735696,  0.03873197]
