Kp1: -2.9533986918889736
Ki1: -0.010324438633621048
Kd1: -0.15850998339545816
Kp2: 0.08305532961228977
Ki2: 0.05283300083380369
Kd2: 0.0
init_obs: [ 0.01188026, -0.02595577, -0.2960044 ,  0.28402822]
