Kp1: -2.7006061174667546
Ki1: -0.010733614442813533
Kd1: -0.13555043078286677
Kp2: 0.08687823251645276
Ki2: 0.046964000111241334
Kd2: 0.0
init_obs: [ 0.26094891,  0.26759599,  0.04410143, -0.21647899]
