Kp1: -2.9225286615913326
Ki1: -0.00955779952751762
Kd1: -0.14959660210022177
Kp2: 0.07646161717826769
Ki2: 0.05437777668541838
Kd2: 0.0
init_obs: [ 0.27494772,  0.1025053 , -0.41613932, -0.44028006]
