Kp1: -3.2592064197896926
Ki1: -0.00932393138569425
Kd1: -0.13612281251128816
Kp2: 0.07825740242903241
Ki2: 0.05396265489112047
Kd2: 0.0
init_obs: [-0.35213435, -0.23415375, -0.06039545,  0.26460877]
