Kp1: -3.2285704607739305
Ki1: -0.009152342890994362
Kd1: -0.14464887535972898
Kp2: 0.07319042782257178
Ki2: 0.04557393689945082
Kd2: 0.0
init_obs: [-0.31697329,  0.32711082, -0.17264266,  0.41397934]
