Kp1: -3.0063668241854273
Ki1: -0.010288950247844025
Kd1: -0.14209402176343838
Kp2: 0.07511598877995779
Ki2: 0.047913971378936535
Kd2: 0.0
init_obs: [-0.24313611,  0.4392547 ,  0.397763  ,  0.41905307]
