Kp1: -2.914767608227462
Ki1: -0.00967840413813904
Kd1: -0.14631653087651503
Kp2: 0.07747652185809252
Ki2: 0.04902859049528381
Kd2: 0.0
init_obs: [-0.47285935, -0.19572497,  0.22060271,  0.40943516]
