Kp1: -3.1620330906330576
Ki1: -0.00984563195526652
Kd1: -0.16203702277087934
Kp2: 0.07455181459194163
Ki2: 0.05273443912329944
Kd2: 0.0
init_obs: [-0.25915013, -0.41177068,  0.4783934 , -0.10271431]
