Kp1: -3.2841099926060364
Ki1: -0.010178213424291892
Kd1: -0.16344798019976148
Kp2: 0.0776178002523205
Ki2: 0.05281467486260987
Kd2: 0.0
init_obs: [-0.14558495,  0.17937251,  0.48569197,  0.3666779 ]
