Kp1: -2.8370771414496003
Ki1: -0.010438624675287871
Kd1: -0.15904658168098262
Kp2: 0.08022910537049949
Ki2: 0.05286773951215576
Kd2: 0.0
init_obs: [-0.23897862, -0.43411959, -0.36864066, -0.13317331]
