Kp1: -2.7130232828868053
Ki1: -0.010654922033887085
Kd1: -0.14733981499651244
Kp2: 0.08344778704597676
Ki2: 0.05340769585932525
Kd2: 0.0
init_obs: [-0.39329691,  0.28117069,  0.48477383, -0.07703938]
