Kp1: -3.2570107151505705
Ki1: -0.009946157241185614
Kd1: -0.13862049581559086
Kp2: 0.08210747035682024
Ki2: 0.04969807258726077
Kd2: 0.0
init_obs: [-0.17711107, -0.33308095, -0.44990496,  0.45041708]
