Kp1: -2.724726232326987
Ki1: -0.010692694569552111
Kd1: -0.15596985459193335
Kp2: 0.08238170402048957
Ki2: 0.05479034675895314
Kd2: 0.0
init_obs: [ 0.24874342, -0.38642324,  0.04764403,  0.38563661]
