Kp1: -2.904530115084553
Ki1: -0.009542131022441261
Kd1: -0.15008104237991338
Kp2: 0.07360818848331584
Ki2: 0.04605683114159917
Kd2: 0.0
init_obs: [-0.00278061, -0.30577657,  0.19875322,  0.01338215]
