Kp1: -2.866927713131098
Ki1: -0.009249865840336564
Kd1: -0.16206294179820324
Kp2: 0.08034582514178505
Ki2: 0.04578329529513381
Kd2: 0.0
init_obs: [-0.1712189 , -0.02686118, -0.27973142,  0.0899739 ]
