Kp1: -3.267534529892859
Ki1: -0.009105779711227694
Kd1: -0.15341543774597569
Kp2: 0.08635585418019302
Ki2: 0.0486020923635353
Kd2: 0.0
init_obs: [-0.48224151,  0.3174141 ,  0.33723664, -0.42396685]
