Kp1: -2.904331807424192
Ki1: -0.010124575321318616
Kd1: -0.15737193397619764
Kp2: 0.0834439087454095
Ki2: 0.04767990754191821
Kd2: 0.0
init_obs: [-0.06057436, -0.15671357, -0.03954438,  0.09047359]
