Kp1: -3.251782985345916
Ki1: -0.01071508687219307
Kd1: -0.13687471759511802
Kp2: 0.08151874531911038
Ki2: 0.047398149300515946
Kd2: 0.0
init_obs: [-0.33149517,  0.19898572,  0.24517827, -0.19015947]
