Kp1: -3.229772597235879
Ki1: -0.00991049995884233
Kd1: -0.14435418397374505
Kp2: 0.08582255771581364
Ki2: 0.04508119877632324
Kd2: 0.0
init_obs: [ 0.12628175,  0.29204236,  0.19384034, -0.18935052]
