Kp1: -2.751447645895482
Ki1: -0.01060674941204594
Kd1: -0.14374212429096034
Kp2: 0.08198559919757831
Ki2: 0.05151987751489955
Kd2: 0.0
init_obs: [-0.32254501,  0.49987796, -0.20293925,  0.08565353]
