Kp1: -3.041090809511875
Ki1: -0.00973709071800661
Kd1: -0.14918634028687827
Kp2: 0.07835211796504934
Ki2: 0.045393689581644116
Kd2: 0.0
init_obs: [ 0.40257007, -0.00329814, -0.36368246,  0.36078242]
