Kp1: -2.9734725250142713
Ki1: -0.010910102171539694
Kd1: -0.1574961233807923
Kp2: 0.0861964221150261
Ki2: 0.053450108397019205
Kd2: 0.0
init_obs: [-0.15717682, -0.23417713,  0.32450827,  0.27841894]
