Kp1: -3.2024381036538747
Ki1: -0.010366173691848668
Kd1: -0.15168679951816547
Kp2: 0.08168852947211566
Ki2: 0.05313064358936556
Kd2: 0.0
init_obs: [ 0.49799117, -0.26509602,  0.40578093,  0.31460271]
