Kp1: -2.84183715329694
Ki1: -0.01074304299017114
Kd1: -0.15527443660356938
Kp2: 0.08124316733424373
Ki2: 0.045304752575510976
Kd2: 0.0
init_obs: [ 0.16967663,  0.299566  , -0.07672469, -0.02639176]
