Kp1: -2.9818264249422937
Ki1: -0.010364738862126376
Kd1: -0.14537276788982234
Kp2: 0.07990122492562068
Ki2: 0.05078818499449137
Kd2: 0.0
init_obs: [ 0.0291297 ,  0.49005589, -0.39747016, -0.26535066]
