Kp1: -3.073251950556282
Ki1: -0.010134777095975152
Kd1: -0.15215096887947058
Kp2: 0.07971060564191275
Ki2: 0.05482645615542247
Kd2: 0.0
init_obs: [-0.15293824,  0.34904551,  0.32785079,  0.2676767 ]
