Kp1: -3.2394140584328754
Ki1: -0.009016177632087537
Kd1: -0.150423526338599
Kp2: 0.07482990218904237
Ki2: 0.0528278214525825
Kd2: 0.0
init_obs: [0.41746581, 0.00282547, 0.12629601, 0.41583077]
