Kp1: -3.222626479659165
Ki1: -0.009464622274135725
Kd1: -0.14849756810896972
Kp2: 0.0733365311526265
Ki2: 0.05341557145236512
Kd2: 0.0
init_obs: [ 0.05758158, -0.17510653,  0.32284999, -0.49625249]
