Kp1: -3.213548250839878
Ki1: -0.009431522820212241
Kd1: -0.14019291351538382
Kp2: 0.08028516627531045
Ki2: 0.048294464079171213
Kd2: 0.0
init_obs: [-0.23307462,  0.36356736, -0.06826823,  0.21487287]
