Kp1: -3.085809346306248
Ki1: -0.009056219172979427
Kd1: -0.14584205873388678
Kp2: 0.08378821012615056
Ki2: 0.04853498887699078
Kd2: 0.0
init_obs: [ 0.36338734,  0.04398836, -0.224444  , -0.19828803]
