Kp1: -2.743904461106135
Ki1: -0.010033244003675685
Kd1: -0.16475979866606522
Kp2: 0.076602184879587
Ki2: 0.052671954550510804
Kd2: 0.0
init_obs: [0.06372324, 0.43962846, 0.04927776, 0.0993282 ]
