Kp1: -2.9077078252692816
Ki1: -0.010595640157346453
Kd1: -0.1444908069580178
Kp2: 0.0747239553471515
Ki2: 0.046196525843488156
Kd2: 0.0
init_obs: [-0.24215784,  0.09397497,  0.45659795,  0.02390023]
