Kp1: -3.017280242440318
Ki1: -0.010141880213412271
Kd1: -0.14591388479539957
Kp2: 0.08758294975708189
Ki2: 0.04810850412845102
Kd2: 0.0
init_obs: [ 0.21822916, -0.15279797, -0.11490768,  0.44413807]
