Kp1: -2.710949589101173
Ki1: -0.00901645881240615
Kd1: -0.1547982399831302
Kp2: 0.08797294591489177
Ki2: 0.04510207976658208
Kd2: 0.0
init_obs: [-0.24393104,  0.35970974, -0.15296859,  0.47201751]
