Kp1: -2.8719814054752937
Ki1: -0.010104826517425579
Kd1: -0.16183889351619798
Kp2: 0.08572512954318212
Ki2: 0.052954967165175316
Kd2: 0.0
init_obs: [0.35487372, 0.20814111, 0.07793873, 0.26308448]
