Kp1: -2.7664498673988316
Ki1: -0.010346439038418222
Kd1: -0.14389611152790505
Kp2: 0.08610217146909419
Ki2: 0.05371746337222404
Kd2: 0.0
init_obs: [-0.05754936,  0.21326303,  0.32257055,  0.29830695]
