Kp1: -2.867697887893866
Ki1: -0.010020628730828509
Kd1: -0.1451845231163942
Kp2: 0.08089486108183527
Ki2: 0.05233084097347634
Kd2: 0.0
init_obs: [-0.04329954,  0.4176982 ,  0.23475603, -0.28918584]
