Kp1: -2.999172537283724
Ki1: -0.010514910962477798
Kd1: -0.15157021075109856
Kp2: 0.0776518574266923
Ki2: 0.04974168652995014
Kd2: 0.0
init_obs: [ 0.20274809,  0.10076586, -0.17599638,  0.19450589]
