Kp1: -3.2495278111428814
Ki1: -0.009623199143014927
Kd1: -0.14533678924023677
Kp2: 0.08731411988572127
Ki2: 0.05140637085067934
Kd2: 0.0
init_obs: [-0.26267726,  0.409921  ,  0.15253781,  0.12164914]
