Kp1: -2.9243983544456604
Ki1: -0.009641203487628881
Kd1: -0.1428182199380115
Kp2: 0.08539752948040176
Ki2: 0.054784862721509064
Kd2: 0.0
init_obs: [ 0.29883014,  0.07224967,  0.48776695, -0.11806738]
