Kp1: -3.262794822950963
Ki1: -0.009822247459180712
Kd1: -0.15995682400978078
Kp2: 0.08319893567426347
Ki2: 0.04984076093717871
Kd2: 0.0
init_obs: [ 0.30500633, -0.2694525 ,  0.16708482, -0.04751739]
