Kp1: -3.097561386888005
Ki1: -0.009695646755469335
Kd1: -0.1526780890461726
Kp2: 0.07807586396714708
Ki2: 0.04798023931860375
Kd2: 0.0
init_obs: [ 0.18287271, -0.48265961,  0.17391282,  0.26293543]
