Kp1: -2.893888230907404
Ki1: -0.009781552693905467
Kd1: -0.136609627748939
Kp2: 0.07349672717925414
Ki2: 0.04844580196784481
Kd2: 0.0
init_obs: [ 0.06662616,  0.25706523,  0.16869649, -0.2425513 ]
