Kp1: -2.8179499401081487
Ki1: -0.009855245826914067
Kd1: -0.15488180430643525
Kp2: 0.07731545612647478
Ki2: 0.05021054957753929
Kd2: 0.0
init_obs: [ 0.03837803,  0.19242846, -0.17160352, -0.03799502]
