Kp1: -3.1183341108072944
Ki1: -0.009509094923579431
Kd1: -0.16091720200652088
Kp2: 0.08052528140879199
Ki2: 0.047087472506903996
Kd2: 0.0
init_obs: [-0.07418651, -0.15695486,  0.09168503, -0.20650575]
