Kp1: -3.266187940698088
Ki1: -0.00958433132573878
Kd1: -0.15344034496946565
Kp2: 0.07928097886668461
Ki2: 0.052072531166241665
Kd2: 0.0
init_obs: [-0.03338739,  0.21260636,  0.37352715,  0.38422521]
