Kp1: -3.298248799394453
Ki1: -0.009875547254585592
Kd1: -0.1393442077334589
Kp2: 0.07313111294907092
Ki2: 0.05484350083403094
Kd2: 0.0
init_obs: [ 0.10888811,  0.00910236, -0.16122421,  0.02794624]
