Kp1: -3.1240592843604924
Ki1: -0.009980371648772954
Kd1: -0.164144257850268
Kp2: 0.07796082289283031
Ki2: 0.05198818662817204
Kd2: 0.0
init_obs: [0.00451184, 0.26449543, 0.155689  , 0.05626164]
