Kp1: -2.962832108399833
Ki1: -0.009385433425438627
Kd1: -0.15379211849431026
Kp2: 0.085498882356103
Ki2: 0.04776182284054942
Kd2: 0.0
init_obs: [ 0.48831575,  0.08571894, -0.10001637, -0.16088746]
