Kp1: -3.2230084448989738
Ki1: -0.009871747120004288
Kd1: -0.15124860145288938
Kp2: 0.0788062046293843
Ki2: 0.05120656743285913
Kd2: 0.0
init_obs: [-0.28191515, -0.23432263,  0.1148477 ,  0.16836433]
