Kp1: -3.0394815324638107
Ki1: -0.01070203044512965
Kd1: -0.1423377811256086
Kp2: 0.0798059908567725
Ki2: 0.05119205426523178
Kd2: 0.0
init_obs: [-0.37157709, -0.36286504, -0.36052305,  0.02606334]
