Kp1: -3.2812193750446514
Ki1: -0.010133886094419061
Kd1: -0.1568293316464441
Kp2: 0.08494123032179073
Ki2: 0.05351528002733585
Kd2: 0.0
init_obs: [0.14528856, 0.2348246 , 0.47014198, 0.00555793]
