Kp1: -2.7037238464460307
Ki1: -0.009535105285615669
Kd1: -0.1382419268840918
Kp2: 0.07705358342449516
Ki2: 0.04773349301453637
Kd2: 0.0
init_obs: [ 0.19781271, -0.49685066, -0.20648814, -0.47303345]
