Kp1: -2.973361039917348
Ki1: -0.010320492111042379
Kd1: -0.16361233529426267
Kp2: 0.07812885415538719
Ki2: 0.04957388919059407
Kd2: 0.0
init_obs: [-0.31591525,  0.25160199,  0.47791773, -0.47584611]
