Kp1: -2.9130742687054694
Ki1: -0.009216904628170668
Kd1: -0.1550311914817473
Kp2: 0.07956993302058823
Ki2: 0.053852805845746234
Kd2: 0.0
init_obs: [-0.18602663, -0.16704228, -0.19059193, -0.07137315]
