Kp1: -3.155348423817742
Ki1: -0.009859440826581687
Kd1: -0.1584223133833068
Kp2: 0.07384486628473425
Ki2: 0.053777460344427944
Kd2: 0.0
init_obs: [-0.03274679, -0.01927296, -0.02215986, -0.32566766]
