Kp1: -2.9478909683415697
Ki1: -0.010432767910821823
Kd1: -0.13780834724843427
Kp2: 0.08672316881682274
Ki2: 0.051150466300707326
Kd2: 0.0
init_obs: [ 0.21093433, -0.10877554,  0.44803808,  0.30498573]
