Kp1: -2.968402581544802
Ki1: -0.010796111587453909
Kd1: -0.16171192852280294
Kp2: 0.0805386299195505
Ki2: 0.048262862355696295
Kd2: 0.0
init_obs: [-0.12100503,  0.15309247,  0.34612768,  0.00522225]
