Kp1: -3.00047849214952
Ki1: -0.009997494023063845
Kd1: -0.14751298940255073
Kp2: 0.0757670097874717
Ki2: 0.05124017906023243
Kd2: 0.0
init_obs: [ 0.39921656, -0.04102086, -0.23834586,  0.28173027]
