Kp1: -3.156944111137322
Ki1: -0.00904976931960381
Kd1: -0.15707783800594793
Kp2: 0.08359739761537158
Ki2: 0.0542475237280472
Kd2: 0.0
init_obs: [ 0.16694128,  0.12060698, -0.10092934,  0.15538988]
