Kp1: -2.827790422078823
Ki1: -0.010470546189541933
Kd1: -0.14186561650522794
Kp2: 0.07749143596152043
Ki2: 0.04666121827653469
Kd2: 0.0
init_obs: [-0.37489687,  0.47125673, -0.04153731, -0.31129646]
