Kp1: -3.106756335576578
Ki1: -0.010753427574253061
Kd1: -0.15754177772113695
Kp2: 0.08361911355252248
Ki2: 0.04687244950479044
Kd2: 0.0
init_obs: [-0.4745364 , -0.18941505,  0.13563665,  0.49447517]
