Kp1: -3.276303154557297
Ki1: -0.0095597292170532
Kd1: -0.1517313384600524
Kp2: 0.0807189858720273
Ki2: 0.047173797832833264
Kd2: 0.0
init_obs: [-0.353266  ,  0.38235641, -0.20551369,  0.03637284]
