Kp1: -3.012898064083994
Ki1: -0.009167141248362744
Kd1: -0.15559851803246783
Kp2: 0.07420276564266468
Ki2: 0.048178217985316546
Kd2: 0.0
init_obs: [-0.17094821,  0.14054246,  0.43756035, -0.10274617]
