Kp1: -2.92872637731446
Ki1: -0.010552337567251225
Kd1: -0.1441177703691477
Kp2: 0.07552931426841257
Ki2: 0.0549155981990859
Kd2: 0.0
init_obs: [ 0.42431295,  0.19804731,  0.32523636, -0.02183727]
