Kp1: -3.2177124760533875
Ki1: -0.009211184656403118
Kd1: -0.1431882634485058
Kp2: 0.07326271837429678
Ki2: 0.05322599082828895
Kd2: 0.0
init_obs: [-0.16107252, -0.35855711, -0.35363017, -0.19512224]
