Kp1: -2.7995691137931074
Ki1: -0.009479448679704084
Kd1: -0.1560932666927443
Kp2: 0.08254455131747322
Ki2: 0.05117032088213881
Kd2: 0.0
init_obs: [ 0.46266267, -0.26332967, -0.47374339, -0.14131444]
