Kp1: -2.7135226965577477
Ki1: -0.009340443500739039
Kd1: -0.15362136990689654
Kp2: 0.07960218824518187
Ki2: 0.04813557929720056
Kd2: 0.0
init_obs: [-0.29249866, -0.05990688, -0.45439886, -0.37061525]
