Kp1: -3.2795941516823457
Ki1: -0.010887244458055759
Kd1: -0.1536557702419639
Kp2: 0.08105962045985007
Ki2: 0.04727096069439535
Kd2: 0.0
init_obs: [ 0.18477771,  0.45188222, -0.09208781,  0.47353981]
