Kp1: -2.8357761665904038
Ki1: -0.01022734068253073
Kd1: -0.16439239682253498
Kp2: 0.08175649056653661
Ki2: 0.053854132544090806
Kd2: 0.0
init_obs: [ 0.34683584, -0.40677061,  0.42419037,  0.44877025]
