Kp1: -2.8820562080869228
Ki1: -0.009722862808781417
Kd1: -0.13835286073303077
Kp2: 0.07948460212467964
Ki2: 0.052126426690114205
Kd2: 0.0
init_obs: [ 0.35155313, -0.4333015 ,  0.11675298, -0.28670909]
