Kp1: -2.776438197303582
Ki1: -0.010700939227574953
Kd1: -0.15088520463566507
Kp2: 0.073746384144313
Ki2: 0.04983301650654649
Kd2: 0.0
init_obs: [-0.29969887, -0.24628915,  0.46881006, -0.27360257]
