Kp1: -3.1867118775290817
Ki1: -0.010382124213842148
Kd1: -0.13711088940913013
Kp2: 0.07339254379202269
Ki2: 0.04580623333865588
Kd2: 0.0
init_obs: [ 0.19505366, -0.2546266 , -0.00192115,  0.31377511]
