Kp1: -3.2839533021973346
Ki1: -0.010091473895899107
Kd1: -0.14710233674919024
Kp2: 0.08451757680758747
Ki2: 0.04703275761866745
Kd2: 0.0
init_obs: [-0.11961727,  0.21122038,  0.23448174, -0.4774954 ]
