Kp1: -2.894753316863469
Ki1: -0.010453230415403192
Kd1: -0.15260270352151473
Kp2: 0.0761617328358967
Ki2: 0.04651354764856326
Kd2: 0.0
init_obs: [ 0.02038931,  0.20111442,  0.05234271, -0.38721338]
