Kp1: -2.703390630157922
Ki1: -0.010299376017455363
Kd1: -0.15036953211467055
Kp2: 0.08134232097715638
Ki2: 0.05028280250945835
Kd2: 0.0
init_obs: [-0.30605877, -0.05201107, -0.33782917,  0.26353649]
