Kp1: -2.8098419601024887
Ki1: -0.009732646994983829
Kd1: -0.14940408093485882
Kp2: 0.08492890420898278
Ki2: 0.04562310769879183
Kd2: 0.0
init_obs: [ 0.1470885 ,  0.13608828, -0.34597658,  0.37684339]
