Kp1: -2.7731312767324594
Ki1: -0.010488785957867754
Kd1: -0.15024115655007392
Kp2: 0.08724304169128466
Ki2: 0.045060183080270384
Kd2: 0.0
init_obs: [ 0.25847308, -0.22326259, -0.17619879,  0.34792759]
