Kp1: -3.093398585270487
Ki1: -0.01018720584731077
Kd1: -0.16464812811515944
Kp2: 0.08516100690091458
Ki2: 0.05352190337693641
Kd2: 0.0
init_obs: [-0.33596305, -0.33673077,  0.13560744,  0.36360546]
