Kp1: -2.874776189240235
Ki1: -0.0092730786956445
Kd1: -0.16454569247084738
Kp2: 0.0852349365893398
Ki2: 0.04605164007706693
Kd2: 0.0
init_obs: [-0.32197245,  0.0876918 , -0.02365164,  0.21139944]
