Kp1: -2.9842310749978163
Ki1: -0.010921975200865597
Kd1: -0.16342018770618805
Kp2: 0.08299903729283653
Ki2: 0.053488324749344375
Kd2: 0.0
init_obs: [ 0.01328623,  0.05005007, -0.33876287,  0.08553259]
