Kp1: -2.875905768303574
Ki1: -0.009351173685286086
Kd1: -0.15533690990715446
Kp2: 0.08636235119665131
Ki2: 0.04745790088814706
Kd2: 0.0
init_obs: [-0.34933553,  0.00990607,  0.24902103, -0.11282762]
