Kp1: -3.0325836515954245
Ki1: -0.01054227471775532
Kd1: -0.16278140903704272
Kp2: 0.0867012774430675
Ki2: 0.053894915471028065
Kd2: 0.0
init_obs: [-0.20801126,  0.22420574,  0.26914054,  0.22810117]
