Kp1: -3.2463867315005066
Ki1: -0.009640828471920403
Kd1: -0.14444897334348578
Kp2: 0.08712680115418404
Ki2: 0.053327938055307715
Kd2: 0.0
init_obs: [ 0.0623516 ,  0.36646727,  0.06186441, -0.0253739 ]
