Kp1: -2.9165637015495056
Ki1: -0.01075691815663167
Kd1: -0.14613285463199072
Kp2: 0.08501732748930542
Ki2: 0.04982172847159758
Kd2: 0.0
init_obs: [ 0.23987408,  0.0436473 , -0.15486513, -0.49965243]
