Kp1: -3.252894076514576
Ki1: -0.010558975843329843
Kd1: -0.1546834896887059
Kp2: 0.07301284489303
Ki2: 0.045783387771762094
Kd2: 0.0
init_obs: [ 0.46017181,  0.0563364 ,  0.30533974, -0.41679065]
