Kp1: -3.2748425764280906
Ki1: -0.010103938644458162
Kd1: -0.1446265914551703
Kp2: 0.08228764708902168
Ki2: 0.045524441579746694
Kd2: 0.0
init_obs: [-0.40707017, -0.1640919 , -0.03134038, -0.23651421]
