Kp1: -3.2352076491678505
Ki1: -0.0093882277065565
Kd1: -0.15350188150037994
Kp2: 0.07354492311835946
Ki2: 0.05102148541744034
Kd2: 0.0
init_obs: [-0.46709541,  0.03981974, -0.05426567, -0.32128073]
