Kp1: -3.2890120046310574
Ki1: -0.010969945804850466
Kd1: -0.14252274638914628
Kp2: 0.0816341635183996
Ki2: 0.04643164985144877
Kd2: 0.0
init_obs: [-0.2419979 , -0.26428915, -0.31817286, -0.20585136]
