Kp1: -2.9463275816444385
Ki1: -0.010644608115976879
Kd1: -0.15041971303301935
Kp2: 0.08233729304059774
Ki2: 0.05063717782409569
Kd2: 0.0
init_obs: [-0.01347064,  0.47049336,  0.21535391, -0.45446883]
