Kp1: -2.930971694058912
Ki1: -0.01039314144585699
Kd1: -0.14155612800414832
Kp2: 0.07329610993621066
Ki2: 0.048970680484244446
Kd2: 0.0
init_obs: [ 0.12828846, -0.10782127, -0.13215589, -0.39154337]
