Kp1: -3.063112655507503
Ki1: -0.00943475384566328
Kd1: -0.16231969326258514
Kp2: 0.0794679689168326
Ki2: 0.05143948888334257
Kd2: 0.0
init_obs: [-0.32422207, -0.07286851, -0.23207551, -0.3772066 ]
