Kp1: -3.0230467612288336
Ki1: -0.009766217379467576
Kd1: -0.16148194280171915
Kp2: 0.08328314427783996
Ki2: 0.04757331167424563
Kd2: 0.0
init_obs: [ 0.35370607, -0.30518964, -0.29693853, -0.21175899]
