Kp1: -3.0745673165241594
Ki1: -0.010353138330420255
Kd1: -0.15218048911029788
Kp2: 0.08464380242202939
Ki2: 0.04637728207822449
Kd2: 0.0
init_obs: [0.49718402, 0.41826648, 0.39915786, 0.42547371]
