Kp1: -2.921396820538297
Ki1: -0.009023232363422038
Kd1: -0.15814478816664182
Kp2: 0.07635294665667336
Ki2: 0.04812956532770028
Kd2: 0.0
init_obs: [-0.0050251 ,  0.14993682, -0.47721611, -0.00054436]
