Kp1: -3.173222146056757
Ki1: -0.009360189232919381
Kd1: -0.13788487367733251
Kp2: 0.07305620153705224
Ki2: 0.04831961060887298
Kd2: 0.0
init_obs: [-0.39918315,  0.17691865, -0.0792144 , -0.14149254]
