Kp1: -2.874140284958094
Ki1: -0.00936099045340957
Kd1: -0.1500278987855816
Kp2: 0.07270733928047167
Ki2: 0.05481333358880056
Kd2: 0.0
init_obs: [-0.27791585,  0.41930706, -0.43791051,  0.26879292]
