Kp1: -3.076920756162968
Ki1: -0.009334120489391489
Kd1: -0.15746393806909426
Kp2: 0.08139694970525051
Ki2: 0.0509307169924198
Kd2: 0.0
init_obs: [ 0.18008594,  0.46336716, -0.29097469, -0.02488034]
