Kp1: -2.912179334955575
Ki1: -0.010606702470970553
Kd1: -0.15227597548656963
Kp2: 0.07745213714671574
Ki2: 0.0472239116548443
Kd2: 0.0
init_obs: [ 0.47731468,  0.45329778, -0.21815182, -0.48838293]
