Kp1: -3.1065062896740914
Ki1: -0.010436283799170831
Kd1: -0.14507640460657062
Kp2: 0.08656430136936516
Ki2: 0.046366932503957396
Kd2: 0.0
init_obs: [ 0.45925901, -0.0091302 , -0.35064585, -0.48087493]
