Kp1: -3.0189749986447665
Ki1: -0.009831443288382848
Kd1: -0.1353090808662427
Kp2: 0.0850289401964875
Ki2: 0.0506085382881804
Kd2: 0.0
init_obs: [0.36737458, 0.02008792, 0.46951661, 0.33576121]
