Kp1: -3.2248307568049723
Ki1: -0.009586937804275938
Kd1: -0.1517066954939139
Kp2: 0.08024207206876556
Ki2: 0.04954896886174456
Kd2: 0.0
init_obs: [-0.49601831, -0.0446735 , -0.03307238, -0.21387051]
