Kp1: -3.261091206206196
Ki1: -0.010471576552517436
Kd1: -0.1451341568805453
Kp2: 0.08200780213594813
Ki2: 0.048902649269929384
Kd2: 0.0
init_obs: [ 0.41694064,  0.38378482, -0.08045314, -0.48841784]
