Kp1: -3.213767694373641
Ki1: -0.010396312375999979
Kd1: -0.14532525303671637
Kp2: 0.07356991111504008
Ki2: 0.052667435268698395
Kd2: 0.0
init_obs: [-0.09623651, -0.4338194 ,  0.03994451, -0.17220903]
