Kp1: -3.2170017238436266
Ki1: -0.009591278740881951
Kd1: -0.15368952445033715
Kp2: 0.08662367670962624
Ki2: 0.045260277892470585
Kd2: 0.0
init_obs: [-0.40288813,  0.23401318,  0.24058134,  0.05826304]
