Kp1: -3.065515592199753
Ki1: -0.009845448755848248
Kd1: -0.146034453899415
Kp2: 0.08616088078041567
Ki2: 0.05400823020351678
Kd2: 0.0
init_obs: [ 0.41776276,  0.39654871,  0.27972   , -0.06465598]
