Kp1: -3.07362357586607
Ki1: -0.009248080917675185
Kd1: -0.13704097133545529
Kp2: 0.08040036631945101
Ki2: 0.046289657828645164
Kd2: 0.0
init_obs: [ 0.17977245, -0.3798931 , -0.08870036, -0.21129919]
