Kp1: -3.155042569696149
Ki1: -0.010961533925821563
Kd1: -0.15338188146270312
Kp2: 0.07899899830714541
Ki2: 0.053404486061629036
Kd2: 0.0
init_obs: [0.28049797, 0.46555096, 0.02836124, 0.47205492]
