Kp1: -3.204331474621651
Ki1: -0.01090230505839022
Kd1: -0.143097751845614
Kp2: 0.0790945129350527
Ki2: 0.045681500192863315
Kd2: 0.0
init_obs: [ 0.0376777 , -0.42209115,  0.39269854,  0.2843551 ]
