Kp1: -2.7068594499146443
Ki1: -0.010545034521064586
Kd1: -0.15316408561361897
Kp2: 0.08356616473748994
Ki2: 0.05341863906272626
Kd2: 0.0
init_obs: [-0.47083261,  0.33543423, -0.30872851,  0.18347959]
