Kp1: -3.052253936209513
Ki1: -0.01031251960021727
Kd1: -0.1423484297623359
Kp2: 0.07814514228465093
Ki2: 0.05104948710149786
Kd2: 0.0
init_obs: [-0.24833906, -0.11067742, -0.0421032 , -0.42267783]
