Kp1: -2.9557304342580837
Ki1: -0.00930408829780802
Kd1: -0.16092633546458487
Kp2: 0.08649815112312403
Ki2: 0.04729081264737797
Kd2: 0.0
init_obs: [-0.30062249, -0.18632022,  0.26064385, -0.40869621]
