Kp1: -3.084725369987937
Ki1: -0.009982157965402224
Kd1: -0.1369272389859137
Kp2: 0.08096724202104982
Ki2: 0.05228841499237809
Kd2: 0.0
init_obs: [-0.03538727, -0.33731436,  0.42537951,  0.38184909]
