Kp1: -3.043878977699756
Ki1: -0.009301391332079913
Kd1: -0.15418441616124676
Kp2: 0.08263687839181821
Ki2: 0.04718363170665065
Kd2: 0.0
init_obs: [ 0.46377954, -0.24486854,  0.06907134, -0.24103918]
