Kp1: -2.8468189911121335
Ki1: -0.01079693958191946
Kd1: -0.14032528521860635
Kp2: 0.07851425380926384
Ki2: 0.05092764051136694
Kd2: 0.0
init_obs: [ 0.22015485,  0.22435108, -0.24517391, -0.16582414]
