Kp1: -3.2418913112718997
Ki1: -0.010783709604523574
Kd1: -0.13637555777857935
Kp2: 0.08193864362754592
Ki2: 0.05259026351312568
Kd2: 0.0
init_obs: [0.35145501, 0.19505721, 0.06216248, 0.2273938 ]
