Kp1: -2.933335771068288
Ki1: -0.009774138144527256
Kd1: -0.15630816787251678
Kp2: 0.073499348306506
Ki2: 0.050491423756859166
Kd2: 0.0
init_obs: [0.00215826, 0.34267523, 0.10867697, 0.27522732]
