Kp1: -3.108988973729582
Ki1: -0.009619048780326562
Kd1: -0.16103092526258803
Kp2: 0.07452460385864244
Ki2: 0.04825082146923928
Kd2: 0.0
init_obs: [-0.28206166, -0.40674662,  0.01036012,  0.05331386]
