Kp1: -2.7377525632330126
Ki1: -0.009708168754944303
Kd1: -0.13856789027807168
Kp2: 0.0763965292859034
Ki2: 0.050591718444861725
Kd2: 0.0
init_obs: [-0.16816735, -0.47368137, -0.36686218,  0.38689977]
