Kp1: -3.0767082197871813
Ki1: -0.009928234441272084
Kd1: -0.14389046559176458
Kp2: 0.07472970853941055
Ki2: 0.04747632220568004
Kd2: 0.0
init_obs: [-0.37995476, -0.13243107,  0.1376767 ,  0.20133264]
