Kp1: -3.1092544587095285
Ki1: -0.0101795675960767
Kd1: -0.1637994188898064
Kp2: 0.07740257257970631
Ki2: 0.05364725797587169
Kd2: 0.0
init_obs: [ 0.46936959, -0.08917921, -0.1319168 ,  0.16686586]
