Kp1: -2.878512728749792
Ki1: -0.009703673436714232
Kd1: -0.14174872916831938
Kp2: 0.08099932038967618
Ki2: 0.05215827290519124
Kd2: 0.0
init_obs: [ 0.40542704, -0.01241553,  0.15029842, -0.23079782]
