Kp1: -2.902035296275752
Ki1: -0.009600224610923351
Kd1: -0.15961205218829883
Kp2: 0.08278741840508469
Ki2: 0.046408123242782
Kd2: 0.0
init_obs: [-0.20678643,  0.25371482, -0.43307976,  0.13779992]
