Kp1: -3.1620002417677466
Ki1: -0.009900110387468793
Kd1: -0.1434973368345514
Kp2: 0.07599740967595932
Ki2: 0.04616217799420397
Kd2: 0.0
init_obs: [-0.37552472,  0.02318541, -0.43144197,  0.15578018]
