Kp1: -3.034895487461317
Ki1: -0.010162222900782166
Kd1: -0.15111267659577102
Kp2: 0.0784014759489884
Ki2: 0.04966956999816562
Kd2: 0.0
init_obs: [-0.04311444,  0.28310433,  0.37018541,  0.03498133]
