Kp1: -2.881536663311934
Ki1: -0.010245404726008071
Kd1: -0.13758198360003426
Kp2: 0.08310917116841961
Ki2: 0.0485928628799004
Kd2: 0.0
init_obs: [0.16503742, 0.14554632, 0.43782036, 0.24329774]
