Kp1: -2.838342772063176
Ki1: -0.010030473347385709
Kd1: -0.16400138122397148
Kp2: 0.08376468840162204
Ki2: 0.0498628055439064
Kd2: 0.0
init_obs: [-0.09004375, -0.14706207, -0.45196578, -0.14919244]
