Kp1: -2.927448672216044
Ki1: -0.010352817307146765
Kd1: -0.15007308816351755
Kp2: 0.07966287398503874
Ki2: 0.045173890934213735
Kd2: 0.0
init_obs: [0.35187599, 0.18557229, 0.20536895, 0.19130658]
