Kp1: -2.9879469199263
Ki1: -0.010797823532740001
Kd1: -0.14456955594784282
Kp2: 0.07867446120572681
Ki2: 0.048703335935233794
Kd2: 0.0
init_obs: [-0.2813053 , -0.39399375,  0.22091911,  0.27694708]
