Kp1: -3.269223933262012
Ki1: -0.00972022656138054
Kd1: -0.1633489902282558
Kp2: 0.08310681465549288
Ki2: 0.04756995645459272
Kd2: 0.0
init_obs: [0.29980069, 0.3757288 , 0.45362514, 0.47929769]
