Kp1: -3.069564333520949
Ki1: -0.00976528107421777
Kd1: -0.1609280313148061
Kp2: 0.0872628693290723
Ki2: 0.04868981391065703
Kd2: 0.0
init_obs: [-0.27315934, -0.36468842, -0.38686721, -0.09135176]
