Kp1: -2.966125507356876
Ki1: -0.01027475548235346
Kd1: -0.1508042698073335
Kp2: 0.08735364941200043
Ki2: 0.046834898785879854
Kd2: 0.0
init_obs: [ 0.26830775, -0.05900724,  0.23083497, -0.13877512]
