Kp1: -2.76981431666429
Ki1: -0.009056579867628832
Kd1: -0.1590017546438142
Kp2: 0.08799203378651525
Ki2: 0.04732084445810818
Kd2: 0.0
init_obs: [-0.30113479,  0.26819901, -0.2614331 , -0.49983615]
