Kp1: -3.2673692432927712
Ki1: -0.010166952997679017
Kd1: -0.15069777273443696
Kp2: 0.07622691485155812
Ki2: 0.04587032242182428
Kd2: 0.0
init_obs: [ 0.18144363,  0.01514251,  0.47584418, -0.48021044]
