Kp1: -2.881765227154127
Ki1: -0.01055894370015193
Kd1: -0.15549859720589856
Kp2: 0.08333805470837424
Ki2: 0.04754370917898447
Kd2: 0.0
init_obs: [ 0.47321483,  0.37839657,  0.45445487, -0.13576563]
