Kp1: -3.282827182764428
Ki1: -0.009217108686061156
Kd1: -0.16331527723683376
Kp2: 0.07456048441391461
Ki2: 0.046787241994751344
Kd2: 0.0
init_obs: [-0.41648473, -0.17946897,  0.12678796, -0.06709613]
