Kp1: -2.816431823736156
Ki1: -0.010612199607766538
Kd1: -0.1392633310967112
Kp2: 0.07950672654401929
Ki2: 0.05407514032582103
Kd2: 0.0
init_obs: [0.11353762, 0.16062795, 0.36604639, 0.00110241]
