Kp1: -2.9498323273751073
Ki1: -0.010737518317256427
Kd1: -0.15708456531906814
Kp2: 0.08378265442360361
Ki2: 0.04612916197321244
Kd2: 0.0
init_obs: [ 0.31214756, -0.40593301,  0.28549323, -0.30949228]
