Kp1: -2.9049394972519256
Ki1: -0.009345999756315972
Kd1: -0.14887133660073318
Kp2: 0.07377206414613414
Ki2: 0.046903210154191306
Kd2: 0.0
init_obs: [-0.21650749, -0.45363695, -0.09345329, -0.42059117]
