Kp1: -2.940376056283066
Ki1: -0.009614805296098901
Kd1: -0.1643274420915266
Kp2: 0.08531268094225998
Ki2: 0.0543227956668173
Kd2: 0.0
init_obs: [ 0.23443629, -0.08817081, -0.1172497 , -0.07995291]
