Kp1: -2.9826924004041175
Ki1: -0.009553861850437167
Kd1: -0.16300172825205986
Kp2: 0.08190575642802117
Ki2: 0.050166579927622294
Kd2: 0.0
init_obs: [-0.11327766,  0.179854  , -0.24998057, -0.40814278]
