Kp1: -2.9529515352639866
Ki1: -0.010695657613826527
Kd1: -0.13792596316436814
Kp2: 0.07601785020841736
Ki2: 0.047955699686593634
Kd2: 0.0
init_obs: [-0.06942863,  0.03168396, -0.23030112, -0.15528765]
