Kp1: -3.1737155458383404
Ki1: -0.010419683375301799
Kd1: -0.16367326115970857
Kp2: 0.08644660759390363
Ki2: 0.047655048120014795
Kd2: 0.0
init_obs: [-0.43411798,  0.42073686, -0.4337081 , -0.3743141 ]
