Kp1: -2.8858486315619256
Ki1: -0.009057707778508242
Kd1: -0.14438833264436954
Kp2: 0.07954643176785389
Ki2: 0.04906487946273093
Kd2: 0.0
init_obs: [-0.28383579, -0.18661565, -0.07364104,  0.48884753]
