Kp1: -2.9311709345107806
Ki1: -0.010325177581228792
Kd1: -0.15631786894949057
Kp2: 0.08087539528794421
Ki2: 0.0459096340838165
Kd2: 0.0
init_obs: [-0.11780474,  0.19678503, -0.49397765,  0.14212829]
