Kp1: -2.9483121164083075
Ki1: -0.009146723188755148
Kd1: -0.15585878366419814
Kp2: 0.08207633991175943
Ki2: 0.05432066576434676
Kd2: 0.0
init_obs: [ 0.45936038, -0.29393312,  0.35496941, -0.44348841]
