Kp1: -3.2482287231228186
Ki1: -0.009562893657019445
Kd1: -0.1615659171413608
Kp2: 0.07342988649847616
Ki2: 0.04789144677667004
Kd2: 0.0
init_obs: [ 0.05135243,  0.14323209,  0.1238709 , -0.07333753]
