Kp1: -2.7791877158820837
Ki1: -0.010755286433844768
Kd1: -0.13975704809040945
Kp2: 0.08008617295395766
Ki2: 0.05078707945881638
Kd2: 0.0
init_obs: [-0.1200108 ,  0.31866858, -0.31646638, -0.45776747]
