Kp1: -2.873589775244853
Ki1: -0.010354019707094746
Kd1: -0.1644823421116993
Kp2: 0.08411821591153892
Ki2: 0.05471488381036957
Kd2: 0.0
init_obs: [-0.40433978, -0.47528006,  0.09721951,  0.05499438]
