Kp1: -2.705769729433303
Ki1: -0.009723590219241586
Kd1: -0.1355036468692095
Kp2: 0.08449851304571804
Ki2: 0.05107936943873033
Kd2: 0.0
init_obs: [-0.10084814, -0.03915366, -0.39049678, -0.43748959]
