Kp1: -2.7448816746508133
Ki1: -0.009926785089081349
Kd1: -0.15345948118120678
Kp2: 0.083814357228284
Ki2: 0.052769757814457044
Kd2: 0.0
init_obs: [-0.16714413,  0.32222123,  0.35613371, -0.35758582]
