Kp1: -3.296019646187343
Ki1: -0.009561798078496178
Kd1: -0.1360614673956011
Kp2: 0.07751691183071528
Ki2: 0.05112139927325349
Kd2: 0.0
init_obs: [-0.35965451, -0.15435526, -0.44051552, -0.01284428]
