Kp1: -2.7294351150094127
Ki1: -0.010228982062053634
Kd1: -0.1402013989616202
Kp2: 0.0765625539711231
Ki2: 0.04626144756657017
Kd2: 0.0
init_obs: [-0.32197237, -0.16411844,  0.49663159,  0.0623894 ]
