Kp1: -3.116479536924931
Ki1: -0.010079688582393704
Kd1: -0.13658210196056608
Kp2: 0.07427660796902995
Ki2: 0.05101565666397199
Kd2: 0.0
init_obs: [-0.37531813, -0.13878642, -0.34681406, -0.22117892]
