Kp1: -3.215902717755995
Ki1: -0.010566428342514787
Kd1: -0.15779247434220867
Kp2: 0.08305305339230155
Ki2: 0.0541504285517837
Kd2: 0.0
init_obs: [ 0.08945704, -0.05880561,  0.19951601,  0.1742626 ]
