Kp1: -2.811857927023296
Ki1: -0.009114963587097765
Kd1: -0.14922055815119264
Kp2: 0.08163223158320827
Ki2: 0.04632886242118052
Kd2: 0.0
init_obs: [ 0.00392229, -0.24492211, -0.3366393 , -0.1418151 ]
