Kp1: -2.755439660815126
Ki1: -0.010828087324856895
Kd1: -0.1540524968654219
Kp2: 0.08762740461739671
Ki2: 0.04767340774885112
Kd2: 0.0
init_obs: [ 0.32151141, -0.48102672,  0.27513723, -0.39919616]
