Kp1: -3.1449968443675766
Ki1: -0.010676810271818396
Kd1: -0.15244203216981145
Kp2: 0.08735531160921761
Ki2: 0.05302062358691617
Kd2: 0.0
init_obs: [-0.33322855, -0.03533179, -0.38062169, -0.34791069]
