Kp1: -3.232259895670757
Ki1: -0.010580035939342949
Kd1: -0.15610595656715406
Kp2: 0.08355806473197143
Ki2: 0.04639101746545414
Kd2: 0.0
init_obs: [0.0811607 , 0.02814949, 0.36227584, 0.10897282]
