Kp1: -2.9555857380906865
Ki1: -0.009994545724750765
Kd1: -0.14333639540434048
Kp2: 0.07995913503833438
Ki2: 0.051720599608112705
Kd2: 0.0
init_obs: [ 0.4513809 ,  0.23213343,  0.36571801, -0.14752106]
