Kp1: -3.0082366905305755
Ki1: -0.010598431660429222
Kd1: -0.15319856908639787
Kp2: 0.07761992065232497
Ki2: 0.052985086431293786
Kd2: 0.0
init_obs: [-0.09393472, -0.33169964, -0.10194203, -0.49487526]
