Kp1: -2.8664700680746753
Ki1: -0.010017189839570664
Kd1: -0.13783450940895056
Kp2: 0.0748915910206947
Ki2: 0.054607682671116264
Kd2: 0.0
init_obs: [-0.11108374,  0.08666726, -0.03690927,  0.42814524]
