Kp1: -2.983569325847958
Ki1: -0.009657201577680933
Kd1: -0.15842827662737494
Kp2: 0.07812863673822874
Ki2: 0.04809007043143678
Kd2: 0.0
init_obs: [-0.43505544,  0.23544634, -0.22575131, -0.39431779]
