Kp1: -3.073305329100614
Ki1: -0.009373280920878245
Kd1: -0.16080338800273436
Kp2: 0.08534980032498635
Ki2: 0.05482985886063664
Kd2: 0.0
init_obs: [-0.09801873,  0.29986056,  0.23947248, -0.33225444]
