Kp1: -2.7138509656897907
Ki1: -0.01015174487873628
Kd1: -0.1467565398384089
Kp2: 0.0722933465423856
Ki2: 0.0464597400153434
Kd2: 0.0
init_obs: [-0.45458106,  0.31065256, -0.14739563,  0.15517686]
