Kp1: -2.9617641629737435
Ki1: -0.009629889123109773
Kd1: -0.1446584051838796
Kp2: 0.07995188649475125
Ki2: 0.04624780010431834
Kd2: 0.0
init_obs: [ 0.03814503, -0.22233954,  0.40097326, -0.05011885]
