Kp1: -2.939140910430378
Ki1: -0.009381105748166304
Kd1: -0.1506724624060316
Kp2: 0.07802651240664622
Ki2: 0.04515740199259094
Kd2: 0.0
init_obs: [-0.08003158, -0.16098857,  0.41422598,  0.30665545]
