Kp1: -3.2143120657994846
Ki1: -0.00939847138577655
Kd1: -0.15929511010551728
Kp2: 0.07330788383477348
Ki2: 0.048275262598853085
Kd2: 0.0
init_obs: [ 0.14991596, -0.03643138,  0.00545339,  0.21166799]
