Kp1: -2.9507149593897277
Ki1: -0.009775966641915823
Kd1: -0.13546695504119124
Kp2: 0.07364986860808849
Ki2: 0.05086872743188641
Kd2: 0.0
init_obs: [-0.04896741,  0.48922412, -0.0465199 , -0.03371759]
