Kp1: -3.169759747963826
Ki1: -0.0103319154578534
Kd1: -0.1581386351652063
Kp2: 0.08554129616121987
Ki2: 0.05372554198577966
Kd2: 0.0
init_obs: [ 0.38009072, -0.17033134,  0.11987893,  0.31992802]
