Kp1: -2.9066559798329688
Ki1: -0.009147564393512487
Kd1: -0.15267265259026144
Kp2: 0.07725723866067559
Ki2: 0.0507418112772316
Kd2: 0.0
init_obs: [ 0.00907105,  0.14386818,  0.34440219, -0.34029363]
