Kp1: -2.7754641143856387
Ki1: -0.009308791109681174
Kd1: -0.1524014928917406
Kp2: 0.07739127953517139
Ki2: 0.047705864193938435
Kd2: 0.0
init_obs: [0.11460402, 0.40445765, 0.25236596, 0.33825908]
