Kp1: -3.1761587424011513
Ki1: -0.0108479261888292
Kd1: -0.1572449818406157
Kp2: 0.08309622507476572
Ki2: 0.04576035419776326
Kd2: 0.0
init_obs: [ 0.47535332, -0.43946283,  0.13922912,  0.1148989 ]
