Kp1: -2.7921404368920486
Ki1: -0.01007237821953996
Kd1: -0.13773140600566208
Kp2: 0.08085218579437711
Ki2: 0.05182527208052521
Kd2: 0.0
init_obs: [-0.26784651, -0.3303899 ,  0.16641991,  0.37172794]
