Kp1: -3.2269865722758504
Ki1: -0.010312143475616748
Kd1: -0.1432517765183994
Kp2: 0.08468398173742724
Ki2: 0.054600522483932726
Kd2: 0.0
init_obs: [-0.14016176,  0.26086929,  0.14234054, -0.49751938]
