Kp1: -3.230054112154461
Ki1: -0.00905312699804525
Kd1: -0.16169766890278478
Kp2: 0.07235974466440763
Ki2: 0.04924637247674868
Kd2: 0.0
init_obs: [0.24899142, 0.22638147, 0.44591892, 0.38714353]
