Kp1: -2.9154194919744443
Ki1: -0.01019962594689762
Kd1: -0.1620024015661246
Kp2: 0.07715714319360605
Ki2: 0.04829440805563287
Kd2: 0.0
init_obs: [-0.31768683, -0.41444882,  0.07668246, -0.05273241]
