Kp1: -2.82092195123138
Ki1: -0.009583749990351777
Kd1: -0.1370869901243623
Kp2: 0.07699249399005031
Ki2: 0.0485838279981195
Kd2: 0.0
init_obs: [-0.0681298 , -0.27139085,  0.26415271, -0.21957136]
