Kp1: -2.744876256011319
Ki1: -0.009215968436550355
Kd1: -0.14119455095426364
Kp2: 0.07501512728711891
Ki2: 0.04721004808647189
Kd2: 0.0
init_obs: [-0.32245062,  0.35203919,  0.186414  ,  0.42491129]
