Kp1: -2.821348462742624
Ki1: -0.009285002432049138
Kd1: -0.14435669938415774
Kp2: 0.08173521904116286
Ki2: 0.05338842849762901
Kd2: 0.0
init_obs: [ 0.006563  ,  0.22711853, -0.26816893, -0.19106791]
