Kp1: -3.021074543602616
Ki1: -0.010190677068617272
Kd1: -0.15176571859619875
Kp2: 0.08281036644555188
Ki2: 0.04594749323399636
Kd2: 0.0
init_obs: [-0.2180167 ,  0.40554179, -0.42159044, -0.28393569]
