Kp1: -3.05126616562809
Ki1: -0.00902420475921212
Kd1: -0.1488318889345509
Kp2: 0.0743166311493393
Ki2: 0.052374711600286616
Kd2: 0.0
init_obs: [ 0.49612241, -0.46533515, -0.41779982,  0.33344111]
