Kp1: -2.8894925858036897
Ki1: -0.010437348637002526
Kd1: -0.1587161310562305
Kp2: 0.07819602209438789
Ki2: 0.05247078675597581
Kd2: 0.0
init_obs: [-0.29008071, -0.43402901, -0.08576321, -0.41144704]
