Kp1: -2.7054704028092806
Ki1: -0.009298469096652053
Kd1: -0.15191029256249378
Kp2: 0.07277630064666975
Ki2: 0.052630536465566674
Kd2: 0.0
init_obs: [-0.42195979, -0.18420459,  0.40787362, -0.42596461]
