Kp1: -3.2223919531454714
Ki1: -0.01030287522036329
Kd1: -0.16035770968031174
Kp2: 0.08633613505392791
Ki2: 0.0517321819582871
Kd2: 0.0
init_obs: [ 0.49692799, -0.04463367, -0.25892232, -0.43905751]
