Kp1: -3.032798002189817
Ki1: -0.009151254129616109
Kd1: -0.1548198661451337
Kp2: 0.07216997526819963
Ki2: 0.04911059432948885
Kd2: 0.0
init_obs: [-0.05565349,  0.48862361,  0.44326235, -0.34322193]
