Kp1: -2.8568996061730063
Ki1: -0.009968658483575265
Kd1: -0.1452115707794016
Kp2: 0.07384624630376817
Ki2: 0.050302738767744395
Kd2: 0.0
init_obs: [-0.10777825,  0.32138633,  0.17086166,  0.47870532]
