Kp1: -3.0569096440440555
Ki1: -0.010442379554160566
Kd1: -0.14686288181441381
Kp2: 0.0727465018094189
Ki2: 0.04790291343447801
Kd2: 0.0
init_obs: [-0.34637446,  0.18722056, -0.021685  , -0.42435245]
