Kp1: -2.702103162257078
Ki1: -0.010309419171276223
Kd1: -0.14941262106710426
Kp2: 0.08064603052966282
Ki2: 0.05336890461449143
Kd2: 0.0
init_obs: [ 0.09196852, -0.34288537, -0.42188459,  0.27964239]
