Kp1: -2.9130644381143584
Ki1: -0.009434630300945452
Kd1: -0.16071247602461822
Kp2: 0.07412584114061167
Ki2: 0.04949278036343067
Kd2: 0.0
init_obs: [-0.4849625 ,  0.20823261,  0.47282786,  0.20823263]
