Kp1: -2.9964055004034793
Ki1: -0.010575198610566874
Kd1: -0.15774956477144855
Kp2: 0.08472860507186747
Ki2: 0.04872401828694377
Kd2: 0.0
init_obs: [ 0.33332378,  0.00822657, -0.01902259,  0.18387237]
