Kp1: -3.0646568869434354
Ki1: -0.009008428692341277
Kd1: -0.16117935965621144
Kp2: 0.08196137453980772
Ki2: 0.05047073326827565
Kd2: 0.0
init_obs: [-0.29310727, -0.40218119,  0.06330872,  0.12438949]
