Kp1: -2.9799034024377984
Ki1: -0.010200711685555244
Kd1: -0.1566883972570841
Kp2: 0.08716762865757241
Ki2: 0.04923699091070764
Kd2: 0.0
init_obs: [ 0.37300602,  0.13036063,  0.37485848, -0.24354717]
