Kp1: -2.9725689070880974
Ki1: -0.009573602849589712
Kd1: -0.1464489183698678
Kp2: 0.08068153154440694
Ki2: 0.05342222490553161
Kd2: 0.0
init_obs: [-0.07639951,  0.14494234,  0.27675912, -0.43632567]
