Kp1: -3.289915400637197
Ki1: -0.010004262970585738
Kd1: -0.14284466435998502
Kp2: 0.08184699207555304
Ki2: 0.051653172573710174
Kd2: 0.0
init_obs: [-0.35728007, -0.19964239, -0.09940048, -0.13738777]
