Kp1: -2.7325085249631913
Ki1: -0.010946925992396132
Kd1: -0.15024164621397643
Kp2: 0.07898277474313802
Ki2: 0.053777493462270204
Kd2: 0.0
init_obs: [ 0.25958001, -0.32038743,  0.44029921, -0.05815702]
