Kp1: -3.2537126623461257
Ki1: -0.010621178896535195
Kd1: -0.1568235484013983
Kp2: 0.07251219850495151
Ki2: 0.04782904671183215
Kd2: 0.0
init_obs: [ 0.30003962,  0.16875397, -0.17432341, -0.06474291]
