Kp1: -2.9796757234263893
Ki1: -0.010652168059511169
Kd1: -0.14258274829244916
Kp2: 0.07913172678655202
Ki2: 0.0508726642057559
Kd2: 0.0
init_obs: [ 0.42828311,  0.44845505, -0.05633984, -0.28454015]
