Kp1: -3.298491054322654
Ki1: -0.009469375970336251
Kd1: -0.14465281801915217
Kp2: 0.08258949972750095
Ki2: 0.053756396474460635
Kd2: 0.0
init_obs: [ 0.14761663, -0.41702235,  0.41130361,  0.32092797]
