Kp1: -3.1601765982085386
Ki1: -0.009039300755546157
Kd1: -0.15566203840618975
Kp2: 0.07233896624659795
Ki2: 0.049076615519950746
Kd2: 0.0
init_obs: [-0.35474479,  0.42809934, -0.31739656,  0.45739115]
