Kp1: -2.9465937956646804
Ki1: -0.009293718914184422
Kd1: -0.13999804645521516
Kp2: 0.07475597680177251
Ki2: 0.05103459598600794
Kd2: 0.0
init_obs: [ 0.30882059,  0.35069764,  0.32515711, -0.27535875]
