Kp1: -2.906745239679257
Ki1: -0.009249561774062089
Kd1: -0.1508680962928786
Kp2: 0.07885211847213856
Ki2: 0.05021601109581371
Kd2: 0.0
init_obs: [ 0.44601673,  0.45278789, -0.34720488, -0.14354165]
