Kp1: -3.279427628537766
Ki1: -0.009365698146120245
Kd1: -0.15109017220460425
Kp2: 0.07718625286998988
Ki2: 0.049812410913369576
Kd2: 0.0
init_obs: [-0.26461625, -0.06034024,  0.04646625, -0.00555817]
