Kp1: -2.9977916527674178
Ki1: -0.009684101104720299
Kd1: -0.15147655495999482
Kp2: 0.08487084585368912
Ki2: 0.04587786950120196
Kd2: 0.0
init_obs: [-0.1789233 ,  0.29438271, -0.03873057, -0.09067783]
