Kp1: -2.8834690652553165
Ki1: -0.010678061561628262
Kd1: -0.15392395439409987
Kp2: 0.08242086702025873
Ki2: 0.04587480797589634
Kd2: 0.0
init_obs: [ 0.15335634,  0.01357469, -0.23717314, -0.301148  ]
