Kp1: -2.760853012417556
Ki1: -0.009527032679123897
Kd1: -0.15731668172645585
Kp2: 0.07689840226837288
Ki2: 0.0482082164827746
Kd2: 0.0
init_obs: [-0.12140527, -0.07684937, -0.32654772,  0.18787347]
