Kp1: -2.7533329785985208
Ki1: -0.009420250635340188
Kd1: -0.15738968070976816
Kp2: 0.08687078500824083
Ki2: 0.046087954902132015
Kd2: 0.0
init_obs: [-0.20005018, -0.08989749,  0.35767055, -0.15904946]
