Kp1: -3.052684313385369
Ki1: -0.009473270827602359
Kd1: -0.138452716571464
Kp2: 0.0762925791471018
Ki2: 0.05326061124208088
Kd2: 0.0
init_obs: [-0.05108194,  0.35896164, -0.13776155,  0.37229611]
