Kp1: -3.1460488981670074
Ki1: -0.010366854868058637
Kd1: -0.1567880332286857
Kp2: 0.08481313030921246
Ki2: 0.0489039548333616
Kd2: 0.0
init_obs: [-0.07969171,  0.04642826,  0.10442293, -0.40177946]
