Kp1: -2.9723393378725653
Ki1: -0.010599239445157171
Kd1: -0.16209429671512135
Kp2: 0.07296657161339687
Ki2: 0.05052704105830237
Kd2: 0.0
init_obs: [ 0.28619163, -0.34795599,  0.02418066,  0.34720592]
