Kp1: -2.9639974146717285
Ki1: -0.009556450388979431
Kd1: -0.15289782515952874
Kp2: 0.0810384150576704
Ki2: 0.048810918860497925
Kd2: 0.0
init_obs: [ 0.11068375, -0.28826045,  0.3018369 ,  0.47079328]
