Kp1: -2.9387413023016533
Ki1: -0.010616082115049807
Kd1: -0.13960820821315928
Kp2: 0.07976094655043582
Ki2: 0.04562836961516684
Kd2: 0.0
init_obs: [-0.18981298, -0.05698388, -0.09328638, -0.28639136]
