Kp1: -2.894749220537925
Ki1: -0.009385061143105625
Kd1: -0.14258568453443565
Kp2: 0.08321699509710387
Ki2: 0.0535326504040246
Kd2: 0.0
init_obs: [-0.13778097, -0.07110095,  0.19730117, -0.04645596]
