Kp1: -3.1861445237601673
Ki1: -0.009507232116682661
Kd1: -0.15788308856231126
Kp2: 0.08262490900155928
Ki2: 0.04639673655924729
Kd2: 0.0
init_obs: [-0.12017085, -0.19460707, -0.0928155 , -0.43916897]
