Kp1: -3.1833110264422517
Ki1: -0.009487040934985088
Kd1: -0.1611344047686663
Kp2: 0.07287506744056436
Ki2: 0.048712589832319984
Kd2: 0.0
init_obs: [ 0.15774662, -0.41244184, -0.15401033, -0.37108817]
