Kp1: -2.8181882344631792
Ki1: -0.010883394271753846
Kd1: -0.14412502627635573
Kp2: 0.08036241045906391
Ki2: 0.04733579493809631
Kd2: 0.0
init_obs: [-0.15567039,  0.16201954, -0.21881067,  0.09749107]
