Kp1: -3.2507643360186536
Ki1: -0.009370528385378813
Kd1: -0.15713740945890248
Kp2: 0.08078326398823434
Ki2: 0.048048370045841865
Kd2: 0.0
init_obs: [ 0.24763388, -0.42110944,  0.477721  , -0.16094045]
