Kp1: -2.7644785784168295
Ki1: -0.010383923238248657
Kd1: -0.15258290304780084
Kp2: 0.08174104983712503
Ki2: 0.04541100713888131
Kd2: 0.0
init_obs: [ 0.43109045,  0.18476763,  0.11158367, -0.48701785]
