Kp1: -3.078753893290555
Ki1: -0.010458516456158832
Kd1: -0.13527323576232053
Kp2: 0.08644302587121076
Ki2: 0.04642134721206797
Kd2: 0.0
init_obs: [ 0.32255982,  0.08514722, -0.31158134,  0.26707002]
