Kp1: -3.0781494090848573
Ki1: -0.010312532405338892
Kd1: -0.15593260688337188
Kp2: 0.07765121585880398
Ki2: 0.05166240051118214
Kd2: 0.0
init_obs: [-0.34696717, -0.04275749,  0.14631468, -0.11084023]
