Kp1: -2.875771149005696
Ki1: -0.009484833756735946
Kd1: -0.15792264561351996
Kp2: 0.08564730116015742
Ki2: 0.054130324738879215
Kd2: 0.0
init_obs: [-0.40538035, -0.11599873, -0.17671694,  0.31979201]
