Kp1: -2.836217957233174
Ki1: -0.009607568623132537
Kd1: -0.14039933542693492
Kp2: 0.074245145915132
Ki2: 0.05159467181699511
Kd2: 0.0
init_obs: [ 0.45942559, -0.08988813, -0.29292954, -0.01408113]
