Kp1: -3.005316030173213
Ki1: -0.009244280210068288
Kd1: -0.1394989834532658
Kp2: 0.07252959658920378
Ki2: 0.04556802755976485
Kd2: 0.0
init_obs: [-0.01763491, -0.12868356,  0.33101632,  0.35111007]
