Kp1: -3.2599127535000574
Ki1: -0.01081919467504476
Kd1: -0.15739285043563736
Kp2: 0.08649529977384657
Ki2: 0.04802374379388738
Kd2: 0.0
init_obs: [-0.1887686 , -0.15202951, -0.15830927,  0.13193393]
