Kp1: -2.7123732892950043
Ki1: -0.010890760511720736
Kd1: -0.16073996676014435
Kp2: 0.07212302404329594
Ki2: 0.04946672078655598
Kd2: 0.0
init_obs: [-0.32430317, -0.25606624,  0.4601664 , -0.09679891]
