Kp1: -3.18119201515041
Ki1: -0.01053378370895576
Kd1: -0.1374942669106867
Kp2: 0.08725730454698065
Ki2: 0.04907916690343596
Kd2: 0.0
init_obs: [ 0.33615823,  0.38439835, -0.01642277,  0.09390334]
