Kp1: -2.763053094598718
Ki1: -0.009873477187121362
Kd1: -0.1465808347322556
Kp2: 0.07691849495254525
Ki2: 0.049491531438188
Kd2: 0.0
init_obs: [ 0.13223218,  0.38460085, -0.00814536,  0.04464916]
