Kp1: -3.2642707574516368
Ki1: -0.010057391448016895
Kd1: -0.16470102202615589
Kp2: 0.07870418870747331
Ki2: 0.05490452295357243
Kd2: 0.0
init_obs: [ 0.15254335, -0.44647153,  0.4813612 ,  0.21641113]
