Kp1: -3.149655789287606
Ki1: -0.009505160223977531
Kd1: -0.14048820776965557
Kp2: 0.08532210407138162
Ki2: 0.04972563093709927
Kd2: 0.0
init_obs: [ 0.03049944,  0.24308543,  0.00972295, -0.4509302 ]
