Kp1: -3.159192655566104
Ki1: -0.009326997568568593
Kd1: -0.14574263501504797
Kp2: 0.07416431276550688
Ki2: 0.052909160876350426
Kd2: 0.0
init_obs: [ 0.1431451 ,  0.09738046, -0.00706871,  0.07726965]
