Kp1: -3.1089944593991525
Ki1: -0.010077345968323074
Kd1: -0.15896069504737892
Kp2: 0.08358780323587187
Ki2: 0.04884648587317916
Kd2: 0.0
init_obs: [ 0.41803812, -0.33026153,  0.49378372,  0.32282165]
