Kp1: -3.1284962259660993
Ki1: -0.010369053334196923
Kd1: -0.15238351669011432
Kp2: 0.08255984871293905
Ki2: 0.04515514550538745
Kd2: 0.0
init_obs: [-0.18467725, -0.10642062, -0.10136613, -0.05991353]
