Kp1: -3.0159240306555777
Ki1: -0.009173781615441195
Kd1: -0.16226166950437784
Kp2: 0.07948368363131844
Ki2: 0.05428710265529965
Kd2: 0.0
init_obs: [0.2861067 , 0.0620673 , 0.19203645, 0.37200524]
