Kp1: -3.272892776150677
Ki1: -0.009792444805564739
Kd1: -0.14523078467508202
Kp2: 0.07397009158366666
Ki2: 0.04747515264429271
Kd2: 0.0
init_obs: [ 0.31890261, -0.48364445, -0.46626325, -0.13422693]
