Kp1: -3.224533810670332
Ki1: -0.010362335807442993
Kd1: -0.16106205139594312
Kp2: 0.07986505771738032
Ki2: 0.05200318955577701
Kd2: 0.0
init_obs: [ 0.16963462, -0.37361692,  0.1437103 ,  0.04668027]
