Kp1: -2.998956963295992
Ki1: -0.010742791368755842
Kd1: -0.15524036683386858
Kp2: 0.08373724515930552
Ki2: 0.0510722241822834
Kd2: 0.0
init_obs: [0.14560192, 0.22248041, 0.11386495, 0.20176272]
