Kp1: -3.0278147608326815
Ki1: -0.010006933439835216
Kd1: -0.1517897217143193
Kp2: 0.07722628713082554
Ki2: 0.053690322060688224
Kd2: 0.0
init_obs: [-0.12097627, -0.49610286,  0.31047417, -0.48505526]
