Kp1: -3.2696465829072006
Ki1: -0.010909397953179722
Kd1: -0.15058634507384908
Kp2: 0.07574155490388373
Ki2: 0.05385133195799694
Kd2: 0.0
init_obs: [ 0.45244881, -0.1677038 , -0.0456913 , -0.21544667]
