Kp1: -2.7152350751663312
Ki1: -0.009907023645640278
Kd1: -0.15374955070976518
Kp2: 0.08315348375642122
Ki2: 0.045548610589508036
Kd2: 0.0
init_obs: [-0.47119554, -0.03708609, -0.23814987,  0.15430176]
