Kp1: -3.1720569445047846
Ki1: -0.010154463104224395
Kd1: -0.1412819397170651
Kp2: 0.07395162343092102
Ki2: 0.05490919750624525
Kd2: 0.0
init_obs: [-0.49964753,  0.16940555,  0.23489437,  0.09515498]
