Kp1: -3.1728572463991744
Ki1: -0.010104138431547473
Kd1: -0.15245319737633395
Kp2: 0.07768759153696425
Ki2: 0.05262670122928447
Kd2: 0.0
init_obs: [-0.00512671, -0.06443218,  0.4235919 , -0.31568992]
