Kp1: -3.286024490624044
Ki1: -0.010489519042126758
Kd1: -0.16049967857276634
Kp2: 0.07355275279530518
Ki2: 0.04511693537858638
Kd2: 0.0
init_obs: [-0.32238471, -0.44710678, -0.11743374, -0.12404365]
