Kp1: -3.006818972191441
Ki1: -0.010820083284131988
Kd1: -0.14720948948542223
Kp2: 0.07582725876567441
Ki2: 0.05423411154890265
Kd2: 0.0
init_obs: [-0.12867919,  0.34876779, -0.38279593,  0.4380508 ]
