Kp1: -3.021908765769515
Ki1: -0.009189523216974022
Kd1: -0.14508175663969533
Kp2: 0.0765471611893126
Ki2: 0.05270957943000784
Kd2: 0.0
init_obs: [ 0.20707095,  0.306294  , -0.40923637,  0.34111069]
