Kp1: -2.797424816724833
Ki1: -0.009500253339781524
Kd1: -0.15739822062552003
Kp2: 0.07311498781011856
Ki2: 0.05307983804031179
Kd2: 0.0
init_obs: [0.18881   , 0.12497739, 0.16883858, 0.07131864]
