Kp1: -2.7313157110452484
Ki1: -0.00948374792801957
Kd1: -0.14894565738075097
Kp2: 0.08620029032104587
Ki2: 0.05117762150348431
Kd2: 0.0
init_obs: [ 0.17535313,  0.01802814,  0.46997579, -0.12523756]
