Kp1: -2.728523229353283
Ki1: -0.010388470141104429
Kd1: -0.15734994135139993
Kp2: 0.08347116239756928
Ki2: 0.05117293100463799
Kd2: 0.0
init_obs: [-0.06538156,  0.10146392,  0.27836591,  0.26446776]
