Kp1: -2.827865262130998
Ki1: -0.010017382052246759
Kd1: -0.14856517444583556
Kp2: 0.07831141531572404
Ki2: 0.05429099564319321
Kd2: 0.0
init_obs: [ 0.30204297,  0.21899953,  0.42227626, -0.01173113]
