Kp1: -2.7190298470920906
Ki1: -0.010655792406330225
Kd1: -0.1492950559281058
Kp2: 0.0760136278709272
Ki2: 0.05374434734077424
Kd2: 0.0
init_obs: [0.13914619, 0.17226025, 0.28806188, 0.03623324]
