Kp1: -3.2916334408649797
Ki1: -0.009253823903066559
Kd1: -0.13984674358635726
Kp2: 0.0833418586016874
Ki2: 0.046346616592061844
Kd2: 0.0
init_obs: [-0.33908822,  0.10824973, -0.29726412,  0.09883097]
