Kp1: -3.2031840266557783
Ki1: -0.010762876038727635
Kd1: -0.16389001457236385
Kp2: 0.07869196181134948
Ki2: 0.05226651876302966
Kd2: 0.0
init_obs: [-0.06850027,  0.38471791, -0.4590171 , -0.27809397]
