Kp1: -3.138093424995743
Ki1: -0.00924574480980643
Kd1: -0.1417827584838389
Kp2: 0.0854002012713187
Ki2: 0.04724264504900165
Kd2: 0.0
init_obs: [-0.46591149,  0.14818036, -0.31184258,  0.49958274]
