Kp1: -3.292069503284776
Ki1: -0.010185791533869702
Kd1: -0.135008383539769
Kp2: 0.08111041618655891
Ki2: 0.05200076779614628
Kd2: 0.0
init_obs: [ 0.0353116 , -0.47891218,  0.41249674,  0.25590002]
