Kp1: -2.7856002614546735
Ki1: -0.00942475332466863
Kd1: -0.13960718670484387
Kp2: 0.07204164373839685
Ki2: 0.048823651509838126
Kd2: 0.0
init_obs: [ 0.37859515,  0.07287429,  0.07627418, -0.3126857 ]
