Kp1: -2.75005568217985
Ki1: -0.009385788247066342
Kd1: -0.16065806064853247
Kp2: 0.07318633204957369
Ki2: 0.04691224649942886
Kd2: 0.0
init_obs: [ 0.46601388, -0.31770755,  0.36016821, -0.22672173]
