Kp1: -2.7209123785273244
Ki1: -0.010239081795585043
Kd1: -0.1428052969754765
Kp2: 0.08281577780607385
Ki2: 0.04772777259312357
Kd2: 0.0
init_obs: [-0.08480102,  0.02153875,  0.48708827,  0.10108249]
