Kp1: -3.2482470447974103
Ki1: -0.00910810825076991
Kd1: -0.1544080256189932
Kp2: 0.07758356243259497
Ki2: 0.046846708035346026
Kd2: 0.0
init_obs: [ 0.37020065, -0.0439675 , -0.32915445, -0.4247059 ]
