Kp1: -2.8240924899204995
Ki1: -0.010101122983397513
Kd1: -0.16215407564542408
Kp2: 0.08011268467071149
Ki2: 0.05338914869036563
Kd2: 0.0
init_obs: [ 0.41817505, -0.32119544,  0.06112718, -0.22889222]
