Kp1: -2.904946986452342
Ki1: -0.010004456770341046
Kd1: -0.16191391863106225
Kp2: 0.0771412047792085
Ki2: 0.05110903621174256
Kd2: 0.0
init_obs: [ 0.26429196,  0.30799178,  0.18327388, -0.1107017 ]
