Kp1: -2.8992223010357043
Ki1: -0.009830582475182505
Kd1: -0.1400567154259765
Kp2: 0.07807070660332636
Ki2: 0.050713934791339614
Kd2: 0.0
init_obs: [-0.48626503, -0.05079426,  0.05609465,  0.19630709]
