Kp1: -2.8883645684513843
Ki1: -0.009027352833390947
Kd1: -0.15378265307502095
Kp2: 0.0787919874534661
Ki2: 0.04699022733353531
Kd2: 0.0
init_obs: [ 0.4694363 , -0.39994277, -0.00478825,  0.08220875]
