Kp1: -3.1561718766441174
Ki1: -0.010693236723460689
Kd1: -0.14664231651763854
Kp2: 0.07522788367558003
Ki2: 0.05420065454728462
Kd2: 0.0
init_obs: [ 0.22257423, -0.08610345, -0.43235045, -0.28369544]
