Kp1: -2.951483869282595
Ki1: -0.010582415369891565
Kd1: -0.16318764288273716
Kp2: 0.0826959642151024
Ki2: 0.05060191465660446
Kd2: 0.0
init_obs: [ 0.25208897, -0.14466694, -0.24272719,  0.38776132]
