Kp1: -2.724012705268903
Ki1: -0.010658562861140768
Kd1: -0.1385459386809659
Kp2: 0.08452129105444435
Ki2: 0.04968219815724813
Kd2: 0.0
init_obs: [-0.17929082, -0.27786666, -0.08720916,  0.34187687]
