Kp1: -3.159162934498854
Ki1: -0.010088013638704041
Kd1: -0.15092390964205646
Kp2: 0.08003760874287844
Ki2: 0.04524927680075364
Kd2: 0.0
init_obs: [-0.02227988, -0.05576465, -0.47047324,  0.13181313]
