Kp1: -3.1050096956507325
Ki1: -0.009008942224710782
Kd1: -0.1423760433579748
Kp2: 0.08531116451664021
Ki2: 0.05408341111096002
Kd2: 0.0
init_obs: [ 0.33481889, -0.42869315,  0.14141059,  0.17839422]
