Kp1: -2.7114239298947047
Ki1: -0.010158853474273463
Kd1: -0.15879980487013223
Kp2: 0.08173232521753625
Ki2: 0.05063611912988186
Kd2: 0.0
init_obs: [-0.23010833,  0.14832425, -0.240245  ,  0.12984876]
