Kp1: -2.8624586340719684
Ki1: -0.009489484100520102
Kd1: -0.14310033259874858
Kp2: 0.07653744700205566
Ki2: 0.045659252139123016
Kd2: 0.0
init_obs: [-0.40680582,  0.10062128,  0.47480811, -0.34420115]
