Kp1: -2.9212721216364566
Ki1: -0.010282752561861909
Kd1: -0.1482704105841815
Kp2: 0.08607540864751691
Ki2: 0.053749219321257896
Kd2: 0.0
init_obs: [ 0.29635186, -0.04706441,  0.17799031,  0.26118036]
