Kp1: -2.843706986931106
Ki1: -0.00992089640239198
Kd1: -0.1616884407702253
Kp2: 0.08059883606029666
Ki2: 0.05326535961848629
Kd2: 0.0
init_obs: [-0.29026447, -0.01828319,  0.10157463, -0.1934858 ]
