Kp1: -2.8484954661972033
Ki1: -0.010911324312101631
Kd1: -0.15818587151910377
Kp2: 0.07735525482201959
Ki2: 0.04687159165652762
Kd2: 0.0
init_obs: [ 0.10215934, -0.34989902,  0.38205906, -0.40886196]
