Kp1: -3.208324378812846
Ki1: -0.009252574122859542
Kd1: -0.1425950267216577
Kp2: 0.08689739126330985
Ki2: 0.04732284379918378
Kd2: 0.0
init_obs: [ 0.16573781, -0.22591608, -0.05103023,  0.03399127]
