Kp1: -2.8331066662149134
Ki1: -0.009851737394828801
Kd1: -0.15369816040207665
Kp2: 0.08789879918761662
Ki2: 0.05480584845254976
Kd2: 0.0
init_obs: [-0.22679502, -0.31583402,  0.15043042,  0.35556547]
