Kp1: -3.2804812633118132
Ki1: -0.010636962044159171
Kd1: -0.14268964194172812
Kp2: 0.08088954787363785
Ki2: 0.04523398245607296
Kd2: 0.0
init_obs: [ 0.4787325 ,  0.32691525,  0.04541487, -0.34487208]
