Kp1: -3.2958644629268132
Ki1: -0.009235469600114036
Kd1: -0.15759514496851781
Kp2: 0.07220517473858519
Ki2: 0.05144123466392633
Kd2: 0.0
init_obs: [-0.45080421, -0.14318885, -0.07176057, -0.0748265 ]
