Kp1: -2.7503547010041114
Ki1: -0.009198336975085023
Kd1: -0.16199563033587208
Kp2: 0.08352235610414352
Ki2: 0.0523990347103801
Kd2: 0.0
init_obs: [ 0.39104451, -0.46724249,  0.4747738 ,  0.46790806]
