Kp1: -3.0757062525576067
Ki1: -0.009732471125252797
Kd1: -0.14115517332315847
Kp2: 0.08345369234481714
Ki2: 0.047370410159713314
Kd2: 0.0
init_obs: [-0.30148737,  0.27343662,  0.12733703, -0.44924499]
