Kp1: -2.7118003530551125
Ki1: -0.009597274066328503
Kd1: -0.15498751697888
Kp2: 0.08536540285588619
Ki2: 0.053231254320144875
Kd2: 0.0
init_obs: [ 0.44740917, -0.11164426,  0.29559499,  0.05765798]
