Kp1: -2.7268562010245168
Ki1: -0.009606741975396925
Kd1: -0.15695337345734936
Kp2: 0.07405560766139609
Ki2: 0.05400514064276021
Kd2: 0.0
init_obs: [ 0.13536011, -0.44646834,  0.00737119, -0.28763014]
