Kp1: -3.1470254210174264
Ki1: -0.010226162759689891
Kd1: -0.13649361503765148
Kp2: 0.0852490716679015
Ki2: 0.04950362320503147
Kd2: 0.0
init_obs: [-0.44833421, -0.37003409,  0.4122415 , -0.21518632]
