Kp1: -2.7962804864153323
Ki1: -0.009727217568484514
Kd1: -0.16298839802095894
Kp2: 0.07676524039198952
Ki2: 0.046728884258467523
Kd2: 0.0
init_obs: [-0.1192479 , -0.37776894,  0.00663891,  0.11037648]
