Kp1: -3.097212613469863
Ki1: -0.010755399383430135
Kd1: -0.15055511297687096
Kp2: 0.08174788199868621
Ki2: 0.04510298830721258
Kd2: 0.0
init_obs: [-0.27351051,  0.4452996 , -0.41956188,  0.28999269]
