Kp1: -2.8910742323987777
Ki1: -0.010663625178754466
Kd1: -0.16214975314075883
Kp2: 0.07748934293400861
Ki2: 0.05059828893576573
Kd2: 0.0
init_obs: [-0.48534475,  0.38974442,  0.3934253 , -0.47813572]
