Kp1: -2.7486588712816955
Ki1: -0.009701228667069161
Kd1: -0.14850480327381094
Kp2: 0.08241077791811549
Ki2: 0.0507666307140477
Kd2: 0.0
init_obs: [ 0.0247776 , -0.21826786, -0.35110565,  0.1003547 ]
