Kp1: -3.0275805104035083
Ki1: -0.009436824874410594
Kd1: -0.15403872367322868
Kp2: 0.0879925094399444
Ki2: 0.04674695920415608
Kd2: 0.0
init_obs: [ 0.458627  , -0.4255421 ,  0.2644855 , -0.28625226]
