Kp1: -2.9341623301680406
Ki1: -0.010376418010498663
Kd1: -0.1622310118754645
Kp2: 0.08011495624367951
Ki2: 0.046045012166828186
Kd2: 0.0
init_obs: [ 0.20251291, -0.43284123, -0.16147876, -0.21129193]
