Kp1: -2.8529454441301616
Ki1: -0.010780872214908109
Kd1: -0.15796058290252143
Kp2: 0.08138601761180267
Ki2: 0.05418655899196561
Kd2: 0.0
init_obs: [-0.27703835,  0.2422009 , -0.44759682,  0.17096122]
