Kp1: -3.2451964966940743
Ki1: -0.009925530371017078
Kd1: -0.1605603660693163
Kp2: 0.07240917668450696
Ki2: 0.04821477990545746
Kd2: 0.0
init_obs: [ 0.22162704, -0.09813149,  0.40969728,  0.04583944]
