Kp1: -2.8359300426703964
Ki1: -0.010099922546033013
Kd1: -0.13690754902830288
Kp2: 0.08134666617242414
Ki2: 0.04762792770330475
Kd2: 0.0
init_obs: [ 0.40425941,  0.31387438, -0.35907466, -0.01146035]
