Kp1: -3.1867993176290303
Ki1: -0.009991782496427055
Kd1: -0.1390061316401925
Kp2: 0.07765193635969186
Ki2: 0.05117541391667196
Kd2: 0.0
init_obs: [-0.3801394 , -0.48402247,  0.37775846,  0.35074561]
