Kp1: -2.7596207986352668
Ki1: -0.010595232787991442
Kd1: -0.16101487206253048
Kp2: 0.0869673180285762
Ki2: 0.05411185167519153
Kd2: 0.0
init_obs: [-0.31479143, -0.13212641, -0.2556219 , -0.31892408]
