Kp1: -3.2071136398361277
Ki1: -0.009399494902725377
Kd1: -0.15319590782959078
Kp2: 0.08152755378726928
Ki2: 0.05387717898973189
Kd2: 0.0
init_obs: [ 0.27665251, -0.20035846, -0.02432235,  0.33972057]
