Kp1: -2.7928010955572855
Ki1: -0.010457404451293542
Kd1: -0.15640425317173728
Kp2: 0.08099826213204515
Ki2: 0.05258305197831308
Kd2: 0.0
init_obs: [0.38301001, 0.34515776, 0.2230236 , 0.2415649 ]
