Kp1: -2.9852734021717833
Ki1: -0.009665337179581955
Kd1: -0.13855320947595404
Kp2: 0.07339139670913981
Ki2: 0.04519828958471303
Kd2: 0.0
init_obs: [ 0.16161638,  0.1780301 ,  0.21701775, -0.31852489]
