Kp1: -2.72292626589244
Ki1: -0.010007295958294107
Kd1: -0.16359920316622484
Kp2: 0.07579626264215167
Ki2: 0.053402702620703305
Kd2: 0.0
init_obs: [-0.2728765 ,  0.1159036 ,  0.43830848, -0.12909085]
