Kp1: -2.827589928033519
Ki1: -0.010314284571895347
Kd1: -0.16233449872529718
Kp2: 0.08587055076815558
Ki2: 0.05151255015778147
Kd2: 0.0
init_obs: [-0.25013431,  0.46339472, -0.28803056,  0.15033634]
