Kp1: -3.0029379510830116
Ki1: -0.009304047887985454
Kd1: -0.14843263230438214
Kp2: 0.07856743802812133
Ki2: 0.04856671292585077
Kd2: 0.0
init_obs: [ 0.10898763, -0.35429712, -0.31863755,  0.25820485]
