Kp1: -2.7224962026661474
Ki1: -0.010253755420865898
Kd1: -0.1533679385665259
Kp2: 0.08318317516866008
Ki2: 0.05046368849576215
Kd2: 0.0
init_obs: [ 0.10981357, -0.25158446,  0.2983138 ,  0.02447269]
