Kp1: -2.7000636083301397
Ki1: -0.009695360458386166
Kd1: -0.15074059403366613
Kp2: 0.07804660881956765
Ki2: 0.0487154914870985
Kd2: 0.0
init_obs: [ 0.02859005, -0.17929816, -0.46387429, -0.20426193]
