Kp1: -3.2338901600062857
Ki1: -0.009772629608742912
Kd1: -0.13822447485448816
Kp2: 0.08594933031896654
Ki2: 0.04648949181491421
Kd2: 0.0
init_obs: [-0.14438232,  0.46726307,  0.03745119,  0.07711685]
