Kp1: -2.722322562321886
Ki1: -0.009628953383596815
Kd1: -0.14488890500680984
Kp2: 0.07911719581099297
Ki2: 0.05396917913068344
Kd2: 0.0
init_obs: [ 0.48978441, -0.39783904, -0.48847311, -0.26672535]
