Kp1: -3.1850264577530263
Ki1: -0.009893634470145128
Kd1: -0.15822726899657144
Kp2: 0.07367586523709052
Ki2: 0.050811235214207134
Kd2: 0.0
init_obs: [ 0.08432359, -0.35026746, -0.36926684,  0.4880408 ]
