Kp1: -2.7767975041300947
Ki1: -0.010748543528536682
Kd1: -0.15961030898638165
Kp2: 0.07813856500449415
Ki2: 0.0539668523338855
Kd2: 0.0
init_obs: [-0.37531875,  0.22110336,  0.27069032,  0.02025355]
