Kp1: -3.127262585446892
Ki1: -0.010344074038383295
Kd1: -0.13929617244215414
Kp2: 0.08352697486413528
Ki2: 0.04712898068180117
Kd2: 0.0
init_obs: [ 0.32229022, -0.4428911 , -0.27657403,  0.05130803]
