Kp1: -2.9801111293805005
Ki1: -0.009433333155447228
Kd1: -0.14111950354840747
Kp2: 0.07297492374176481
Ki2: 0.04626059742805011
Kd2: 0.0
init_obs: [-0.05704259, -0.49663118,  0.06854909,  0.46392708]
