Kp1: -3.1805382560050792
Ki1: -0.010923956702040905
Kd1: -0.15700319195100296
Kp2: 0.07897437270909222
Ki2: 0.0458680458572386
Kd2: 0.0
init_obs: [-0.15982386,  0.39896637,  0.31109099, -0.42263542]
