Kp1: -2.893044917842085
Ki1: -0.009073350168596507
Kd1: -0.1388108630853151
Kp2: 0.08765579748709099
Ki2: 0.05397228205460816
Kd2: 0.0
init_obs: [ 0.43586652,  0.14578236, -0.32160456, -0.38805405]
