Kp1: -2.9724035123818138
Ki1: -0.009503214363013128
Kd1: -0.1445702192529118
Kp2: 0.08266570215080671
Ki2: 0.050653236135310226
Kd2: 0.0
init_obs: [-0.42725455, -0.33993649,  0.03649648, -0.32561965]
