Kp1: -2.9509309760233697
Ki1: -0.009013521100962938
Kd1: -0.16197953534443366
Kp2: 0.08477225560123168
Ki2: 0.050926719683960765
Kd2: 0.0
init_obs: [ 0.22615131, -0.26554866,  0.42285057,  0.07580059]
