Kp1: -2.8620704861212527
Ki1: -0.010044993182515756
Kd1: -0.1585381900638205
Kp2: 0.07711691912532176
Ki2: 0.0537161061069944
Kd2: 0.0
init_obs: [ 0.32867385,  0.28870699, -0.06025176,  0.38341035]
