Kp1: -3.022624526056484
Ki1: -0.00955815075385254
Kd1: -0.15248125518920472
Kp2: 0.08471726979315389
Ki2: 0.04535377027860277
Kd2: 0.0
init_obs: [-0.1795118 ,  0.47318267,  0.47364988, -0.16296882]
