Kp1: -3.2328799401603217
Ki1: -0.009940569145147904
Kd1: -0.13577321802600284
Kp2: 0.08620000107248711
Ki2: 0.05098145425356537
Kd2: 0.0
init_obs: [-0.00443299,  0.24713797, -0.17204958, -0.45139663]
