Kp1: -3.19464099486549
Ki1: -0.009319463570983738
Kd1: -0.15839883573129232
Kp2: 0.0879026297656153
Ki2: 0.0538865461006256
Kd2: 0.0
init_obs: [-0.01409947, -0.46859972, -0.09485756, -0.27506187]
