Kp1: -2.706217046815319
Ki1: -0.010540588970199508
Kd1: -0.15577170086804445
Kp2: 0.07786655767561848
Ki2: 0.0452875091912454
Kd2: 0.0
init_obs: [-0.39404052, -0.32989826,  0.0708785 ,  0.16786516]
