Kp1: -3.1729569747651687
Ki1: -0.010768904462466627
Kd1: -0.1399237810434426
Kp2: 0.08507989818759853
Ki2: 0.04989761757189214
Kd2: 0.0
init_obs: [-0.06334017,  0.20977512, -0.34896255, -0.16533396]
