Kp1: -3.2027549088071616
Ki1: -0.009515652344222232
Kd1: -0.14771585323679295
Kp2: 0.07272467124180505
Ki2: 0.04934097968344693
Kd2: 0.0
init_obs: [-0.04318645, -0.44448164, -0.16548165,  0.27358208]
