Kp1: -3.275602747181046
Ki1: -0.01058276594874686
Kd1: -0.15481216863263914
Kp2: 0.08118220360362441
Ki2: 0.051263934746516374
Kd2: 0.0
init_obs: [ 0.09283492, -0.43481141,  0.48596547, -0.11770157]
