Kp1: -2.736336277277642
Ki1: -0.009449905928618905
Kd1: -0.16052214610851614
Kp2: 0.07831657172019911
Ki2: 0.0453565653498195
Kd2: 0.0
init_obs: [0.43554713, 0.14205842, 0.19977079, 0.06340391]
