Kp1: -2.8744145226476143
Ki1: -0.010614393048561866
Kd1: -0.14895134126904014
Kp2: 0.08259543723805839
Ki2: 0.0532468065777605
Kd2: 0.0
init_obs: [ 0.31876947,  0.189859  , -0.04166973, -0.19043559]
