Kp1: -2.814627881644296
Ki1: -0.009973693921956609
Kd1: -0.15262750273045275
Kp2: 0.08259365247176856
Ki2: 0.05290652822594996
Kd2: 0.0
init_obs: [-0.00341818,  0.23185885,  0.3996272 , -0.25766994]
