Kp1: -2.90234460905201
Ki1: -0.009683099254385142
Kd1: -0.14008402507743214
Kp2: 0.07313905009238304
Ki2: 0.04627725626313221
Kd2: 0.0
init_obs: [ 0.26803368,  0.31711426,  0.22883491, -0.24258243]
