Kp1: -2.7262967762934176
Ki1: -0.010593861901635427
Kd1: -0.14375376863055475
Kp2: 0.07223568041783207
Ki2: 0.054278650346355775
Kd2: 0.0
init_obs: [ 0.45498838,  0.08318106, -0.20247177,  0.23617058]
