Kp1: -2.9463219798755795
Ki1: -0.009391028134673454
Kd1: -0.14129763141146998
Kp2: 0.08051324708148595
Ki2: 0.05054760951368096
Kd2: 0.0
init_obs: [-0.48920889, -0.43400087,  0.19097968, -0.30698567]
