Kp1: -3.0522786688815606
Ki1: -0.01068916008252065
Kd1: -0.16379138242792585
Kp2: 0.08244395005690362
Ki2: 0.04855960275593307
Kd2: 0.0
init_obs: [-0.43514268, -0.17492656,  0.38299339,  0.18000477]
