Kp1: -3.0070375207776308
Ki1: -0.010247657264545433
Kd1: -0.1452150675331577
Kp2: 0.08771956224003356
Ki2: 0.04598214956889782
Kd2: 0.0
init_obs: [ 0.38493122, -0.47585826,  0.48877682,  0.390946  ]
