Kp1: -2.777000051890636
Ki1: -0.009698315556859663
Kd1: -0.15248208887567818
Kp2: 0.0746219478333126
Ki2: 0.04915645203867419
Kd2: 0.0
init_obs: [-0.36013472, -0.2423486 , -0.15330914, -0.37706377]
