Kp1: -2.8781689343544916
Ki1: -0.009982836166085066
Kd1: -0.1392474413869173
Kp2: 0.08264513099116776
Ki2: 0.052674418447646226
Kd2: 0.0
init_obs: [ 0.08425288, -0.03093741, -0.14414363, -0.49975555]
