Kp1: -3.190173576260376
Ki1: -0.010571154912311484
Kd1: -0.13857302959202408
Kp2: 0.0724807482983028
Ki2: 0.04603954497310064
Kd2: 0.0
init_obs: [-0.18955785,  0.31700073, -0.26920495, -0.24568574]
