Kp1: -2.910347878829383
Ki1: -0.009281852164819868
Kd1: -0.1435259830281862
Kp2: 0.0811034609573448
Ki2: 0.045926478474630245
Kd2: 0.0
init_obs: [ 0.22613867,  0.24204334, -0.48510513, -0.1393772 ]
