Kp1: -2.944358154488589
Ki1: -0.010578641486949352
Kd1: -0.141432262596896
Kp2: 0.07763909577451124
Ki2: 0.04694961805036313
Kd2: 0.0
init_obs: [ 0.3882015 , -0.43270616,  0.4559561 , -0.15563924]
