Kp1: -2.9404287663279476
Ki1: -0.009542148824679735
Kd1: -0.16438965686978876
Kp2: 0.0843930610743954
Ki2: 0.054356792535934534
Kd2: 0.0
init_obs: [-0.43608973, -0.08322665,  0.39010182, -0.42381364]
