Kp1: -2.7104018525797087
Ki1: -0.009282292451930527
Kd1: -0.15930323272521799
Kp2: 0.08565500299450715
Ki2: 0.048903429111500314
Kd2: 0.0
init_obs: [-0.15730033, -0.49346092,  0.27243579, -0.33699477]
