Kp1: -2.856233564364371
Ki1: -0.01049136350570725
Kd1: -0.14825889779359688
Kp2: 0.08404531736381117
Ki2: 0.051311344656853775
Kd2: 0.0
init_obs: [ 0.24651716, -0.34968079,  0.21564656,  0.01542138]
