Kp1: -3.1144983666669352
Ki1: -0.009355025111058462
Kd1: -0.14816185844402066
Kp2: 0.07273312709691192
Ki2: 0.047709163466260536
Kd2: 0.0
init_obs: [-0.16269045,  0.38397327,  0.05989064, -0.27909644]
