Kp1: -3.0726481639210848
Ki1: -0.009934395045459829
Kd1: -0.16047844093685906
Kp2: 0.08703479697632444
Ki2: 0.0460301146886987
Kd2: 0.0
init_obs: [ 0.14769925,  0.20916995,  0.38569165, -0.4492693 ]
