Kp1: -3.2237116878697
Ki1: -0.010501373520677797
Kd1: -0.15505216020601081
Kp2: 0.0835474742851044
Ki2: 0.045156184707192834
Kd2: 0.0
init_obs: [-0.23467655, -0.42355527, -0.21369448, -0.48745294]
