Kp1: -3.2084714516116923
Ki1: -0.010513989249477508
Kd1: -0.1516280536245341
Kp2: 0.08377039256286509
Ki2: 0.05380053888399632
Kd2: 0.0
init_obs: [ 0.49917116,  0.37856209, -0.36437204, -0.18110497]
