Kp1: -3.042444179737801
Ki1: -0.010948351369680922
Kd1: -0.14981329703582413
Kp2: 0.08629631035131734
Ki2: 0.04551591797171615
Kd2: 0.0
init_obs: [ 0.12070461, -0.18289917, -0.25930648,  0.27372927]
