Kp1: -3.077926979916973
Ki1: -0.010700798405848625
Kd1: -0.15869114390034844
Kp2: 0.07951007390200082
Ki2: 0.05175112431873934
Kd2: 0.0
init_obs: [-0.25402657, -0.06092754, -0.27324164, -0.39610603]
