Kp1: -3.287971065681117
Ki1: -0.009324589350011146
Kd1: -0.16233599706740848
Kp2: 0.08645355116742108
Ki2: 0.050202563818532546
Kd2: 0.0
init_obs: [-0.26775551, -0.4633389 ,  0.02524499, -0.15543783]
