Kp1: -3.260654446220875
Ki1: -0.009979447730904808
Kd1: -0.14145688933200928
Kp2: 0.07551760642526797
Ki2: 0.04516330599680079
Kd2: 0.0
init_obs: [-0.11739326, -0.04558641,  0.27639173,  0.37172515]
