Kp1: -3.2079208039809606
Ki1: -0.010040009926457608
Kd1: -0.1476572588170357
Kp2: 0.08070039354661677
Ki2: 0.04876955240952138
Kd2: 0.0
init_obs: [ 0.32293303, -0.09824651, -0.03285029,  0.0292943 ]
