Kp1: -2.9974382186254207
Ki1: -0.00928436803191942
Kd1: -0.16089879768912527
Kp2: 0.08217388314595317
Ki2: 0.04859521232022673
Kd2: 0.0
init_obs: [-0.42699358,  0.22397193, -0.01447966, -0.41973252]
