Kp1: -2.7775340871592658
Ki1: -0.009486103917656722
Kd1: -0.1468639742622139
Kp2: 0.07613850505766105
Ki2: 0.04738044558964985
Kd2: 0.0
init_obs: [ 0.02756471, -0.13346051,  0.41508044,  0.36802662]
