Kp1: -3.2004060643258034
Ki1: -0.010053503584848671
Kd1: -0.1646128721374879
Kp2: 0.07432918875710808
Ki2: 0.04908548778491574
Kd2: 0.0
init_obs: [ 0.25612445,  0.22415695,  0.17636154, -0.20810415]
