Kp1: -2.884615711952464
Ki1: -0.01070200893436893
Kd1: -0.16203793609821518
Kp2: 0.08378222313413651
Ki2: 0.05026282693759418
Kd2: 0.0
init_obs: [0.43433242, 0.31159796, 0.35607839, 0.02684584]
