Kp1: -3.07304947951486
Ki1: -0.009828283893105067
Kd1: -0.14370823155396018
Kp2: 0.07738344401645368
Ki2: 0.05469641844719802
Kd2: 0.0
init_obs: [-0.12442788,  0.48131245,  0.18464182, -0.49649636]
