Kp1: -2.830074364594822
Ki1: -0.009424773930548084
Kd1: -0.14104184223925292
Kp2: 0.07519350211116288
Ki2: 0.04706336828357672
Kd2: 0.0
init_obs: [ 0.01451697, -0.16161258,  0.28455961,  0.28588872]
