Kp1: -3.2248614982950423
Ki1: -0.009591717944758665
Kd1: -0.15168162745435407
Kp2: 0.07709638978969828
Ki2: 0.05234028327942841
Kd2: 0.0
init_obs: [-0.15382364,  0.46319408,  0.18650062, -0.30342396]
