Kp1: -3.0851265723189902
Ki1: -0.010443435322794894
Kd1: -0.15592652773553942
Kp2: 0.08334729925865517
Ki2: 0.053800102596472
Kd2: 0.0
init_obs: [-0.27875252, -0.10369261, -0.01715879,  0.15879616]
