Kp1: -2.8396688102660725
Ki1: -0.0098765655055053
Kd1: -0.13944393275228142
Kp2: 0.07454054295998529
Ki2: 0.05220654752532581
Kd2: 0.0
init_obs: [ 0.24867761, -0.20028256, -0.24433227,  0.18380853]
