Kp1: -2.792009818952146
Ki1: -0.009433119492687374
Kd1: -0.14824354115397465
Kp2: 0.07964145391048169
Ki2: 0.05124048721417939
Kd2: 0.0
init_obs: [ 0.15969035,  0.15757583, -0.38723033,  0.30120086]
