Kp1: -3.121152959284103
Ki1: -0.009264085875604214
Kd1: -0.15413517868697144
Kp2: 0.08570321973593029
Ki2: 0.04654960971555043
Kd2: 0.0
init_obs: [ 0.26003929,  0.17056345, -0.25360415, -0.16771231]
