Kp1: -2.8438320751462065
Ki1: -0.010857469475677235
Kd1: -0.1630301763388851
Kp2: 0.07218278119214067
Ki2: 0.04916151026821635
Kd2: 0.0
init_obs: [ 0.04844808, -0.30644294, -0.17321197, -0.36247836]
