Kp1: -3.2238267841039954
Ki1: -0.009546522347379401
Kd1: -0.1538505379352634
Kp2: 0.08685832934100518
Ki2: 0.045234195667307436
Kd2: 0.0
init_obs: [-0.30590509,  0.32807947,  0.31319336,  0.35530004]
