Kp1: -2.77587407401028
Ki1: -0.010275417181528896
Kd1: -0.13913812332514644
Kp2: 0.07285090467778986
Ki2: 0.048317351929843336
Kd2: 0.0
init_obs: [ 0.39828988, -0.05246442, -0.43929066, -0.39540434]
