Kp1: -2.770156588265528
Ki1: -0.01036115027622644
Kd1: -0.14934029015236228
Kp2: 0.08729048576382
Ki2: 0.046536646059712465
Kd2: 0.0
init_obs: [-0.23346208, -0.29162037,  0.10557029, -0.13185446]
