Kp1: -2.86289932958667
Ki1: -0.009303156515574578
Kd1: -0.15789184247692736
Kp2: 0.08171240724943955
Ki2: 0.04680814009158814
Kd2: 0.0
init_obs: [ 0.14217802, -0.26299263,  0.23184495,  0.08708886]
