Kp1: -2.9024233446864143
Ki1: -0.009239140884448929
Kd1: -0.14619512077766655
Kp2: 0.08490701763764616
Ki2: 0.04520345476576104
Kd2: 0.0
init_obs: [-0.1504252 ,  0.23875981,  0.30121296,  0.29519469]
