Kp1: -2.831684871713784
Ki1: -0.010546333050217292
Kd1: -0.15334975976746648
Kp2: 0.07488295233473184
Ki2: 0.05255323052522118
Kd2: 0.0
init_obs: [0.47830419, 0.08818365, 0.36980306, 0.32318823]
