Kp1: -3.0248465953490964
Ki1: -0.009552486927485164
Kd1: -0.14922668737155534
Kp2: 0.08590937066986351
Ki2: 0.049446811428748606
Kd2: 0.0
init_obs: [-0.0923382 , -0.21426213,  0.05636616,  0.49117274]
