Kp1: -2.7656275214907504
Ki1: -0.010696603834108283
Kd1: -0.15970775220804648
Kp2: 0.07823947535720505
Ki2: 0.04786076219776565
Kd2: 0.0
init_obs: [ 0.15110701,  0.3675288 , -0.41324095,  0.3499741 ]
