Kp1: -3.222416242937185
Ki1: -0.010173664498731588
Kd1: -0.1508076117143296
Kp2: 0.08433840582153064
Ki2: 0.051625505280669226
Kd2: 0.0
init_obs: [ 0.05009028, -0.060785  ,  0.19818013, -0.44537454]
