Kp1: -3.1832086661835306
Ki1: -0.010445426748107316
Kd1: -0.14001421707479753
Kp2: 0.08595825069409446
Ki2: 0.05058399687474119
Kd2: 0.0
init_obs: [-0.38612329,  0.39750175,  0.15925803, -0.25333821]
