Kp1: -2.7368164978736234
Ki1: -0.009498585720606849
Kd1: -0.14539410820761456
Kp2: 0.08484916783357319
Ki2: 0.049095260613131186
Kd2: 0.0
init_obs: [-0.33113617,  0.35568819, -0.24835478,  0.16968986]
