Kp1: -3.2491979790945926
Ki1: -0.010005989463047005
Kd1: -0.13721678836847784
Kp2: 0.08181042004610264
Ki2: 0.04684803901373327
Kd2: 0.0
init_obs: [ 0.01147349, -0.02553668,  0.46010939,  0.08002779]
