Kp1: -3.2956647637992713
Ki1: -0.010829113293975543
Kd1: -0.14121282227361165
Kp2: 0.08150261903777707
Ki2: 0.048197250416440435
Kd2: 0.0
init_obs: [-0.06755969, -0.29841771,  0.05560111,  0.00573398]
