Kp1: -3.035878559022169
Ki1: -0.010266272879266656
Kd1: -0.13787210588653728
Kp2: 0.07315184393613114
Ki2: 0.05116713579546002
Kd2: 0.0
init_obs: [-0.1502046 ,  0.46481869,  0.42043422, -0.02689887]
