Kp1: -2.7405085968869187
Ki1: -0.01012871236474145
Kd1: -0.13883619664627564
Kp2: 0.07444681641210388
Ki2: 0.05214177681980789
Kd2: 0.0
init_obs: [-0.46714479,  0.29339709, -0.29362591,  0.23326708]
