Kp1: -2.724336433100603
Ki1: -0.009574897919359506
Kd1: -0.14968821689812103
Kp2: 0.08298649000800312
Ki2: 0.052563286005557444
Kd2: 0.0
init_obs: [ 0.08726695, -0.08581418, -0.38771255, -0.22093383]
