Kp1: -2.7058152970468368
Ki1: -0.00908252647499523
Kd1: -0.15002209479159082
Kp2: 0.08160636013767952
Ki2: 0.053858783483464845
Kd2: 0.0
init_obs: [ 0.35238713, -0.06516485, -0.43278996, -0.47103878]
