Kp1: -3.1944469471972936
Ki1: -0.0093506041389499
Kd1: -0.15173278127458845
Kp2: 0.08400543508502765
Ki2: 0.05404426983498411
Kd2: 0.0
init_obs: [-0.22191146, -0.31540353,  0.30991696,  0.10264847]
