Kp1: -2.926935950993784
Ki1: -0.009698497672682185
Kd1: -0.14480349060028483
Kp2: 0.08293037786600987
Ki2: 0.05122654471041175
Kd2: 0.0
init_obs: [-0.33717741, -0.1101921 , -0.44979482,  0.02939547]
