Kp1: -2.987364689422688
Ki1: -0.009701534174369014
Kd1: -0.14428510115944004
Kp2: 0.08653280127326418
Ki2: 0.05166437746481681
Kd2: 0.0
init_obs: [-0.14756126, -0.163385  , -0.303274  ,  0.25983879]
