Kp1: -3.2665654666512487
Ki1: -0.010384870902431174
Kd1: -0.14001007581053332
Kp2: 0.0815630112618643
Ki2: 0.050468323013965456
Kd2: 0.0
init_obs: [ 0.01294497, -0.43143103,  0.37421089,  0.058822  ]
