Kp1: -3.1283564703987703
Ki1: -0.009650385403432686
Kd1: -0.13973868800021969
Kp2: 0.0793035293551901
Ki2: 0.04511305987157976
Kd2: 0.0
init_obs: [-0.47480979,  0.29566784, -0.29483881, -0.34451568]
