Kp1: -2.803398529490996
Ki1: -0.009041679975959484
Kd1: -0.15620565719677154
Kp2: 0.0838595375998191
Ki2: 0.05481692382643641
Kd2: 0.0
init_obs: [ 0.14743165, -0.37907738, -0.19675377, -0.03831721]
