Kp1: -2.7408331888273776
Ki1: -0.009311531627095115
Kd1: -0.1422555450203755
Kp2: 0.08523086288398647
Ki2: 0.05132181279854528
Kd2: 0.0
init_obs: [ 0.18056076, -0.34092032,  0.04856698, -0.05372385]
