Kp1: -2.756635758271691
Ki1: -0.009307679053062028
Kd1: -0.13726621510966536
Kp2: 0.07638275439921835
Ki2: 0.05387870340479033
Kd2: 0.0
init_obs: [-0.1644148 ,  0.08605936, -0.39064807, -0.13361105]
