Kp1: -3.2225593773989685
Ki1: -0.009099320568905727
Kd1: -0.16145585536192317
Kp2: 0.07648111115219551
Ki2: 0.048891475511214234
Kd2: 0.0
init_obs: [ 0.38802846,  0.32976624, -0.23082359,  0.11116822]
