Kp1: -3.0192714230189512
Ki1: -0.009816909511717178
Kd1: -0.1638445905777145
Kp2: 0.08126167932658045
Ki2: 0.05429943198459765
Kd2: 0.0
init_obs: [-0.22575354, -0.03653492, -0.45964609, -0.39822205]
