Kp1: -3.0531005446555923
Ki1: -0.010628769902099065
Kd1: -0.14811102516162106
Kp2: 0.07544898123287692
Ki2: 0.05496825557950409
Kd2: 0.0
init_obs: [-0.20760577,  0.4447995 , -0.29941761,  0.35410076]
