Kp1: -3.1503749227978113
Ki1: -0.00963386199241564
Kd1: -0.15169307142871075
Kp2: 0.08717535641475417
Ki2: 0.05149294193718256
Kd2: 0.0
init_obs: [ 0.464583  , -0.05723143,  0.21577389,  0.38912541]
