Kp1: -2.9507027118258993
Ki1: -0.009627605419635242
Kd1: -0.15736318632137553
Kp2: 0.07274550869498866
Ki2: 0.050558813136351737
Kd2: 0.0
init_obs: [-0.48075462, -0.0943406 ,  0.17590143, -0.23165724]
