Kp1: -3.2118455825832206
Ki1: -0.010079962160786065
Kd1: -0.16164720451382636
Kp2: 0.08191717774058248
Ki2: 0.05097835909641309
Kd2: 0.0
init_obs: [-0.06938623,  0.05385656, -0.21372744, -0.48771068]
