Kp1: -2.9447172105993547
Ki1: -0.010902651480173924
Kd1: -0.15318179584345873
Kp2: 0.0818824643360697
Ki2: 0.050204644169070944
Kd2: 0.0
init_obs: [-0.47235171,  0.16383265, -0.42098085,  0.09058794]
