Kp1: -2.7587374845355415
Ki1: -0.010146480996429981
Kd1: -0.1399813575243826
Kp2: 0.08115200892980698
Ki2: 0.05348314917503292
Kd2: 0.0
init_obs: [-0.07352242,  0.26151029, -0.29608798, -0.45359022]
