Kp1: -3.2556837361197957
Ki1: -0.01087650727146931
Kd1: -0.14206158344563957
Kp2: 0.07643828411603684
Ki2: 0.054095626066698946
Kd2: 0.0
init_obs: [ 0.13096986, -0.37613563,  0.18963238,  0.09522256]
