Kp1: -3.2106286321795263
Ki1: -0.01083005997415195
Kd1: -0.1375307849233557
Kp2: 0.08429356701564167
Ki2: 0.04837140468166279
Kd2: 0.0
init_obs: [-0.18532696, -0.0817125 ,  0.2086001 , -0.08279184]
