Kp1: -3.026531094842558
Ki1: -0.010706632619934969
Kd1: -0.14800661537628615
Kp2: 0.07854025820685634
Ki2: 0.045155474016095716
Kd2: 0.0
init_obs: [-0.48196908, -0.38253745, -0.26868082,  0.39135577]
