Kp1: -3.0706954942019307
Ki1: -0.010193061417399316
Kd1: -0.15432843111663186
Kp2: 0.0834962093093029
Ki2: 0.05474973873961706
Kd2: 0.0
init_obs: [0.25263635, 0.27948698, 0.25985589, 0.00032227]
