Kp1: -2.986113908121874
Ki1: -0.009465598866401328
Kd1: -0.14909716958087227
Kp2: 0.07956048980285363
Ki2: 0.050698473912182955
Kd2: 0.0
init_obs: [ 0.49449925, -0.32669932, -0.44815468, -0.4571113 ]
