Kp1: -2.8115703532146643
Ki1: -0.010058163324441578
Kd1: -0.16358802470521608
Kp2: 0.07344834345846434
Ki2: 0.048484376353501696
Kd2: 0.0
init_obs: [-0.13738849, -0.07968038, -0.44074136, -0.46837392]
