Kp1: -3.1284874528534687
Ki1: -0.009169248732112287
Kd1: -0.16276162049099124
Kp2: 0.08795788860495168
Ki2: 0.05102367228978725
Kd2: 0.0
init_obs: [-0.3957933 , -0.16873999, -0.26510387, -0.24900857]
