Kp1: -3.0514145640835224
Ki1: -0.009258956822601668
Kd1: -0.16367023660008337
Kp2: 0.07385556471558276
Ki2: 0.05348888284793188
Kd2: 0.0
init_obs: [ 0.48135449, -0.15638256,  0.31835932,  0.17191301]
