Kp1: -3.0200242660018337
Ki1: -0.009190461534104225
Kd1: -0.15223856796483426
Kp2: 0.08416666801474632
Ki2: 0.05417288915178693
Kd2: 0.0
init_obs: [ 0.30106538,  0.3889728 ,  0.14194304, -0.30412925]
