Kp1: -3.0194584915748375
Ki1: -0.009019636509067187
Kd1: -0.16279638254565856
Kp2: 0.0839698481717358
Ki2: 0.05212089660792655
Kd2: 0.0
init_obs: [ 0.45836507, -0.3537556 , -0.4028002 , -0.09936417]
