Kp1: -2.763760770413929
Ki1: -0.009836066894785151
Kd1: -0.14759522187579283
Kp2: 0.07909109378388635
Ki2: 0.04836325766248467
Kd2: 0.0
init_obs: [-0.34130663, -0.01502833, -0.31785504,  0.25011103]
