Kp1: -3.2777157193591444
Ki1: -0.010694053913136655
Kd1: -0.15694923403056354
Kp2: 0.08742258235081589
Ki2: 0.04717948833707128
Kd2: 0.0
init_obs: [ 0.24141844,  0.4087361 , -0.27091608, -0.32075212]
