Kp1: -2.814164075462229
Ki1: -0.009614061365230105
Kd1: -0.16003024955078274
Kp2: 0.08454790273238955
Ki2: 0.045557475280730925
Kd2: 0.0
init_obs: [-0.46438348, -0.28105977,  0.3713058 ,  0.09250674]
