Kp1: -2.7808457872301364
Ki1: -0.010595935378284332
Kd1: -0.1464341418557118
Kp2: 0.085797229936291
Ki2: 0.04885818131039413
Kd2: 0.0
init_obs: [-0.35347464, -0.34086924,  0.1042885 , -0.33838212]
