Kp1: -2.9947793408854384
Ki1: -0.009282583271422605
Kd1: -0.14910690124561302
Kp2: 0.07289299295842291
Ki2: 0.0486245517517991
Kd2: 0.0
init_obs: [-0.03479119,  0.40392737,  0.35389771,  0.11294919]
