Kp1: -2.8970342913707676
Ki1: -0.009600555788313241
Kd1: -0.14024838708522513
Kp2: 0.08178508937350765
Ki2: 0.051723904281541444
Kd2: 0.0
init_obs: [-0.05414317, -0.34619994, -0.05168718, -0.18914283]
