Kp1: -3.098155671040736
Ki1: -0.010017764375156562
Kd1: -0.16200847804723814
Kp2: 0.07958474400834323
Ki2: 0.05396701353745803
Kd2: 0.0
init_obs: [ 0.48654052,  0.41668985,  0.44242801, -0.28741422]
