Kp1: -3.2898947518914183
Ki1: -0.009203825170265368
Kd1: -0.14321058601916958
Kp2: 0.07537779031685102
Ki2: 0.05219102343875951
Kd2: 0.0
init_obs: [-0.19904213,  0.06354714,  0.42570821,  0.18255965]
