Kp1: -2.88256422317163
Ki1: -0.00981843795287867
Kd1: -0.1554009514581185
Kp2: 0.07614277141073085
Ki2: 0.05242633818219342
Kd2: 0.0
init_obs: [ 0.22455576, -0.08102206, -0.15317642,  0.3271712 ]
