Kp1: -3.08879435379403
Ki1: -0.009153858650416413
Kd1: -0.14087732415850593
Kp2: 0.07222227081285185
Ki2: 0.05331268721943066
Kd2: 0.0
init_obs: [-0.44285488, -0.30890296,  0.41645085,  0.43636557]
