Kp1: -3.275301233026567
Ki1: -0.009218028456464206
Kd1: -0.15314941099500953
Kp2: 0.07313066677544973
Ki2: 0.054203829538955375
Kd2: 0.0
init_obs: [ 0.49390722, -0.02587352, -0.49418351,  0.1292443 ]
