Kp1: -2.732936258233634
Ki1: -0.009541396352978819
Kd1: -0.15780932755746682
Kp2: 0.07988311993916694
Ki2: 0.053082446472938485
Kd2: 0.0
init_obs: [-0.15069563,  0.37247129,  0.2972905 ,  0.25971771]
