Kp1: -3.115671825382506
Ki1: -0.01039857232760729
Kd1: -0.15004171020451165
Kp2: 0.07374763831961013
Ki2: 0.052433970167029824
Kd2: 0.0
init_obs: [ 0.24462317, -0.30466833,  0.18200445, -0.38974246]
