Kp1: -2.9347607962465942
Ki1: -0.009399014698281846
Kd1: -0.159257566415311
Kp2: 0.07472508881837583
Ki2: 0.0458013605683542
Kd2: 0.0
init_obs: [ 0.04582032, -0.38497081, -0.36922149,  0.00710058]
