Kp1: -3.269687912191859
Ki1: -0.009973132185382254
Kd1: -0.14807666949733272
Kp2: 0.07319528599944777
Ki2: 0.04820849357156712
Kd2: 0.0
init_obs: [-0.19133336, -0.22032995,  0.39127153, -0.45403939]
