Kp1: -2.976485151519459
Ki1: -0.010979534811593096
Kd1: -0.1480825990990454
Kp2: 0.0773020476554871
Ki2: 0.04935549858840345
Kd2: 0.0
init_obs: [ 0.3474695 ,  0.49513483, -0.14077686, -0.35063285]
