Kp1: -2.8403433986204214
Ki1: -0.009307715392553442
Kd1: -0.16485534397363377
Kp2: 0.08010136241233198
Ki2: 0.0455340377547955
Kd2: 0.0
init_obs: [-0.216591  , -0.32896765, -0.39907002, -0.07499731]
