Kp1: -3.2516172588918733
Ki1: -0.01041595034683236
Kd1: -0.1628429246598413
Kp2: 0.0830296852480175
Ki2: 0.04821277800553864
Kd2: 0.0
init_obs: [ 0.06189879,  0.14750305, -0.44418064,  0.45423962]
