Kp1: -2.9670720470026524
Ki1: -0.00905250217729051
Kd1: -0.14256366704346354
Kp2: 0.08011884799388934
Ki2: 0.04636084134058901
Kd2: 0.0
init_obs: [-0.04851871,  0.22380227,  0.381939  , -0.49377474]
