Kp1: -2.8237628131821166
Ki1: -0.009709639145037483
Kd1: -0.16374056039226287
Kp2: 0.07463316363042577
Ki2: 0.04508311382479163
Kd2: 0.0
init_obs: [-0.4399528 , -0.39618067,  0.12828284, -0.31569686]
