Kp1: -2.774345161029739
Ki1: -0.010145178496190153
Kd1: -0.1580824651898386
Kp2: 0.08228012325385387
Ki2: 0.05019488809686236
Kd2: 0.0
init_obs: [-0.48386662,  0.31465328, -0.46885542,  0.23483167]
