Kp1: -3.0925934902228
Ki1: -0.009498421215983799
Kd1: -0.1546529003876332
Kp2: 0.0817239382665011
Ki2: 0.05298986527687919
Kd2: 0.0
init_obs: [ 0.26843745,  0.31938271, -0.34465812,  0.07934614]
