Kp1: -3.266783309562239
Ki1: -0.01084171356695653
Kd1: -0.14713117282849303
Kp2: 0.07857183956269283
Ki2: 0.05189618839708454
Kd2: 0.0
init_obs: [ 0.2576818 ,  0.28831375,  0.1536364 , -0.22365316]
