Kp1: -2.9136385867333425
Ki1: -0.009387306465006991
Kd1: -0.14290900682623106
Kp2: 0.08662329805839653
Ki2: 0.05487506479124609
Kd2: 0.0
init_obs: [ 0.15302239,  0.08248814, -0.32681356, -0.38067656]
