Kp1: -3.2997687850343014
Ki1: -0.009981743454759308
Kd1: -0.15559997050704208
Kp2: 0.0778766496584544
Ki2: 0.046553012817296895
Kd2: 0.0
init_obs: [-0.49065826,  0.41221796, -0.41100177, -0.43547079]
