Kp1: -2.9957060601550847
Ki1: -0.00997965115580084
Kd1: -0.15973100854007594
Kp2: 0.08211306820750768
Ki2: 0.04725107115218736
Kd2: 0.0
init_obs: [ 0.0187906 , -0.30544353, -0.41345296,  0.35557062]
