Kp1: -3.072601675245198
Ki1: -0.009334563597002153
Kd1: -0.16301795599218252
Kp2: 0.07273821389075096
Ki2: 0.05258876959087608
Kd2: 0.0
init_obs: [-0.17975708,  0.01723787, -0.32449076,  0.21794602]
