Kp1: -2.8191369044992283
Ki1: -0.009298202425714233
Kd1: -0.1462877993573126
Kp2: 0.07748723427288276
Ki2: 0.05442478716029571
Kd2: 0.0
init_obs: [-0.35972105, -0.46057626, -0.23065335,  0.38596543]
