Kp1: -3.109729984382305
Ki1: -0.00913189718412362
Kd1: -0.1371373819289968
Kp2: 0.0848439580792153
Ki2: 0.0462060960071373
Kd2: 0.0
init_obs: [-0.47932375, -0.32069646, -0.33758891,  0.1182413 ]
