Kp1: -2.934766258811064
Ki1: -0.009334504837576208
Kd1: -0.15058408952434246
Kp2: 0.08424042390274754
Ki2: 0.0531521131034844
Kd2: 0.0
init_obs: [ 0.0703872 , -0.18980171,  0.49924515, -0.29475622]
