Kp1: -3.2059011462103744
Ki1: -0.009704933338167538
Kd1: -0.14855446248481438
Kp2: 0.07214363563734708
Ki2: 0.04598044721900748
Kd2: 0.0
init_obs: [-0.08915949,  0.20315744, -0.19833047,  0.48419166]
