Kp1: -3.0137601176840203
Ki1: -0.010557188371313546
Kd1: -0.14173518969547136
Kp2: 0.07881340433618106
Ki2: 0.04698924300242198
Kd2: 0.0
init_obs: [-0.21712546,  0.04273517, -0.3706592 ,  0.141646  ]
