Kp1: -3.219668794408121
Ki1: -0.010080073186007836
Kd1: -0.1425161453882582
Kp2: 0.08174460849040767
Ki2: 0.04926930337172106
Kd2: 0.0
init_obs: [-0.05772851,  0.48318812, -0.10557983,  0.31359186]
