Kp1: -3.2486735272546623
Ki1: -0.009407862438843373
Kd1: -0.15375852525807768
Kp2: 0.08435193173129561
Ki2: 0.05361471725556921
Kd2: 0.0
init_obs: [-0.49230293, -0.32470153, -0.42691976, -0.39936823]
