Kp1: -3.277970866483832
Ki1: -0.00922266557681774
Kd1: -0.14940816243801758
Kp2: 0.08379716747971597
Ki2: 0.04926857405609258
Kd2: 0.0
init_obs: [ 0.40522966,  0.18662885, -0.39496508,  0.23830709]
