Kp1: -3.0600900969357046
Ki1: -0.010414577419395306
Kd1: -0.15743550397494535
Kp2: 0.08021299604224941
Ki2: 0.05347248791363532
Kd2: 0.0
init_obs: [ 0.39384712, -0.02409568, -0.47296513, -0.22626974]
