Kp1: -3.1974720217624473
Ki1: -0.010728290333296428
Kd1: -0.14283067717419332
Kp2: 0.08346916932414615
Ki2: 0.05159232912962002
Kd2: 0.0
init_obs: [-0.0282708 , -0.20309972, -0.35524948, -0.36397327]
