Kp1: -2.8936653332466715
Ki1: -0.010181753500343796
Kd1: -0.15533522701034919
Kp2: 0.08586399229244748
Ki2: 0.04931412860143691
Kd2: 0.0
init_obs: [-0.36197108,  0.13582658, -0.37941559, -0.02573313]
