Kp1: -3.1749296294618983
Ki1: -0.009845428749404857
Kd1: -0.1539371744493614
Kp2: 0.07659525766913024
Ki2: 0.04631899002812201
Kd2: 0.0
init_obs: [ 0.26179563, -0.10466429,  0.1488911 ,  0.3294348 ]
