Kp1: -2.751680380161642
Ki1: -0.010975974497827803
Kd1: -0.13805011101090153
Kp2: 0.07566263379900452
Ki2: 0.047905152569760745
Kd2: 0.0
init_obs: [-0.33342277, -0.00539102, -0.3796736 , -0.36852922]
