Kp1: -3.145436587942425
Ki1: -0.010504514340329302
Kd1: -0.1431537186370685
Kp2: 0.07720650311475871
Ki2: 0.050152146273483945
Kd2: 0.0
init_obs: [ 0.42846842,  0.15975015,  0.32821116, -0.09236372]
