Kp1: -3.044389319705904
Ki1: -0.010070891685541341
Kd1: -0.161215365689364
Kp2: 0.08783974508578188
Ki2: 0.05036215229871133
Kd2: 0.0
init_obs: [ 0.12920884, -0.07943562, -0.49013716, -0.14521954]
