Kp1: -2.7207165884857663
Ki1: -0.010605373777279362
Kd1: -0.147137667457786
Kp2: 0.07698733954582625
Ki2: 0.052619099870869795
Kd2: 0.0
init_obs: [ 0.31633188, -0.0421925 ,  0.23273248, -0.07589205]
