Kp1: -3.0542387232414354
Ki1: -0.009717143100212574
Kd1: -0.15691330795669972
Kp2: 0.07747738713142317
Ki2: 0.04949403178782312
Kd2: 0.0
init_obs: [ 0.02885774,  0.0003611 ,  0.00475535, -0.28932899]
