Kp1: -2.873976538468258
Ki1: -0.009219955068931895
Kd1: -0.15806161975495248
Kp2: 0.07363124114474463
Ki2: 0.04870160787626206
Kd2: 0.0
init_obs: [ 0.34775988, -0.28577787,  0.00491191,  0.27365131]
