Kp1: -3.116513480908787
Ki1: -0.01000434098070113
Kd1: -0.15768398122780622
Kp2: 0.07503245840606551
Ki2: 0.04667386822960071
Kd2: 0.0
init_obs: [-0.26156042,  0.2885437 , -0.48045059,  0.45460011]
