Kp1: -2.9582426872951357
Ki1: -0.010193232871133148
Kd1: -0.1425911178682209
Kp2: 0.07730400252459624
Ki2: 0.04780156965288216
Kd2: 0.0
init_obs: [ 0.11615544,  0.30225152, -0.24402014,  0.04477476]
