Kp1: -3.091499942865496
Ki1: -0.009836216002762539
Kd1: -0.14181463330912764
Kp2: 0.08158027063887623
Ki2: 0.053144840892443035
Kd2: 0.0
init_obs: [-0.31983108,  0.28236878, -0.03126925, -0.13576674]
