Kp1: -2.8508340685508435
Ki1: -0.009339166132725406
Kd1: -0.16075122978274017
Kp2: 0.07387495276445857
Ki2: 0.05441395110228038
Kd2: 0.0
init_obs: [-0.18051448,  0.39684408,  0.35103202,  0.19320076]
