Kp1: -3.1621454257887587
Ki1: -0.01029341513246832
Kd1: -0.15314419976069574
Kp2: 0.08113517813648947
Ki2: 0.05327063271105551
Kd2: 0.0
init_obs: [-0.31724496, -0.00813278,  0.28192374, -0.28652708]
