Kp1: -3.1654854074027936
Ki1: -0.010814585806556734
Kd1: -0.1629273484901249
Kp2: 0.08173174450491033
Ki2: 0.050831357404308754
Kd2: 0.0
init_obs: [ 0.46560162, -0.26485504,  0.01657213, -0.41997874]
