Kp1: -2.916366376143295
Ki1: -0.010350488685160553
Kd1: -0.1521687391637338
Kp2: 0.08361564177587096
Ki2: 0.04936110109400112
Kd2: 0.0
init_obs: [ 2.98454842e-01,  4.50327682e-01, -2.36704784e-01,  3.59964098e-04]
