Kp1: -3.24207288623033
Ki1: -0.009656666094392844
Kd1: -0.15257893285644222
Kp2: 0.08269688703410076
Ki2: 0.052588500875564076
Kd2: 0.0
init_obs: [-0.21739397, -0.17937083, -0.35648311, -0.1868403 ]
