Kp1: -2.7333262240291734
Ki1: -0.010924639924040611
Kd1: -0.14935720907232955
Kp2: 0.07452300753814081
Ki2: 0.046273329105240485
Kd2: 0.0
init_obs: [-0.09855471, -0.48092759,  0.22474788,  0.00179856]
