Kp1: -3.0439270432048176
Ki1: -0.010490130120590168
Kd1: -0.15496056573954234
Kp2: 0.08014510570507605
Ki2: 0.054243502140568736
Kd2: 0.0
init_obs: [0.31809789, 0.33685336, 0.39879453, 0.06142476]
