Kp1: -2.936345285628384
Ki1: -0.009655417552363732
Kd1: -0.13743434064402718
Kp2: 0.07271304877497496
Ki2: 0.05151424753757185
Kd2: 0.0
init_obs: [-0.29910557,  0.25472822,  0.06594039, -0.4500815 ]
