Kp1: -3.0787185503059815
Ki1: -0.010413701953729856
Kd1: -0.16008834820724158
Kp2: 0.08660286207703585
Ki2: 0.04539169083099204
Kd2: 0.0
init_obs: [ 0.26504312,  0.33002548, -0.06847933, -0.1189482 ]
