Kp1: -3.1213123400510527
Ki1: -0.010517443313232597
Kd1: -0.1621507773749664
Kp2: 0.08759425028909258
Ki2: 0.04993189382153627
Kd2: 0.0
init_obs: [-0.4145425 , -0.27599382,  0.4771279 , -0.04399679]
