Kp1: -3.006449103389956
Ki1: -0.009765680018469763
Kd1: -0.1545286573524822
Kp2: 0.08668172063818258
Ki2: 0.0494853380790523
Kd2: 0.0
init_obs: [-0.0543382 , -0.08720282, -0.42476829, -0.13662104]
