Kp1: -2.8745070667824177
Ki1: -0.00992169092852846
Kd1: -0.15348206895502317
Kp2: 0.07970123394160852
Ki2: 0.054012225061344656
Kd2: 0.0
init_obs: [ 0.28609965, -0.2680058 ,  0.0895395 , -0.42137108]
