Kp1: -2.8792875614585705
Ki1: -0.009808663310126604
Kd1: -0.1570600529446
Kp2: 0.08721225202670008
Ki2: 0.049464196017957325
Kd2: 0.0
init_obs: [ 0.11787611, -0.35050374, -0.26783638, -0.45252329]
