Kp1: -2.8406436988205575
Ki1: -0.009252266689789738
Kd1: -0.16369292700977733
Kp2: 0.08633623928084795
Ki2: 0.05232761998123601
Kd2: 0.0
init_obs: [ 0.20853285, -0.2875389 ,  0.21870278,  0.40694315]
