Kp1: -2.816380556248559
Ki1: -0.009057905862971208
Kd1: -0.1501263113173851
Kp2: 0.08233344661665315
Ki2: 0.0511762958697684
Kd2: 0.0
init_obs: [ 0.10118822, -0.36785179, -0.07431908, -0.44759237]
