Kp1: -2.8521718893706396
Ki1: -0.010146311896202938
Kd1: -0.13712292107430435
Kp2: 0.07752866219090154
Ki2: 0.04574235078558922
Kd2: 0.0
init_obs: [ 0.25622916, -0.32193596,  0.20344901, -0.33837944]
