Kp1: -2.747962194494421
Ki1: -0.009128364284206065
Kd1: -0.16356513179977825
Kp2: 0.0733569485091865
Ki2: 0.052316662041517636
Kd2: 0.0
init_obs: [-0.41666424,  0.27295241, -0.18389674,  0.38534324]
