Kp1: -3.1465766697929753
Ki1: -0.010240354686334874
Kd1: -0.15817534382970977
Kp2: 0.08106619711713124
Ki2: 0.04829658845434561
Kd2: 0.0
init_obs: [ 0.26834821, -0.16000205,  0.28933474, -0.02958895]
