Kp1: -3.2669650410942896
Ki1: -0.010655436626649358
Kd1: -0.14243685019739424
Kp2: 0.08127018203786493
Ki2: 0.04841804551629944
Kd2: 0.0
init_obs: [-0.12275383, -0.27090264, -0.32015063,  0.20296525]
