Kp1: -2.772918064697139
Ki1: -0.009100289839849977
Kd1: -0.15129935627201377
Kp2: 0.07500406621836393
Ki2: 0.04623529024902198
Kd2: 0.0
init_obs: [-0.1385421 ,  0.36121239,  0.18515529, -0.34217841]
