Kp1: -2.7442789130629515
Ki1: -0.010344651296026327
Kd1: -0.13883390105536805
Kp2: 0.07287604090625398
Ki2: 0.05336758879609178
Kd2: 0.0
init_obs: [ 0.35278386,  0.29144183,  0.25466119, -0.12619018]
