Kp1: -3.216193809315775
Ki1: -0.009776352278172896
Kd1: -0.16425989746317074
Kp2: 0.08144190364810848
Ki2: 0.050030502485999585
Kd2: 0.0
init_obs: [ 0.04118299,  0.42596349, -0.35466193,  0.35078124]
