Kp1: -2.7885797411469584
Ki1: -0.009894267598844621
Kd1: -0.14319942336348154
Kp2: 0.08205272956170837
Ki2: 0.054650161393526075
Kd2: 0.0
init_obs: [-0.43038619,  0.31067563,  0.40466805,  0.25408612]
