Kp1: -2.718714306142827
Ki1: -0.009675923302077491
Kd1: -0.13980514230003738
Kp2: 0.08279057552059889
Ki2: 0.050448702353769005
Kd2: 0.0
init_obs: [ 0.31331355, -0.03021331,  0.1639176 ,  0.38136268]
