Kp1: -3.27906618237152
Ki1: -0.009461629099782518
Kd1: -0.15130769639057098
Kp2: 0.0738322275642884
Ki2: 0.049991411917156524
Kd2: 0.0
init_obs: [-0.30064084,  0.06167468, -0.13877851,  0.26461022]
