Kp1: -3.195981903843559
Ki1: -0.010047634588084484
Kd1: -0.13558221851871183
Kp2: 0.08353243389870783
Ki2: 0.0460938530317623
Kd2: 0.0
init_obs: [0.08565784, 0.34511926, 0.4656225 , 0.31055218]
