Kp1: -2.7934223686760244
Ki1: -0.009637848715663432
Kd1: -0.1631242285588245
Kp2: 0.08125100717457281
Ki2: 0.05414431172362965
Kd2: 0.0
init_obs: [ 0.12217749,  0.4125708 ,  0.43560545, -0.0729028 ]
