Kp1: -3.23324596136153
Ki1: -0.0104746132336267
Kd1: -0.16304434729800227
Kp2: 0.07288868560423735
Ki2: 0.0546098832860116
Kd2: 0.0
init_obs: [-0.12844784,  0.27719514, -0.07944265,  0.03761139]
