Kp1: -3.0530022406377393
Ki1: -0.009580202264408892
Kd1: -0.15412802855141675
Kp2: 0.07245817106559191
Ki2: 0.049626043485989674
Kd2: 0.0
init_obs: [-0.10022269, -0.18465578,  0.10779901, -0.3915831 ]
