Kp1: -2.91381973980811
Ki1: -0.009459689646234684
Kd1: -0.15675348709107104
Kp2: 0.07298681354380991
Ki2: 0.05326540953333016
Kd2: 0.0
init_obs: [-0.35332018,  0.28269488,  0.06947735, -0.10552937]
