Kp1: -2.9843661646230135
Ki1: -0.009454705132609714
Kd1: -0.14270236748646675
Kp2: 0.07573892951693606
Ki2: 0.05199887200249553
Kd2: 0.0
init_obs: [-0.07436308,  0.22801229,  0.48101392,  0.1905385 ]
