Kp1: -2.867159580057901
Ki1: -0.010886498279071092
Kd1: -0.1516205262512952
Kp2: 0.08781975896907163
Ki2: 0.04583093846104609
Kd2: 0.0
init_obs: [ 0.10822117,  0.18437152, -0.45045597, -0.09707367]
