Kp1: -2.821288531674581
Ki1: -0.009145788845305598
Kd1: -0.1418453979545782
Kp2: 0.08436436634332868
Ki2: 0.053966783034192056
Kd2: 0.0
init_obs: [-1.43948493e-04, -4.95721675e-01,  2.47646231e-01,  1.56779916e-01]
