Kp1: -2.9499849820317787
Ki1: -0.010979945963811149
Kd1: -0.1436083073485069
Kp2: 0.08790612176516019
Ki2: 0.05472123873585477
Kd2: 0.0
init_obs: [ 4.87366752e-01, -2.80318490e-01, -3.71679869e-02, -1.38136919e-04]
