Kp1: -2.930116190167836
Ki1: -0.010994211157657415
Kd1: -0.15913648785193935
Kp2: 0.07826070093408044
Ki2: 0.049309084820489485
Kd2: 0.0
init_obs: [-0.35856332, -0.15014394,  0.05552283,  0.00605282]
