Kp1: -3.2651725730777574
Ki1: -0.010116862358067046
Kd1: -0.14381720006568235
Kp2: 0.08567891314911057
Ki2: 0.0455177780397615
Kd2: 0.0
init_obs: [-0.25106518, -0.46983435, -0.18308389,  0.08999239]
