Kp1: -2.876385376153487
Ki1: -0.010072783299379096
Kd1: -0.160576650262447
Kp2: 0.07603421756121186
Ki2: 0.04699525003478835
Kd2: 0.0
init_obs: [-0.18852474,  0.32991048, -0.21252461,  0.25111593]
