Kp1: -2.833132788913292
Ki1: -0.009190900838737207
Kd1: -0.1608121172019363
Kp2: 0.07621713583645122
Ki2: 0.051411501833539666
Kd2: 0.0
init_obs: [-0.11115759,  0.06715268, -0.19913371,  0.28384578]
