Kp1: -3.240537646250086
Ki1: -0.009916224390450812
Kd1: -0.1484616248057204
Kp2: 0.07664818697479685
Ki2: 0.045036902916223955
Kd2: 0.0
init_obs: [0.00230945, 0.22119064, 0.47430328, 0.18167467]
