Kp1: -3.2145785211383644
Ki1: -0.010134740306745525
Kd1: -0.1612375310046244
Kp2: 0.07536689648671706
Ki2: 0.05124116452256755
Kd2: 0.0
init_obs: [ 0.01351185, -0.4151707 , -0.00398012,  0.26126119]
