Kp1: -3.14162100790243
Ki1: -0.00975597056207038
Kd1: -0.1375889972209777
Kp2: 0.08393228321579152
Ki2: 0.0548841177344817
Kd2: 0.0
init_obs: [ 0.3524009 ,  0.02898718,  0.47791506, -0.34251369]
