Kp1: -2.9942825051141106
Ki1: -0.010601395149083563
Kd1: -0.13567395413728295
Kp2: 0.08787607024164439
Ki2: 0.054960940255951996
Kd2: 0.0
init_obs: [-0.03160871,  0.38405008,  0.25141791, -0.47135109]
