Kp1: -2.720432026676529
Ki1: -0.009509878104131375
Kd1: -0.13752488706824034
Kp2: 0.07260586364696305
Ki2: 0.04543201505456309
Kd2: 0.0
init_obs: [ 0.20158711, -0.2648422 , -0.1640372 ,  0.30982735]
