Kp1: -3.2231442194035855
Ki1: -0.010715743819911775
Kd1: -0.14068347053793948
Kp2: 0.0767148540141272
Ki2: 0.054477383400220875
Kd2: 0.0
init_obs: [ 0.23508825, -0.10967853,  0.32052654, -0.39364148]
