Kp1: -2.8487911079691384
Ki1: -0.009047318865677749
Kd1: -0.1433030758866334
Kp2: 0.08110604554480905
Ki2: 0.05198795599136238
Kd2: 0.0
init_obs: [-0.0374143 , -0.43252669,  0.34891642,  0.44184957]
