Kp1: -3.0951197893736846
Ki1: -0.009333868995847787
Kd1: -0.15831840997160312
Kp2: 0.0855569755962534
Ki2: 0.04605727599571938
Kd2: 0.0
init_obs: [ 0.13098688,  0.0546693 , -0.0699967 ,  0.29552974]
