Kp1: -3.0184710020808634
Ki1: -0.009308181172153825
Kd1: -0.14999894772027517
Kp2: 0.08611044175603493
Ki2: 0.046007231372570546
Kd2: 0.0
init_obs: [-0.09556283,  0.03365789, -0.2770523 ,  0.41932206]
