Kp1: -3.0028020402244904
Ki1: -0.00996161410936523
Kd1: -0.13503474342015853
Kp2: 0.07225628598495976
Ki2: 0.0482737642865633
Kd2: 0.0
init_obs: [ 0.08889191,  0.30204441,  0.41439615, -0.10680491]
