Kp1: -3.278033969238967
Ki1: -0.009027265253645608
Kd1: -0.14112116340201764
Kp2: 0.0775835124995034
Ki2: 0.0451228071417311
Kd2: 0.0
init_obs: [ 0.12880583,  0.2166752 , -0.02922358,  0.43665451]
