Kp1: -3.036000622737359
Ki1: -0.010776151014151811
Kd1: -0.13592437928244022
Kp2: 0.083923234447271
Ki2: 0.04927634250261708
Kd2: 0.0
init_obs: [ 0.38498083, -0.09061157, -0.15947339,  0.35705898]
