Kp1: -3.25037712344412
Ki1: -0.010791121118730299
Kd1: -0.16078904600425464
Kp2: 0.080142562876348
Ki2: 0.046610814849137365
Kd2: 0.0
init_obs: [ 0.27809606, -0.41781815, -0.0672637 , -0.47955789]
