Kp1: -2.754960109929306
Ki1: -0.009608483736099791
Kd1: -0.14170407545708852
Kp2: 0.0826944955252605
Ki2: 0.051688342999946596
Kd2: 0.0
init_obs: [-0.08294571,  0.2900001 ,  0.13438486,  0.26190119]
