Kp1: -2.8068210739818045
Ki1: -0.009491695955789404
Kd1: -0.1582983775002886
Kp2: 0.07919452200581499
Ki2: 0.05408847811046106
Kd2: 0.0
init_obs: [-0.27196946,  0.22916149,  0.27177253, -0.2890392 ]
