Kp1: -2.8363367672067334
Ki1: -0.009547660802756904
Kd1: -0.13837970788540185
Kp2: 0.08237601708519993
Ki2: 0.04588081126251951
Kd2: 0.0
init_obs: [-0.44308921, -0.14353567,  0.26823171, -0.16273798]
