Kp1: -3.266441787789105
Ki1: -0.009667021267555363
Kd1: -0.15215213079728893
Kp2: 0.07517166930221547
Ki2: 0.05057588626775851
Kd2: 0.0
init_obs: [-0.05570133,  0.35444101, -0.45978715,  0.29640844]
