Kp1: -2.8108234916139696
Ki1: -0.009531726775886549
Kd1: -0.1567302244096605
Kp2: 0.08196913112319897
Ki2: 0.04574579582989041
Kd2: 0.0
init_obs: [ 0.44425158,  0.48466421, -0.25985025,  0.35344525]
