Kp1: -2.905729849182692
Ki1: -0.010327740602408438
Kd1: -0.15210812754236402
Kp2: 0.07908844190894963
Ki2: 0.05387187527868253
Kd2: 0.0
init_obs: [ 0.23305412,  0.34616158,  0.18319629, -0.07991689]
