Kp1: -3.18011605092821
Ki1: -0.009400393557496426
Kd1: -0.13735221195442673
Kp2: 0.07825269804193444
Ki2: 0.04578231459616695
Kd2: 0.0
init_obs: [0.4293356 , 0.1779903 , 0.31711637, 0.33928834]
