Kp1: -3.1859361162735604
Ki1: -0.009058840775993348
Kd1: -0.1537927212576546
Kp2: 0.07849950521475053
Ki2: 0.04800146717113486
Kd2: 0.0
init_obs: [0.38307775, 0.33541569, 0.15315618, 0.25112315]
