Kp1: -3.053624388861374
Ki1: -0.01053942071026845
Kd1: -0.13601969301770753
Kp2: 0.07589393902888834
Ki2: 0.05149676848245687
Kd2: 0.0
init_obs: [ 0.23320188,  0.1747625 , -0.30372624,  0.4002168 ]
