Kp1: -3.022808236437928
Ki1: -0.010420089127619665
Kd1: -0.13898124896467764
Kp2: 0.07521489991519584
Ki2: 0.05109521848906126
Kd2: 0.0
init_obs: [ 0.13944111,  0.21926322, -0.34752259,  0.41814184]
