Kp1: -3.0274651553597733
Ki1: -0.00942676138027792
Kd1: -0.14080442579605143
Kp2: 0.07888880292163729
Ki2: 0.049063898905217965
Kd2: 0.0
init_obs: [ 0.3847182 ,  0.24379673, -0.46283085, -0.03430973]
