Kp1: -2.712123234162195
Ki1: -0.009434253623733617
Kd1: -0.13779626935123407
Kp2: 0.07448963209604725
Ki2: 0.046538374330145765
Kd2: 0.0
init_obs: [-0.24531579,  0.14766783,  0.0148675 ,  0.20733898]
