Kp1: -2.787748672988425
Ki1: -0.009549347055729403
Kd1: -0.14378408914128896
Kp2: 0.08434688647716172
Ki2: 0.05204755028312727
Kd2: 0.0
init_obs: [-0.20335486,  0.30140973,  0.27829879, -0.2085309 ]
