Kp1: -3.2691563869274853
Ki1: -0.009349331993096548
Kd1: -0.14880503660861383
Kp2: 0.07353557015452966
Ki2: 0.04927047584841008
Kd2: 0.0
init_obs: [-0.44696709,  0.20139461, -0.37374429, -0.05289498]
