Kp1: -3.1360242983010354
Ki1: -0.009213964764723697
Kd1: -0.15882262448784598
Kp2: 0.08522446577169435
Ki2: 0.0526381769065044
Kd2: 0.0
init_obs: [ 0.08894138, -0.07485153, -0.33838989,  0.04046133]
