Kp1: -3.0250404298494002
Ki1: -0.010265741688284797
Kd1: -0.13577301467846795
Kp2: 0.07296028895890028
Ki2: 0.048801447833179766
Kd2: 0.0
init_obs: [-0.21946022,  0.24244751, -0.34502343,  0.39848286]
