Kp1: -3.219278002141904
Ki1: -0.010622149024071282
Kd1: -0.1449511555413906
Kp2: 0.076804533284026
Ki2: 0.047954808010779865
Kd2: 0.0
init_obs: [-0.42269855,  0.45440635, -0.1183981 ,  0.18320278]
