Kp1: -2.7871888950873367
Ki1: -0.0102726239842104
Kd1: -0.1485257663858514
Kp2: 0.08062197386354181
Ki2: 0.05082908908458536
Kd2: 0.0
init_obs: [ 0.03720236,  0.04414222,  0.10264256, -0.22635256]
