Kp1: -3.0106636354720475
Ki1: -0.010184595344096877
Kd1: -0.15701935869851516
Kp2: 0.0824231532413403
Ki2: 0.05321461381725302
Kd2: 0.0
init_obs: [ 0.01828457, -0.15388413,  0.22005637,  0.29053783]
