Kp1: -2.8663923442963855
Ki1: -0.009112908896398852
Kd1: -0.1397829494083706
Kp2: 0.08325603478782753
Ki2: 0.04678794682663899
Kd2: 0.0
init_obs: [-0.02462128, -0.14521559, -0.32468904, -0.01952939]
