Kp1: -3.031254136934568
Ki1: -0.010929414103521471
Kd1: -0.1619683475875704
Kp2: 0.07443859705528932
Ki2: 0.052407690822134194
Kd2: 0.0
init_obs: [ 0.37584742,  0.20966123,  0.21798023, -0.13303324]
