Kp1: -2.8826183335426174
Ki1: -0.010581210676611335
Kd1: -0.15339337337825867
Kp2: 0.0772604907464991
Ki2: 0.04744341843141203
Kd2: 0.0
init_obs: [ 0.38966436,  0.47984644,  0.14011913, -0.40104934]
