Kp1: -3.1376854274389707
Ki1: -0.009047830842917617
Kd1: -0.1568705025715872
Kp2: 0.08575507605370274
Ki2: 0.04614363904100122
Kd2: 0.0
init_obs: [-0.40031633, -0.42186402, -0.39270124, -0.08912887]
