Kp1: -3.2331753875959297
Ki1: -0.009627718856531731
Kd1: -0.15632434637331508
Kp2: 0.0793707693441141
Ki2: 0.05203541688748148
Kd2: 0.0
init_obs: [0.22947374, 0.34556524, 0.38853838, 0.02971929]
