Kp1: -3.10320303139727
Ki1: -0.009640035895011953
Kd1: -0.15093771697108008
Kp2: 0.07831745123867641
Ki2: 0.04978992715617889
Kd2: 0.0
init_obs: [ 0.16996116, -0.18117464,  0.17787616, -0.33837258]
