Kp1: -2.8727942198394656
Ki1: -0.009352471406940038
Kd1: -0.1495388748108392
Kp2: 0.07431177325330784
Ki2: 0.05070924088167318
Kd2: 0.0
init_obs: [ 0.4176199 , -0.05463227,  0.34757939, -0.0464323 ]
