Kp1: -2.744462368008182
Ki1: -0.009709233697189776
Kd1: -0.15837559550328192
Kp2: 0.08296414033911235
Ki2: 0.04553701886251622
Kd2: 0.0
init_obs: [0.08016062, 0.48913536, 0.08889273, 0.23882919]
