Kp1: -2.9158662985854638
Ki1: -0.009092092411222144
Kd1: -0.15473086500958014
Kp2: 0.0782942615272974
Ki2: 0.05250622507461729
Kd2: 0.0
init_obs: [-0.08883454,  0.02258919,  0.09118577,  0.14022412]
