Kp1: -3.267044720391126
Ki1: -0.00928811381875853
Kd1: -0.1478013669435707
Kp2: 0.07982521388774988
Ki2: 0.04963179636101825
Kd2: 0.0
init_obs: [ 0.31431789, -0.48012586, -0.41833678, -0.31146654]
