Kp1: -2.9029167180399296
Ki1: -0.009188146663269616
Kd1: -0.1482485923528064
Kp2: 0.08383975244957725
Ki2: 0.04675231301143399
Kd2: 0.0
init_obs: [-0.18180924,  0.1538805 ,  0.17445798, -0.17144009]
