Kp1: -2.934511672461379
Ki1: -0.010512216408984133
Kd1: -0.16277373264719322
Kp2: 0.08456335588557924
Ki2: 0.048507406512202374
Kd2: 0.0
init_obs: [ 0.4797766 ,  0.21854933, -0.36914859,  0.16343234]
