Kp1: -2.9309165894816154
Ki1: -0.00937261270950216
Kd1: -0.1585308842537176
Kp2: 0.07266465419689633
Ki2: 0.05376766379629973
Kd2: 0.0
init_obs: [ 0.36529633,  0.25312523,  0.24991391, -0.48884188]
