Kp1: -3.1186328704128368
Ki1: -0.009076388121472032
Kd1: -0.15247173615430706
Kp2: 0.08133430125598475
Ki2: 0.045920472466891245
Kd2: 0.0
init_obs: [ 0.02192754, -0.36474216,  0.0978367 ,  0.3827494 ]
