Kp1: -3.1694388218591802
Ki1: -0.01025418903569556
Kd1: -0.15514680584999366
Kp2: 0.07238212909760137
Ki2: 0.047971883472928696
Kd2: 0.0
init_obs: [ 0.21260603,  0.03481068, -0.16608147,  0.08856177]
