Kp1: -3.099791795998259
Ki1: -0.00902646928817321
Kd1: -0.16206895227313986
Kp2: 0.07323466628244286
Ki2: 0.05432352506032776
Kd2: 0.0
init_obs: [0.49909725, 0.26480783, 0.40773307, 0.02465913]
