Kp1: -2.911671990988862
Ki1: -0.010297398014744899
Kd1: -0.15538266899409153
Kp2: 0.07943523386285087
Ki2: 0.051141387900934344
Kd2: 0.0
init_obs: [ 0.09866505,  0.02633945, -0.25463453, -0.12816922]
