Kp1: -2.8231097030945995
Ki1: -0.009378709648122025
Kd1: -0.1486477249105247
Kp2: 0.07819731580434451
Ki2: 0.053738296724180235
Kd2: 0.0
init_obs: [-0.41689812,  0.15112007, -0.00801539, -0.23994864]
