Kp1: -3.0810490610062624
Ki1: -0.010624411455375973
Kd1: -0.14804535075443695
Kp2: 0.08699538934610612
Ki2: 0.05165712816695178
Kd2: 0.0
init_obs: [ 0.4567551 ,  0.23868081, -0.06682309, -0.22392419]
