Kp1: -3.1172731751441436
Ki1: -0.009270040015842041
Kd1: -0.15097260454175515
Kp2: 0.07847031796048072
Ki2: 0.04710662274104689
Kd2: 0.0
init_obs: [-0.17305439, -0.46344258, -0.16754463,  0.14126012]
