Kp1: -2.7438144923358743
Ki1: -0.00952315782317475
Kd1: -0.15656505439589838
Kp2: 0.08068829010285816
Ki2: 0.05304651263950708
Kd2: 0.0
init_obs: [ 0.14059536, -0.36475684,  0.2986921 ,  0.09885555]
