Kp1: -2.9930354456157287
Ki1: -0.009971806611258316
Kd1: -0.14965203264639385
Kp2: 0.0801376692873007
Ki2: 0.046679613728672825
Kd2: 0.0
init_obs: [-0.49048202,  0.03905843,  0.11239909,  0.31130021]
