Kp1: -3.169427360214727
Ki1: -0.010646607722507069
Kd1: -0.1618753519359639
Kp2: 0.08681238397587185
Ki2: 0.048280065619259134
Kd2: 0.0
init_obs: [-0.27033865, -0.18405183,  0.400258  ,  0.47359953]
