Kp1: -2.7992788304074874
Ki1: -0.009438968873457507
Kd1: -0.14110964542023963
Kp2: 0.08378628840287743
Ki2: 0.045563759254092964
Kd2: 0.0
init_obs: [ 0.47817499,  0.34598515, -0.09417219,  0.25851402]
