Kp1: -3.203482087353732
Ki1: -0.009923923536256518
Kd1: -0.16247039286911855
Kp2: 0.08089980836373664
Ki2: 0.04748415988638478
Kd2: 0.0
init_obs: [ 0.06747608,  0.05108479,  0.42259277, -0.09879718]
