Kp1: -3.293091040149009
Ki1: -0.01076131480962845
Kd1: -0.14125686889864644
Kp2: 0.081389555605266
Ki2: 0.05397614453148878
Kd2: 0.0
init_obs: [-0.28435643, -0.03116269,  0.35626039,  0.34935817]
