Kp1: -3.2793450774383106
Ki1: -0.009364699621628015
Kd1: -0.15578006459489982
Kp2: 0.08723554829954028
Ki2: 0.0498797693760262
Kd2: 0.0
init_obs: [ 0.07991776,  0.09411835,  0.12586128, -0.45447187]
