Kp1: -3.2654413196143715
Ki1: -0.010882631507638501
Kd1: -0.16168028110144447
Kp2: 0.0800099073602104
Ki2: 0.052492306091680846
Kd2: 0.0
init_obs: [ 0.15050831, -0.34251066, -0.01227196,  0.45484078]
