Kp1: -2.9674632750431806
Ki1: -0.00996307857365743
Kd1: -0.15392512427244096
Kp2: 0.0775077470682337
Ki2: 0.04787641405444387
Kd2: 0.0
init_obs: [-0.46250724, -0.45237169,  0.24671453,  0.06333038]
