Kp1: -2.8433515636282536
Ki1: -0.010798502531774534
Kd1: -0.1520792403438815
Kp2: 0.08153032799817993
Ki2: 0.045584607756558
Kd2: 0.0
init_obs: [ 0.24131069,  0.41637878, -0.22340757,  0.16278239]
