Kp1: -3.1312460776968285
Ki1: -0.01088109244362246
Kd1: -0.14479123546314976
Kp2: 0.07800954174948407
Ki2: 0.045876546778260696
Kd2: 0.0
init_obs: [-0.38028924, -0.20996101,  0.16036845, -0.33443521]
