Kp1: -3.007755641443283
Ki1: -0.009578340261497153
Kd1: -0.14352925434920266
Kp2: 0.0748327569000965
Ki2: 0.05179835163791211
Kd2: 0.0
init_obs: [-0.27784797,  0.33841224,  0.34428383, -0.23774925]
