Kp1: -2.733155225674371
Ki1: -0.010333788255219052
Kd1: -0.14563194913451574
Kp2: 0.08225644088765308
Ki2: 0.04593865757120836
Kd2: 0.0
init_obs: [ 0.35687189, -0.41882231, -0.29917724,  0.32878663]
