Kp1: -3.2248518168024995
Ki1: -0.010327118134745142
Kd1: -0.14447773212720114
Kp2: 0.07755218010204674
Ki2: 0.05059032934024821
Kd2: 0.0
init_obs: [ 0.17132933,  0.16549091, -0.34539847, -0.14369989]
