Kp1: -3.025016779290746
Ki1: -0.009294250545869187
Kd1: -0.1528746951153426
Kp2: 0.0870105978786195
Ki2: 0.04866029784323457
Kd2: 0.0
init_obs: [ 0.40008915, -0.22852572,  0.03745319,  0.40943284]
