Kp1: -2.8805214791575446
Ki1: -0.009894473421503317
Kd1: -0.14901380162424854
Kp2: 0.07719992473631371
Ki2: 0.053824335211478794
Kd2: 0.0
init_obs: [-0.03458187,  0.24524873, -0.19407208,  0.40533236]
