Kp1: -3.271110849107314
Ki1: -0.009506920405226573
Kd1: -0.15915333557379277
Kp2: 0.08191370413149975
Ki2: 0.046861717838189876
Kd2: 0.0
init_obs: [ 0.2962377 , -0.4181426 , -0.27240547,  0.02833723]
