Kp1: -2.9540135697240606
Ki1: -0.009291847805819544
Kd1: -0.14472662079858448
Kp2: 0.07675106420226185
Ki2: 0.05072064150587037
Kd2: 0.0
init_obs: [-0.3141767 ,  0.25460049, -0.3394644 , -0.05797075]
