Kp1: -3.081823756468474
Ki1: -0.010421291427779224
Kd1: -0.1594448574595446
Kp2: 0.07394431344754623
Ki2: 0.04698313872147119
Kd2: 0.0
init_obs: [ 0.12234638, -0.17599331, -0.0824929 ,  0.40980226]
