Kp1: -3.115362121706303
Ki1: -0.010119804742086926
Kd1: -0.1577814375466827
Kp2: 0.08752045410481295
Ki2: 0.054401842685565055
Kd2: 0.0
init_obs: [-0.01423709,  0.26398506, -0.14032726,  0.32398811]
