Kp1: -2.8228890664331594
Ki1: -0.009028811672571467
Kd1: -0.16170919903755904
Kp2: 0.08028961154023634
Ki2: 0.051476279590412316
Kd2: 0.0
init_obs: [ 0.0212412 , -0.21891466, -0.17417812,  0.15053891]
