Kp1: -2.7308590049947403
Ki1: -0.010456758927329082
Kd1: -0.15248655631117722
Kp2: 0.07490560135730202
Ki2: 0.045301829590553545
Kd2: 0.0
init_obs: [-0.11847242,  0.15010143, -0.07209025,  0.48199813]
