Kp1: -3.239737400493558
Ki1: -0.010051052108802357
Kd1: -0.1491748078981207
Kp2: 0.08296898871686505
Ki2: 0.05012757219429545
Kd2: 0.0
init_obs: [-0.03871934, -0.12207805,  0.05301149, -0.10593752]
