Kp1: -2.958859797438805
Ki1: -0.010776689290295557
Kd1: -0.1494153915800286
Kp2: 0.0828439921340979
Ki2: 0.04936904800884976
Kd2: 0.0
init_obs: [-0.40639972, -0.1620491 ,  0.22748258,  0.39543425]
