Kp1: -2.727888937944961
Ki1: -0.010526419858869413
Kd1: -0.13966727482512795
Kp2: 0.07784369584054344
Ki2: 0.05425895381766152
Kd2: 0.0
init_obs: [-0.34442192, -0.05823143, -0.3701429 ,  0.01821906]
