Kp1: -3.025380223086808
Ki1: -0.009492633394316939
Kd1: -0.1420345128487165
Kp2: 0.07316161149681083
Ki2: 0.047655553874705686
Kd2: 0.0
init_obs: [-0.48890454, -0.11774838, -0.17007188, -0.1366606 ]
