Kp1: -3.081823877998878
Ki1: -0.00962140470696986
Kd1: -0.1443882990558508
Kp2: 0.07667204510890278
Ki2: 0.04838285715512661
Kd2: 0.0
init_obs: [ 0.08349876,  0.12099307, -0.44314879,  0.28124051]
