Kp1: -3.27926583664959
Ki1: -0.01070686597706179
Kd1: -0.1447579547164738
Kp2: 0.08660855128184658
Ki2: 0.05210301379244048
Kd2: 0.0
init_obs: [-0.44000991, -0.42474775,  0.09866862, -0.32959134]
