Kp1: -3.020021833483235
Ki1: -0.010497256714644803
Kd1: -0.1595873784030412
Kp2: 0.07476862119092328
Ki2: 0.05404669143529637
Kd2: 0.0
init_obs: [-0.03573422,  0.25320057,  0.05144835, -0.19224165]
