Kp1: -2.9164551549323416
Ki1: -0.009323187456919351
Kd1: -0.13711043471300272
Kp2: 0.0757105133024923
Ki2: 0.0510781623099063
Kd2: 0.0
init_obs: [ 0.0185332 , -0.0886373 ,  0.03067123, -0.42024091]
