Kp1: -3.241391131359573
Ki1: -0.01011643159857776
Kd1: -0.1392093955337031
Kp2: 0.08474521860451695
Ki2: 0.051623906985510074
Kd2: 0.0
init_obs: [ 0.41836069, -0.35664579,  0.48011662,  0.02473739]
