Kp1: -3.267850877947615
Ki1: -0.010312893453636583
Kd1: -0.1543588960906948
Kp2: 0.07251981707992876
Ki2: 0.0542411477126092
Kd2: 0.0
init_obs: [ 0.30167322, -0.10475091, -0.37290853, -0.26205534]
