Kp1: -3.062008336465329
Ki1: -0.010823905805216073
Kd1: -0.1351439583501154
Kp2: 0.08559696927746975
Ki2: 0.048645601719103315
Kd2: 0.0
init_obs: [-0.12949264,  0.27806638, -0.06304046,  0.42397515]
