Kp1: -3.1707725868313927
Ki1: -0.00973546836595513
Kd1: -0.15725615288592135
Kp2: 0.08589700268816365
Ki2: 0.04754877426944271
Kd2: 0.0
init_obs: [-0.04643075,  0.29644862, -0.10937749, -0.33582098]
