Kp1: -3.045515842773508
Ki1: -0.009999368007375954
Kd1: -0.15120649080387874
Kp2: 0.07481117142596397
Ki2: 0.0540890894289624
Kd2: 0.0
init_obs: [ 0.1020874 , -0.15256179,  0.13110953, -0.49310525]
