Kp1: -3.228950322050191
Ki1: -0.010358591993293318
Kd1: -0.1481021081944347
Kp2: 0.08105877354762507
Ki2: 0.04814288515696458
Kd2: 0.0
init_obs: [-0.07833124, -0.07722595, -0.34852756,  0.17680413]
