Kp1: -3.2865568776905825
Ki1: -0.009595004430346735
Kd1: -0.15477250337374285
Kp2: 0.08650286009879964
Ki2: 0.04969699161056306
Kd2: 0.0
init_obs: [-0.170156  ,  0.12331081, -0.40172111,  0.4948273 ]
