Kp1: -2.7442779135729003
Ki1: -0.009703810788834779
Kd1: -0.15270656238105637
Kp2: 0.084744375998961
Ki2: 0.045489006221330244
Kd2: 0.0
init_obs: [ 0.04422015,  0.34256244,  0.11558493, -0.42946046]
