Kp1: -2.7680566213136943
Ki1: -0.009185937718307098
Kd1: -0.16024324519220537
Kp2: 0.08608929182293575
Ki2: 0.04727765198374884
Kd2: 0.0
init_obs: [-0.04370905, -0.21658638,  0.02263405,  0.41774037]
