Kp1: -2.81552916103072
Ki1: -0.010710308368534873
Kd1: -0.13503287799304542
Kp2: 0.08642610310100665
Ki2: 0.051094290892717976
Kd2: 0.0
init_obs: [-0.0025145 ,  0.31686749,  0.11723703,  0.48776906]
