Kp1: -2.944974955387679
Ki1: -0.009185562768834544
Kd1: -0.15214267710815096
Kp2: 0.08322494554960054
Ki2: 0.05096664754667274
Kd2: 0.0
init_obs: [-0.31161123, -0.25932953,  0.30214931,  0.48304358]
