Kp1: -2.9524251798397936
Ki1: -0.01016631419915278
Kd1: -0.16027656953640992
Kp2: 0.07897011827659267
Ki2: 0.052870309821069585
Kd2: 0.0
init_obs: [ 0.03415813,  0.18714322, -0.20785837, -0.13378131]
