Kp1: -3.218854730055073
Ki1: -0.00958405966090088
Kd1: -0.1541759167199511
Kp2: 0.07637444878359122
Ki2: 0.046615928957917316
Kd2: 0.0
init_obs: [-0.49288736,  0.41479163,  0.09066584,  0.43439326]
