Kp1: -2.998633974523579
Ki1: -0.009034804217582983
Kd1: -0.1382344311642684
Kp2: 0.08685829192233518
Ki2: 0.05267944602946324
Kd2: 0.0
init_obs: [-0.37299947,  0.3429089 ,  0.26321002, -0.37525438]
