Kp1: -2.7915027863896276
Ki1: -0.009839289276094534
Kd1: -0.16063559004494082
Kp2: 0.07692293039793673
Ki2: 0.049348539209625904
Kd2: 0.0
init_obs: [-0.46213977,  0.01047894, -0.04440078,  0.28544238]
