Kp1: -3.264699070831355
Ki1: -0.010780074835888711
Kd1: -0.16245378676681946
Kp2: 0.08153089702818628
Ki2: 0.050710736812255554
Kd2: 0.0
init_obs: [ 0.36235809, -0.28905678,  0.47209198,  0.02173341]
