Kp1: -2.936964162105083
Ki1: -0.009120937107102637
Kd1: -0.16289435506789227
Kp2: 0.0809768194788218
Ki2: 0.048026604328585874
Kd2: 0.0
init_obs: [-0.14922999, -0.45728905, -0.20652203,  0.42569494]
