Kp1: -2.8157658353947856
Ki1: -0.009079872119529157
Kd1: -0.15494172857357236
Kp2: 0.08122847091758739
Ki2: 0.05164581019186361
Kd2: 0.0
init_obs: [-0.21388398, -0.14621516, -0.45944783,  0.22613796]
