Kp1: -2.965120488795542
Ki1: -0.01006278079997321
Kd1: -0.15087133002644587
Kp2: 0.07847719984629731
Ki2: 0.05353206912092543
Kd2: 0.0
init_obs: [-0.06730249,  0.18466234, -0.0827711 , -0.26647524]
