Kp1: -2.7200864686806185
Ki1: -0.009932675052413187
Kd1: -0.14438875175111465
Kp2: 0.07931651166457444
Ki2: 0.0491186268542457
Kd2: 0.0
init_obs: [0.02038149, 0.18110023, 0.01991107, 0.34698249]
