Kp1: -3.2173121613136755
Ki1: -0.009571972800232456
Kd1: -0.14256732015994714
Kp2: 0.08430435481975515
Ki2: 0.054258475853059665
Kd2: 0.0
init_obs: [ 0.45870696, -0.33156568,  0.42431999, -0.06149959]
