Kp1: -2.8262108480015673
Ki1: -0.010179056510829773
Kd1: -0.1435732487368962
Kp2: 0.0848849208909017
Ki2: 0.04830524628008773
Kd2: 0.0
init_obs: [-0.17419763, -0.30594415,  0.39753961, -0.34366201]
