Kp1: -3.0747886895243384
Ki1: -0.009114553253745473
Kd1: -0.13763656326962836
Kp2: 0.07290000152099116
Ki2: 0.052997393285788674
Kd2: 0.0
init_obs: [ 0.37709345,  0.3784701 , -0.09686323, -0.24898726]
