Kp1: -2.8019799513787564
Ki1: -0.009412682599173482
Kd1: -0.14236125065945063
Kp2: 0.08477366630507854
Ki2: 0.04791599501607566
Kd2: 0.0
init_obs: [-0.36525498,  0.14744074, -0.22907122,  0.05388078]
