Kp1: -2.867045800640399
Ki1: -0.010927282139180199
Kd1: -0.13641455025881644
Kp2: 0.08303248803436836
Ki2: 0.05190640602247881
Kd2: 0.0
init_obs: [ 0.11423029, -0.4068641 ,  0.35806672, -0.26487764]
