Kp1: -3.1426005030699597
Ki1: -0.010910827229459389
Kd1: -0.13911960044035648
Kp2: 0.07863298228989464
Ki2: 0.05357779501107918
Kd2: 0.0
init_obs: [ 0.16378859,  0.32138344,  0.20077649, -0.36467269]
