Kp1: -2.936129538394735
Ki1: -0.0102016388505801
Kd1: -0.13500391096031195
Kp2: 0.08561116513834266
Ki2: 0.05465013089394451
Kd2: 0.0
init_obs: [ 0.14636506,  0.27880866,  0.40598134, -0.14612248]
