Kp1: -3.2593305052514987
Ki1: -0.009951257981400317
Kd1: -0.1371686325260949
Kp2: 0.08543004136018477
Ki2: 0.051761261604601594
Kd2: 0.0
init_obs: [ 0.39580862,  0.24311583, -0.40349593,  0.25951277]
