Kp1: -2.8946632551708307
Ki1: -0.009601503794373968
Kd1: -0.15718165257776215
Kp2: 0.08382528845949937
Ki2: 0.05156602941853327
Kd2: 0.0
init_obs: [-0.15916821, -0.0443655 , -0.32961945, -0.1532686 ]
