Kp1: -2.7257580372406545
Ki1: -0.010055689972509656
Kd1: -0.15377332136079744
Kp2: 0.07375377430065122
Ki2: 0.047084837158189334
Kd2: 0.0
init_obs: [ 0.12141338, -0.13606885, -0.42537358,  0.36708287]
