Kp1: -2.8386073197435193
Ki1: -0.010523938876602208
Kd1: -0.16114044653664383
Kp2: 0.07860497317992468
Ki2: 0.053272168318891235
Kd2: 0.0
init_obs: [ 0.22997771, -0.03535605,  0.14585699, -0.28464598]
