Kp1: -3.03117012434352
Ki1: -0.009684932979402101
Kd1: -0.1580666737704559
Kp2: 0.07436382750067386
Ki2: 0.05209962922590716
Kd2: 0.0
init_obs: [-0.2721585 , -0.41766335,  0.33714277,  0.1279357 ]
