Kp1: -3.2652848733801836
Ki1: -0.009023135480974137
Kd1: -0.13737001816196762
Kp2: 0.0828091205774569
Ki2: 0.04986088818837963
Kd2: 0.0
init_obs: [-0.06572699,  0.18027119, -0.34005407,  0.15895743]
