Kp1: -2.8928746401390937
Ki1: -0.009812817746841892
Kd1: -0.15918344268146523
Kp2: 0.07736827123324332
Ki2: 0.049039512380982114
Kd2: 0.0
init_obs: [-0.13166696,  0.46748184, -0.07155441,  0.39542013]
