Kp1: -3.158191298298258
Ki1: -0.009185387701851667
Kd1: -0.1576916200899258
Kp2: 0.08629214787808165
Ki2: 0.04521158052762157
Kd2: 0.0
init_obs: [-0.27200215,  0.2959553 , -0.16403821,  0.42531242]
