Kp1: -3.028059855384218
Ki1: -0.010388891175792794
Kd1: -0.1429771919305863
Kp2: 0.07728552130968144
Ki2: 0.05049014113663597
Kd2: 0.0
init_obs: [-0.0732703 , -0.07195228, -0.12614275,  0.04479227]
