Kp1: -3.2827976116303397
Ki1: -0.010957573354950378
Kd1: -0.14225773253211954
Kp2: 0.07664217076399857
Ki2: 0.05131689793399962
Kd2: 0.0
init_obs: [-0.42074354,  0.42965364,  0.16652167, -0.30136047]
