Kp1: -2.8661743672101014
Ki1: -0.009542116941049892
Kd1: -0.14058259873518056
Kp2: 0.07959000643421385
Ki2: 0.05219264002453296
Kd2: 0.0
init_obs: [-0.20294517, -0.3144213 , -0.31435856,  0.14430587]
