Kp1: -2.7914924781677737
Ki1: -0.010135143009266863
Kd1: -0.15168757277301337
Kp2: 0.08312714008480762
Ki2: 0.04793879398035655
Kd2: 0.0
init_obs: [-0.28444982, -0.07531931,  0.4147105 ,  0.44700959]
