Kp1: -3.155114113703501
Ki1: -0.010535168335511389
Kd1: -0.13743911893349725
Kp2: 0.08378680385936045
Ki2: 0.05258158898970544
Kd2: 0.0
init_obs: [ 0.28363468,  0.21735343, -0.08967135, -0.24021833]
