Kp1: -2.896030176002709
Ki1: -0.009385335787776826
Kd1: -0.1460483983614869
Kp2: 0.07342383169951774
Ki2: 0.04834860840407637
Kd2: 0.0
init_obs: [ 0.0935857 , -0.29164404,  0.3092936 , -0.25954   ]
