Kp1: -3.2285159328418818
Ki1: -0.010816375255525632
Kd1: -0.1498805477743437
Kp2: 0.0819888892129655
Ki2: 0.04910151221261022
Kd2: 0.0
init_obs: [0.41227213, 0.4248849 , 0.42954129, 0.27455785]
