Kp1: -3.1284074393062005
Ki1: -0.010113804265792715
Kd1: -0.1392923645347201
Kp2: 0.07596888250340354
Ki2: 0.052202098197750194
Kd2: 0.0
init_obs: [ 0.11891678,  0.15042003, -0.16641506, -0.14970515]
