Kp1: -2.766008373850296
Ki1: -0.009163103182832815
Kd1: -0.15293569055937795
Kp2: 0.08110085405991367
Ki2: 0.04791136492983192
Kd2: 0.0
init_obs: [-0.16809125,  0.35268145,  0.1483511 , -0.34627064]
