Kp1: -2.897696337933551
Ki1: -0.009994265074395279
Kd1: -0.164713364551996
Kp2: 0.07769262251634267
Ki2: 0.04876863450834737
Kd2: 0.0
init_obs: [-0.03241933, -0.23594855,  0.1479074 ,  0.23992315]
