Kp1: -3.2712958777368772
Ki1: -0.010372850703483514
Kd1: -0.1570680426279309
Kp2: 0.08276529428122376
Ki2: 0.049837571587802956
Kd2: 0.0
init_obs: [ 0.209624  ,  0.07642909, -0.07798245, -0.00743283]
