Kp1: -3.216359104167236
Ki1: -0.010228057133946998
Kd1: -0.1426509866539452
Kp2: 0.08498465557115374
Ki2: 0.045819424088242966
Kd2: 0.0
init_obs: [ 0.04479691, -0.01417325, -0.24233396,  0.4135477 ]
