Kp1: -2.959747994688735
Ki1: -0.010411308895255256
Kd1: -0.14990557052552128
Kp2: 0.08123064851539308
Ki2: 0.046498899428381146
Kd2: 0.0
init_obs: [0.4266981 , 0.26480361, 0.01183081, 0.19188557]
