Kp1: -2.754453384176888
Ki1: -0.010376472338860422
Kd1: -0.16233890866636771
Kp2: 0.08587879412149388
Ki2: 0.05486928664831549
Kd2: 0.0
init_obs: [ 0.36431306, -0.31121568,  0.11421653, -0.11491407]
