Kp1: -2.858564380805244
Ki1: -0.010897665864391231
Kd1: -0.14401539251792278
Kp2: 0.07755202467172911
Ki2: 0.04540898712168647
Kd2: 0.0
init_obs: [ 0.47433713,  0.05166393, -0.2995991 , -0.28950454]
