Kp1: -2.721366836928746
Ki1: -0.010269468953913015
Kd1: -0.16119767816244632
Kp2: 0.07530544759830417
Ki2: 0.04778077916639011
Kd2: 0.0
init_obs: [ 0.02923144, -0.16613469,  0.0582661 ,  0.17626875]
