Kp1: -2.9588025949433043
Ki1: -0.010039993884667437
Kd1: -0.14808227581942965
Kp2: 0.07223051377027845
Ki2: 0.045091941852400556
Kd2: 0.0
init_obs: [ 0.40068898, -0.1038024 , -0.21715927,  0.14763306]
