Kp1: -2.7680480089403328
Ki1: -0.00973064746061222
Kd1: -0.1574375223335747
Kp2: 0.08635761454180176
Ki2: 0.04600105311622228
Kd2: 0.0
init_obs: [ 0.15936479,  0.49686557, -0.2194016 , -0.05932283]
