Kp1: -2.9956508451098345
Ki1: -0.009618685630603408
Kd1: -0.13608793643671488
Kp2: 0.078272118845756
Ki2: 0.04881799009619156
Kd2: 0.0
init_obs: [-0.25520132, -0.4146702 , -0.41154033,  0.18279844]
