Kp1: -2.7243417255712776
Ki1: -0.009284267890246545
Kd1: -0.1552773026337935
Kp2: 0.08005990563709003
Ki2: 0.046117542556617264
Kd2: 0.0
init_obs: [-0.42371224,  0.38460716,  0.14368902,  0.46837555]
