Kp1: -3.086453507263276
Ki1: -0.009167603456965998
Kd1: -0.1430370956815539
Kp2: 0.07998016633306758
Ki2: 0.04915114241879199
Kd2: 0.0
init_obs: [ 0.32286925, -0.27765283,  0.3694733 , -0.2678095 ]
