Kp1: -3.146415828795969
Ki1: -0.00990096626273435
Kd1: -0.14837495791913743
Kp2: 0.08181503840507476
Ki2: 0.05301427135518513
Kd2: 0.0
init_obs: [-0.12148913, -0.31228954, -0.42068264, -0.22924038]
