Kp1: -2.876428111992536
Ki1: -0.010543137999079808
Kd1: -0.1574910509846875
Kp2: 0.0763160555452974
Ki2: 0.0478440687040151
Kd2: 0.0
init_obs: [-0.29919259, -0.47734576, -0.07203661, -0.4211795 ]
