Kp1: -3.155936438290542
Ki1: -0.009994162877990685
Kd1: -0.1532596652977689
Kp2: 0.07998418366704595
Ki2: 0.05000806889296533
Kd2: 0.0
init_obs: [-0.07499897,  0.43836297, -0.14036649,  0.07941576]
