Kp1: -3.094035634760565
Ki1: -0.009506115973187103
Kd1: -0.1497833005002183
Kp2: 0.08082756929101718
Ki2: 0.0510128798835541
Kd2: 0.0
init_obs: [-0.18917953, -0.16810731, -0.45886462,  0.27496948]
