Kp1: -3.287145299783243
Ki1: -0.009375756135489792
Kd1: -0.15811705677196275
Kp2: 0.08460085512333851
Ki2: 0.04539754186103708
Kd2: 0.0
init_obs: [ 0.30773266,  0.11536405, -0.26525225, -0.157893  ]
