Kp1: -3.1019048590665603
Ki1: -0.00972391708015723
Kd1: -0.14535731074182223
Kp2: 0.07526438735480187
Ki2: 0.05448202334911676
Kd2: 0.0
init_obs: [0.48256354, 0.22501275, 0.07601766, 0.10845605]
