Kp1: -3.220299714923907
Ki1: -0.010401067523865555
Kd1: -0.13550036109995964
Kp2: 0.07238090549690568
Ki2: 0.04519731313350885
Kd2: 0.0
init_obs: [ 0.48752672, -0.20695215,  0.02051738,  0.37306193]
