Kp1: -3.2665829524637533
Ki1: -0.009218179942242204
Kd1: -0.15340637918454322
Kp2: 0.08627694168699034
Ki2: 0.054311395718170834
Kd2: 0.0
init_obs: [-0.18194445,  0.35696295,  0.37490403,  0.22993246]
