Kp1: -2.9138021614181735
Ki1: -0.01094669210807237
Kd1: -0.1406773217209517
Kp2: 0.0852188075962506
Ki2: 0.04916400686169108
Kd2: 0.0
init_obs: [-0.48263937, -0.45762924, -0.00057053, -0.21066115]
