Kp1: -3.1463009564837163
Ki1: -0.009580897582700266
Kd1: -0.14518922706937085
Kp2: 0.08478282322307244
Ki2: 0.0505504272272658
Kd2: 0.0
init_obs: [ 0.46323008,  0.12458358, -0.41952518, -0.01176414]
