Kp1: -2.7492575412276823
Ki1: -0.009482683849122622
Kd1: -0.13809649595632337
Kp2: 0.08302162414748612
Ki2: 0.05125219348999516
Kd2: 0.0
init_obs: [ 0.20206312, -0.40144263,  0.09920005,  0.01367119]
