Kp1: -3.1431705215326735
Ki1: -0.00983856604040995
Kd1: -0.15752929439829266
Kp2: 0.08582997769450186
Ki2: 0.0456561909664685
Kd2: 0.0
init_obs: [ 0.29684815,  0.09260778, -0.2069999 ,  0.16456219]
