Kp1: -2.9453356705533666
Ki1: -0.010488671836123379
Kd1: -0.14156729921457598
Kp2: 0.0824853177564837
Ki2: 0.04769505144414121
Kd2: 0.0
init_obs: [-0.1733911 ,  0.41162167,  0.15018944,  0.01741172]
