Kp1: -2.8096416670650606
Ki1: -0.01011833026087264
Kd1: -0.15785631300753047
Kp2: 0.08319409265513379
Ki2: 0.051153319560485924
Kd2: 0.0
init_obs: [ 0.25496317,  0.48562146, -0.4083552 ,  0.24170724]
