Kp1: -3.0883477524088176
Ki1: -0.00985097111697307
Kd1: -0.16309158839172735
Kp2: 0.08753220747816119
Ki2: 0.054191690599764135
Kd2: 0.0
init_obs: [-0.38422261,  0.41450693, -0.3207417 ,  0.01236212]
