Kp1: -3.102831250492845
Ki1: -0.009571846360664459
Kd1: -0.15502245053653987
Kp2: 0.0764280387777442
Ki2: 0.0450816780722532
Kd2: 0.0
init_obs: [-0.07591265,  0.03111685,  0.27770414, -0.1232511 ]
