Kp1: -3.1331411850286326
Ki1: -0.010233675381769695
Kd1: -0.15032464740512333
Kp2: 0.07712354700226305
Ki2: 0.049314493959301445
Kd2: 0.0
init_obs: [-0.37303981, -0.43851437,  0.260653  ,  0.17074439]
