Kp1: -3.0651746757210194
Ki1: -0.009463499600679085
Kd1: -0.153931118382386
Kp2: 0.07751680098584199
Ki2: 0.04983888933811137
Kd2: 0.0
init_obs: [-0.38786081,  0.34106231, -0.08112945,  0.18222372]
