Kp1: -3.0964039868566724
Ki1: -0.009800976294138232
Kd1: -0.16035578086912441
Kp2: 0.0869392703626249
Ki2: 0.05284393203837574
Kd2: 0.0
init_obs: [-0.41669875, -0.32635943, -0.49623886,  0.2119752 ]
