Kp1: -2.7076567886945146
Ki1: -0.009520286106263843
Kd1: -0.14602891970798199
Kp2: 0.07852164755125784
Ki2: 0.04742294806957248
Kd2: 0.0
init_obs: [ 0.0181111 , -0.32149358, -0.26522754,  0.40602908]
