Kp1: -3.003065472357058
Ki1: -0.009654725339236583
Kd1: -0.14338962093805835
Kp2: 0.08655147078016297
Ki2: 0.048266050523884885
Kd2: 0.0
init_obs: [-0.35231608,  0.46517325, -0.1926948 , -0.01875897]
