Kp1: -2.72851076067658
Ki1: -0.010854818446475583
Kd1: -0.13965888179257896
Kp2: 0.0807624627135005
Ki2: 0.051812665029475014
Kd2: 0.0
init_obs: [ 0.23392943, -0.11566571,  0.48485501,  0.01621178]
