Kp1: -3.0033638218518774
Ki1: -0.010157523275212806
Kd1: -0.1523447750486187
Kp2: 0.07784700700432154
Ki2: 0.04713741683545583
Kd2: 0.0
init_obs: [-0.08464409, -0.36196538, -0.48440631, -0.32507379]
