Kp1: -2.7572231648212524
Ki1: -0.009972558722071853
Kd1: -0.14967759428127578
Kp2: 0.08052906770692336
Ki2: 0.04534664136312411
Kd2: 0.0
init_obs: [ 0.17266154,  0.02358411, -0.44594184,  0.10244125]
