Kp1: -3.0245318017404568
Ki1: -0.009929531455586763
Kd1: -0.16295528200344792
Kp2: 0.07950686632100493
Ki2: 0.04925175879941413
Kd2: 0.0
init_obs: [-0.2594336 , -0.22435923, -0.33651336,  0.43459331]
