Kp1: -3.048526325047659
Ki1: -0.010367896603843803
Kd1: -0.15903521033694995
Kp2: 0.07264649954369228
Ki2: 0.046307128441772205
Kd2: 0.0
init_obs: [ 0.04387378,  0.42932675, -0.4344466 ,  0.02711677]
