Kp1: -3.139952259869851
Ki1: -0.010814290197239078
Kd1: -0.16146783235343776
Kp2: 0.08709139606808838
Ki2: 0.04659405169675238
Kd2: 0.0
init_obs: [-0.16492391, -0.41050064, -0.30092157,  0.08124478]
