Kp1: -2.7902562629832506
Ki1: -0.009165690281941526
Kd1: -0.13785804937879179
Kp2: 0.0778831690764674
Ki2: 0.052907165733015196
Kd2: 0.0
init_obs: [-0.00075995,  0.39877671, -0.47600716,  0.14221706]
