Kp1: -2.8135875306726685
Ki1: -0.00961122889096229
Kd1: -0.13799571896540747
Kp2: 0.08576529982622925
Ki2: 0.045550273676324485
Kd2: 0.0
init_obs: [-0.31208117,  0.00253513, -0.13445765, -0.05652294]
