Kp1: -3.138593195350903
Ki1: -0.01097960814768421
Kd1: -0.1381923682148718
Kp2: 0.08494027768742131
Ki2: 0.04558609886650022
Kd2: 0.0
init_obs: [-0.22218523, -0.3086722 ,  0.05879454, -0.17067105]
