Kp1: -2.87028272405768
Ki1: -0.010060134438508178
Kd1: -0.13566793698801174
Kp2: 0.07956901202199247
Ki2: 0.046731197984879444
Kd2: 0.0
init_obs: [ 0.27922563, -0.39337021,  0.46979859,  0.37620293]
