Kp1: -2.937553179042682
Ki1: -0.009028028207967909
Kd1: -0.15968095159646714
Kp2: 0.08688816116580866
Ki2: 0.05289647756178524
Kd2: 0.0
init_obs: [ 0.17258407,  0.05707372, -0.39871135, -0.48034179]
