Kp1: -2.90734847113083
Ki1: -0.010983127007606357
Kd1: -0.13813507687606835
Kp2: 0.07789942376907474
Ki2: 0.05131830186711739
Kd2: 0.0
init_obs: [ 0.23112866,  0.42259791,  0.11757511, -0.44810206]
