Kp1: -2.8656698184766647
Ki1: -0.009202766178558733
Kd1: -0.1369418547293629
Kp2: 0.08117511451216278
Ki2: 0.04524876238855202
Kd2: 0.0
init_obs: [-0.34391904,  0.37742777,  0.49514832,  0.22278861]
