Kp1: -2.9192124046691172
Ki1: -0.010551085435993484
Kd1: -0.15185060404282202
Kp2: 0.07393300951352905
Ki2: 0.05148315763721544
Kd2: 0.0
init_obs: [ 0.09188657,  0.26840526, -0.33640471,  0.2701515 ]
