Kp1: -2.9242329470340165
Ki1: -0.009483125767671676
Kd1: -0.1494309917141615
Kp2: 0.07746876263481857
Ki2: 0.046519824870350134
Kd2: 0.0
init_obs: [-0.02119596,  0.34087032,  0.2604573 , -0.05384035]
