Kp1: -2.922011195226163
Ki1: -0.009487378653013556
Kd1: -0.16490729621711162
Kp2: 0.07491266009139609
Ki2: 0.0453519786718012
Kd2: 0.0
init_obs: [ 0.01968348,  0.43812961, -0.13781593,  0.23294343]
