Kp1: -2.8356562725306955
Ki1: -0.010358961447508043
Kd1: -0.1525101598619361
Kp2: 0.07729124512680972
Ki2: 0.0480258270532162
Kd2: 0.0
init_obs: [-0.39035242,  0.06595739,  0.06861237, -0.47849014]
