Kp1: -3.1598313369601696
Ki1: -0.00986415000194945
Kd1: -0.1613883219300478
Kp2: 0.07958236871738705
Ki2: 0.05025024895979563
Kd2: 0.0
init_obs: [-0.04862969, -0.18693756,  0.43706762,  0.02418133]
