Kp1: -3.0669847825645995
Ki1: -0.009088490159384014
Kd1: -0.14345468483806026
Kp2: 0.07493141037781534
Ki2: 0.04749389876407064
Kd2: 0.0
init_obs: [-0.26365907, -0.22186055, -0.10651005,  0.22179719]
