Kp1: -3.252745392166699
Ki1: -0.010495432662281623
Kd1: -0.15009926689706432
Kp2: 0.07574146885357942
Ki2: 0.05173816648039479
Kd2: 0.0
init_obs: [-0.16317373,  0.41706779,  0.11664658, -0.16546625]
