Kp1: -2.8667847512859774
Ki1: -0.010415485736835284
Kd1: -0.1621524409063672
Kp2: 0.08546424902971567
Ki2: 0.05477191534089496
Kd2: 0.0
init_obs: [ 0.42578304,  0.23536094, -0.1260689 ,  0.44521721]
