Kp1: -2.900704491927535
Ki1: -0.009770474704233412
Kd1: -0.15160706962350964
Kp2: 0.07632948091630523
Ki2: 0.04607603908202831
Kd2: 0.0
init_obs: [ 0.03797893,  0.06568978,  0.19383511, -0.44604876]
