Kp1: -2.867061537159496
Ki1: -0.010455721787939987
Kd1: -0.16479943023325322
Kp2: 0.0822869374325414
Ki2: 0.0537057440871263
Kd2: 0.0
init_obs: [ 0.44940365, -0.17495777,  0.06616665,  0.30363959]
