Kp1: -3.044035301230811
Ki1: -0.010904534606485217
Kd1: -0.15998320522869156
Kp2: 0.08660383782756718
Ki2: 0.049477193116084006
Kd2: 0.0
init_obs: [0.1311201 , 0.33867635, 0.30522395, 0.43776892]
