Kp1: -2.9548354118807136
Ki1: -0.009219410277960572
Kd1: -0.14552376328415217
Kp2: 0.07313640953208986
Ki2: 0.04987156750013606
Kd2: 0.0
init_obs: [ 0.24446593, -0.27375764,  0.02921525,  0.33501462]
