Kp1: -3.1320532328159127
Ki1: -0.010424794991238589
Kd1: -0.14894866150777758
Kp2: 0.08737974571492295
Ki2: 0.050438878948322066
Kd2: 0.0
init_obs: [-0.06872259,  0.17566602, -0.41484162, -0.44117394]
