Kp1: -3.273263022178524
Ki1: -0.00907408886897685
Kd1: -0.1598141254659666
Kp2: 0.07674943895502588
Ki2: 0.051523433585606584
Kd2: 0.0
init_obs: [ 0.35127381,  0.14250309, -0.09504044,  0.12970509]
