Kp1: -2.8295461347316064
Ki1: -0.010065669380806122
Kd1: -0.15413027472772503
Kp2: 0.08356535985896926
Ki2: 0.051957474691382954
Kd2: 0.0
init_obs: [ 0.01657937,  0.00458709, -0.30617933, -0.49414537]
