Kp1: -3.085336085552388
Ki1: -0.00900954952719144
Kd1: -0.14258652690035165
Kp2: 0.0761131491542468
Ki2: 0.0525591472746749
Kd2: 0.0
init_obs: [0.21745511, 0.36429314, 0.10833063, 0.40588572]
