Kp1: -2.7404170260234455
Ki1: -0.00903236512275786
Kd1: -0.15765302816596427
Kp2: 0.08000428665660607
Ki2: 0.047810465987804744
Kd2: 0.0
init_obs: [-0.27838583,  0.11613687, -0.36891373,  0.40115814]
