Kp1: -2.7351279527617405
Ki1: -0.009530956597899145
Kd1: -0.15664549757914967
Kp2: 0.072430069009791
Ki2: 0.048371567448169506
Kd2: 0.0
init_obs: [ 0.15382566, -0.23431444,  0.06929839, -0.07625352]
