Kp1: -3.2675674884188908
Ki1: -0.01084384922991617
Kd1: -0.15699050591332295
Kp2: 0.08057630614646398
Ki2: 0.04625623527666989
Kd2: 0.0
init_obs: [-0.09332176, -0.30207736,  0.0626388 ,  0.25349569]
