Kp1: -3.0971250246913753
Ki1: -0.009576128985763313
Kd1: -0.15373670543718024
Kp2: 0.07307378289354725
Ki2: 0.04704487205496857
Kd2: 0.0
init_obs: [-0.48070694, -0.20613648,  0.4475108 , -0.06671418]
