Kp1: -3.17074729652179
Ki1: -0.009265583270363179
Kd1: -0.15946350818660823
Kp2: 0.08555024132576446
Ki2: 0.04622842701731937
Kd2: 0.0
init_obs: [ 0.19608797, -0.00821841, -0.03869021,  0.20960486]
