Kp1: -3.065635555660376
Ki1: -0.0105094977203178
Kd1: -0.16245993151977237
Kp2: 0.0731587937055844
Ki2: 0.04606652011403856
Kd2: 0.0
init_obs: [0.36559514, 0.08381662, 0.06614056, 0.17844549]
