Kp1: -2.707377838472718
Ki1: -0.01089111039138624
Kd1: -0.14478091848117228
Kp2: 0.0744493754858406
Ki2: 0.04511635067288197
Kd2: 0.0
init_obs: [-0.34237074,  0.38509426,  0.00520394, -0.43146668]
