Kp1: -3.2485027749412643
Ki1: -0.009080020728756251
Kd1: -0.13763372060764034
Kp2: 0.0775117026899676
Ki2: 0.04950639608173148
Kd2: 0.0
init_obs: [-0.15306615,  0.27118961,  0.35430507,  0.18660628]
