Kp1: -2.7147710046101903
Ki1: -0.010553274084270908
Kd1: -0.14725891725186463
Kp2: 0.08070943231047008
Ki2: 0.050865857330598334
Kd2: 0.0
init_obs: [-0.26443898, -0.46961382,  0.24306364, -0.08755189]
