Kp1: -2.9846078497661184
Ki1: -0.01016524220352291
Kd1: -0.15166370969950912
Kp2: 0.07417064364594374
Ki2: 0.047604745920769444
Kd2: 0.0
init_obs: [-0.13266707,  0.01253081, -0.34242936, -0.32252513]
