Kp1: -2.7941077087528092
Ki1: -0.00995976184571125
Kd1: -0.15376044412526374
Kp2: 0.08248077705852723
Ki2: 0.046563787374223245
Kd2: 0.0
init_obs: [-0.46418583, -0.03755697, -0.39536989, -0.30982012]
