Kp1: -3.1920037193241075
Ki1: -0.009619130295415848
Kd1: -0.15803492456264948
Kp2: 0.07239770558347386
Ki2: 0.04967457784615668
Kd2: 0.0
init_obs: [ 0.21672928,  0.3977105 , -0.22725463, -0.35482197]
