Kp1: -3.0783771894263814
Ki1: -0.009705941141551218
Kd1: -0.15372037708534433
Kp2: 0.07729670448334416
Ki2: 0.05483787684249716
Kd2: 0.0
init_obs: [-0.21549861, -0.15403448,  0.25407459, -0.29272107]
