Kp1: -2.9297013320831993
Ki1: -0.010131390210535097
Kd1: -0.13926190320177928
Kp2: 0.08430093841817972
Ki2: 0.04929234469179214
Kd2: 0.0
init_obs: [ 0.29888125,  0.47275088, -0.18488391, -0.22394724]
