Kp1: -2.7572722243741965
Ki1: -0.009642221209885704
Kd1: -0.13956368815779877
Kp2: 0.08252021187799485
Ki2: 0.048742838279071
Kd2: 0.0
init_obs: [ 0.49997519, -0.1285011 , -0.13342283, -0.26270484]
