Kp1: -3.291818753505591
Ki1: -0.010556346045060536
Kd1: -0.1588963388483169
Kp2: 0.07941341342732618
Ki2: 0.04638278321382336
Kd2: 0.0
init_obs: [ 0.12524793,  0.01513231, -0.08034947,  0.19015613]
