Kp1: -2.8355990699792657
Ki1: -0.009416041770596344
Kd1: -0.16393323158872397
Kp2: 0.08087580568299801
Ki2: 0.054021221515283574
Kd2: 0.0
init_obs: [ 0.18125937,  0.26407186, -0.25127576,  0.22123854]
