Kp1: -3.0941265530507422
Ki1: -0.010609251886875564
Kd1: -0.14766144987966293
Kp2: 0.08502781491569264
Ki2: 0.05395246673730944
Kd2: 0.0
init_obs: [ 0.48602006,  0.34489067,  0.40036848, -0.01509424]
