Kp1: -3.0060262839318606
Ki1: -0.009939465262019408
Kd1: -0.15164509239631135
Kp2: 0.0866936933744861
Ki2: 0.052466516584237614
Kd2: 0.0
init_obs: [0.13069281, 0.10414765, 0.37860763, 0.11368904]
