Kp1: -3.1519596780070174
Ki1: -0.009139414294213916
Kd1: -0.1497426834764409
Kp2: 0.07658091986037857
Ki2: 0.05027480101011355
Kd2: 0.0
init_obs: [ 0.24791536, -0.09701647,  0.02724766, -0.0237821 ]
