Kp1: -2.944326347442984
Ki1: -0.0103110213315514
Kd1: -0.16186792157229835
Kp2: 0.07859436222866965
Ki2: 0.051585243524863246
Kd2: 0.0
init_obs: [ 0.0422238 , -0.39806752,  0.21795802, -0.41117588]
