Kp1: -3.298585984201228
Ki1: -0.010856772788504871
Kd1: -0.15980787314596961
Kp2: 0.07437236941833236
Ki2: 0.05365880888738302
Kd2: 0.0
init_obs: [-0.37091521, -0.26555476,  0.02624062,  0.44629481]
