Kp1: -3.055714124245934
Ki1: -0.009743497142303907
Kd1: -0.16056486752066848
Kp2: 0.08683672598582026
Ki2: 0.047346056176991363
Kd2: 0.0
init_obs: [-0.32613347, -0.39994884,  0.07619194,  0.26388181]
