Kp1: -2.9272649000816893
Ki1: -0.009874057744563618
Kd1: -0.14535601975632262
Kp2: 0.07768095683713065
Ki2: 0.050418705443716176
Kd2: 0.0
init_obs: [-0.14958279, -0.05084794,  0.19961255, -0.00260427]
