Kp1: -3.234690733032933
Ki1: -0.009144239644092696
Kd1: -0.15147139628622344
Kp2: 0.07373189080046508
Ki2: 0.05124015266845409
Kd2: 0.0
init_obs: [ 0.17777182, -0.20591659, -0.07423814,  0.00886256]
