Kp1: -3.117260059515959
Ki1: -0.009443957483636706
Kd1: -0.1559133386676881
Kp2: 0.08078962718729074
Ki2: 0.04927776237328779
Kd2: 0.0
init_obs: [-0.24939441, -0.42108361,  0.06841961,  0.38404905]
