Kp1: -3.044134900186266
Ki1: -0.01045891664210866
Kd1: -0.16185994632821685
Kp2: 0.08372005448011217
Ki2: 0.053564266096568974
Kd2: 0.0
init_obs: [-0.49734628, -0.49962932,  0.2756186 ,  0.25234194]
