Kp1: -3.2813247311205593
Ki1: -0.010735821209052985
Kd1: -0.14441706697720705
Kp2: 0.08507828982794002
Ki2: 0.04745459700664406
Kd2: 0.0
init_obs: [-0.31001171, -0.45302301, -0.34197372,  0.40207405]
