Kp1: -3.09712179079292
Ki1: -0.01078235918986358
Kd1: -0.16361663637621762
Kp2: 0.07443775235523283
Ki2: 0.04723403256252954
Kd2: 0.0
init_obs: [ 0.13701841,  0.47554268, -0.19261044, -0.11285514]
