Kp1: -2.978134201781809
Ki1: -0.010867131748662674
Kd1: -0.1573989391256621
Kp2: 0.08273312617171778
Ki2: 0.054324710247291734
Kd2: 0.0
init_obs: [-0.11894541,  0.17180654,  0.46683852,  0.43039366]
