Kp1: -2.956151267168619
Ki1: -0.009596535717972657
Kd1: -0.15999096087423728
Kp2: 0.08177629257323504
Ki2: 0.05493438417364958
Kd2: 0.0
init_obs: [-0.16105643,  0.14855364, -0.44395693, -0.46603446]
