Kp1: -2.917958618259605
Ki1: -0.009889970719713039
Kd1: -0.15360578076534206
Kp2: 0.08123882991799752
Ki2: 0.046547497586277964
Kd2: 0.0
init_obs: [-0.05367732, -0.1646752 ,  0.2852643 , -0.49581485]
