Kp1: -3.2389716070578416
Ki1: -0.010387430863885985
Kd1: -0.16298214545303263
Kp2: 0.0844993429903403
Ki2: 0.04545496332534061
Kd2: 0.0
init_obs: [ 0.45384369,  0.19163629, -0.15064508, -0.07916272]
