Kp1: -2.810708198767026
Ki1: -0.009463439776160652
Kd1: -0.13833133076752338
Kp2: 0.07839982150913423
Ki2: 0.04701509611206567
Kd2: 0.0
init_obs: [-0.44567043,  0.31014143, -0.12672786, -0.29592257]
