Kp1: -3.2249407662217227
Ki1: -0.00963500468374351
Kd1: -0.14861891107443
Kp2: 0.08038798414483905
Ki2: 0.04639118049251706
Kd2: 0.0
init_obs: [ 0.27707073, -0.39073728,  0.01166047,  0.17073704]
