Kp1: -3.067234076346757
Ki1: -0.010485232876073622
Kd1: -0.1360624350006744
Kp2: 0.07296522230006972
Ki2: 0.052169947441520904
Kd2: 0.0
init_obs: [ 0.18213696,  0.03577138, -0.45784049,  0.23545834]
