Kp1: -2.9585261016987396
Ki1: -0.009077650245907154
Kd1: -0.15471216991861378
Kp2: 0.07902185691037575
Ki2: 0.051650944801952405
Kd2: 0.0
init_obs: [-0.47298085, -0.1651704 ,  0.23350839,  0.2906903 ]
