Kp1: -2.8212023954008916
Ki1: -0.009006846844042153
Kd1: -0.14637263653817187
Kp2: 0.07455211291043608
Ki2: 0.05271159390930524
Kd2: 0.0
init_obs: [-0.07782535,  0.41477232, -0.3323902 , -0.41084242]
