Kp1: -3.115313846304246
Ki1: -0.010287662277499204
Kd1: -0.1610753848952153
Kp2: 0.07717228352786874
Ki2: 0.052600376561807397
Kd2: 0.0
init_obs: [0.24717479, 0.45371458, 0.48689623, 0.33455674]
