Kp1: -2.7870728193484977
Ki1: -0.01000262127378007
Kd1: -0.13944348147211905
Kp2: 0.0736352796548615
Ki2: 0.049941069417799605
Kd2: 0.0
init_obs: [-0.22115273, -0.31202008, -0.09730796, -0.24925552]
