Kp1: -3.0128543450936007
Ki1: -0.01005502936193952
Kd1: -0.15482630420768403
Kp2: 0.08186973869657799
Ki2: 0.04858513557091593
Kd2: 0.0
init_obs: [ 0.48900915,  0.3031659 , -0.38306579, -0.31505678]
