Kp1: -2.9668358562920205
Ki1: -0.010735527084557401
Kd1: -0.15867179145569574
Kp2: 0.07309636343160714
Ki2: 0.050886024564898526
Kd2: 0.0
init_obs: [-0.38121769,  0.44918528,  0.11768006,  0.22327092]
