Kp1: -3.004697827655689
Ki1: -0.01019268156294935
Kd1: -0.1358062976607529
Kp2: 0.07639375233323087
Ki2: 0.0513498501659777
Kd2: 0.0
init_obs: [-0.27824994, -0.05771711, -0.12447772, -0.13002134]
