Kp1: -2.988669286564569
Ki1: -0.010041276817491476
Kd1: -0.14967448524143506
Kp2: 0.0733686339344023
Ki2: 0.05054888170094834
Kd2: 0.0
init_obs: [ 0.45111253, -0.08392976, -0.42632229, -0.18548858]
