Kp1: -3.0178145385169297
Ki1: -0.009290742684606959
Kd1: -0.1542677540827809
Kp2: 0.07636092386405141
Ki2: 0.052028018121196076
Kd2: 0.0
init_obs: [-0.45409869,  0.33933273,  0.44397737,  0.14712075]
