Kp1: -2.7886353745771273
Ki1: -0.010757614183397466
Kd1: -0.13704759294862767
Kp2: 0.08445938208658917
Ki2: 0.047044872217390565
Kd2: 0.0
init_obs: [-0.23721119,  0.28564766,  0.45680143,  0.27219819]
