Kp1: -3.059715123589147
Ki1: -0.009304828221752732
Kd1: -0.15086980358886057
Kp2: 0.07925114911833639
Ki2: 0.052825708143635755
Kd2: 0.0
init_obs: [-0.07548458,  0.4126709 ,  0.18152139, -0.32203117]
