Kp1: -2.7637872378213517
Ki1: -0.010885097010560188
Kd1: -0.14778082747921154
Kp2: 0.07290114100627208
Ki2: 0.045515483631672043
Kd2: 0.0
init_obs: [ 0.47642361,  0.04434869,  0.48236307, -0.00332316]
