Kp1: -3.22459002754004
Ki1: -0.01089182498922672
Kd1: -0.1647010942693777
Kp2: 0.0852457853825017
Ki2: 0.05049782140016451
Kd2: 0.0
init_obs: [ 0.21373064, -0.31360019, -0.27502553, -0.21635627]
