Kp1: -3.192907341668273
Ki1: -0.009338740541069215
Kd1: -0.147541664285957
Kp2: 0.08160373295955207
Ki2: 0.05066942905449728
Kd2: 0.0
init_obs: [ 0.26021531,  0.15944425, -0.04893666, -0.29994582]
