Kp1: -3.239862656366638
Ki1: -0.00969050613972218
Kd1: -0.15290388403503805
Kp2: 0.08527050391345771
Ki2: 0.05400926442935339
Kd2: 0.0
init_obs: [ 0.33291349,  0.46733001, -0.23866367, -0.37075378]
