Kp1: -3.2646763929245237
Ki1: -0.009610094121779125
Kd1: -0.14184884526879096
Kp2: 0.08376611351942356
Ki2: 0.048627036085366206
Kd2: 0.0
init_obs: [0.47241144, 0.07159272, 0.19715207, 0.32344103]
