Kp1: -2.919325263079144
Ki1: -0.009735380902013938
Kd1: -0.1588771161322468
Kp2: 0.08498581940469375
Ki2: 0.052850673427434824
Kd2: 0.0
init_obs: [-0.23491812, -0.34242036, -0.29600632, -0.04801697]
