Kp1: -3.216046836103766
Ki1: -0.00930911767976392
Kd1: -0.1503395808287679
Kp2: 0.08526303133776401
Ki2: 0.05091875614296537
Kd2: 0.0
init_obs: [-0.07595249, -0.43076893,  0.14786657, -0.45466721]
