Kp1: -3.2068506771101495
Ki1: -0.0100593306573075
Kd1: -0.1496595230313535
Kp2: 0.08188021117763628
Ki2: 0.05394017885014277
Kd2: 0.0
init_obs: [ 0.06535433,  0.07342077,  0.0950149 , -0.46762479]
