Kp1: -2.8485119966659034
Ki1: -0.00975424408656353
Kd1: -0.13571139305962562
Kp2: 0.07881674439643607
Ki2: 0.05047086999726616
Kd2: 0.0
init_obs: [-0.12043265,  0.1736848 , -0.30979442,  0.18315983]
