Kp1: -2.8184493851489063
Ki1: -0.00913838564892437
Kd1: -0.14348837526191682
Kp2: 0.07385834642310257
Ki2: 0.04573952413037788
Kd2: 0.0
init_obs: [-0.1866244 , -0.48071238, -0.43836881,  0.33423146]
