Kp1: -3.0285591304380723
Ki1: -0.009801085929844428
Kd1: -0.16148418601016762
Kp2: 0.08290542476305308
Ki2: 0.0522700836870174
Kd2: 0.0
init_obs: [ 0.09501672,  0.28982149, -0.18668582,  0.41885707]
