Kp1: -3.2286521358777733
Ki1: -0.010436883513680507
Kd1: -0.15467091153341164
Kp2: 0.08498554847055591
Ki2: 0.04733463643382733
Kd2: 0.0
init_obs: [ 0.430266  , -0.16627829,  0.26681388, -0.00695301]
