Kp1: -2.91126920952335
Ki1: -0.009332408157565978
Kd1: -0.14622886619768508
Kp2: 0.08468008322957728
Ki2: 0.049360043553926605
Kd2: 0.0
init_obs: [-0.32071047, -0.41630044,  0.16123419, -0.2074149 ]
