Kp1: -2.98810843948692
Ki1: -0.010832615645108025
Kd1: -0.14605793384892798
Kp2: 0.0720622954354303
Ki2: 0.04762353059361634
Kd2: 0.0
init_obs: [0.09485771, 0.36889912, 0.29762842, 0.01915802]
