Kp1: -3.2404459250548063
Ki1: -0.009369328909541839
Kd1: -0.15999433386773532
Kp2: 0.07961766700002887
Ki2: 0.05258950324020271
Kd2: 0.0
init_obs: [ 0.08298328,  0.24928253, -0.40566469,  0.25944502]
