Kp1: -3.2459873460104953
Ki1: -0.009163293466351485
Kd1: -0.1507413500106734
Kp2: 0.0737489836789731
Ki2: 0.04602974671988083
Kd2: 0.0
init_obs: [-0.22296231,  0.35216001,  0.2013617 ,  0.08650309]
