Kp1: -2.906429710241806
Ki1: -0.010234328488541125
Kd1: -0.15488425832875682
Kp2: 0.08553266247718753
Ki2: 0.05017898104498506
Kd2: 0.0
init_obs: [-0.31413525,  0.46884289, -0.25641683, -0.23588601]
