Kp1: -2.7411414391579196
Ki1: -0.009237820695133006
Kd1: -0.15376798163988917
Kp2: 0.08570375008613183
Ki2: 0.05406502919797171
Kd2: 0.0
init_obs: [ 0.34459386,  0.33813204, -0.49945202,  0.16562094]
