Kp1: -2.7014068250982417
Ki1: -0.010369159505926375
Kd1: -0.15697418927448728
Kp2: 0.07503261960961641
Ki2: 0.05199695079363307
Kd2: 0.0
init_obs: [ 0.15137175, -0.40043289, -0.10628706, -0.17119053]
