Kp1: -3.0214641955834116
Ki1: -0.010546337813544412
Kd1: -0.14527901872129126
Kp2: 0.08026909989742338
Ki2: 0.04810268339479969
Kd2: 0.0
init_obs: [ 0.29288235,  0.42497758, -0.11695976,  0.13967392]
