Kp1: -3.2316751825657386
Ki1: -0.010637122179482091
Kd1: -0.13832811482466686
Kp2: 0.08278863689295211
Ki2: 0.049427910795474816
Kd2: 0.0
init_obs: [-0.43407904, -0.14429185,  0.35283953,  0.21841901]
