Kp1: -3.071540392973257
Ki1: -0.01098545966550151
Kd1: -0.1485377168175888
Kp2: 0.08500579468273842
Ki2: 0.05118917646042859
Kd2: 0.0
init_obs: [0.23665096, 0.19058887, 0.15087022, 0.28781908]
