Kp1: -3.1386198003926062
Ki1: -0.009449379992241942
Kd1: -0.14378316934669377
Kp2: 0.08192247119776921
Ki2: 0.04773495874727599
Kd2: 0.0
init_obs: [-0.20474834, -0.17027476,  0.02208955,  0.13056352]
