Kp1: -3.1052002468780384
Ki1: -0.010995598544832572
Kd1: -0.15242400008358287
Kp2: 0.07813139535398836
Ki2: 0.04639492981692345
Kd2: 0.0
init_obs: [ 0.413917  ,  0.03914299, -0.13798737,  0.16979925]
