Kp1: -3.2092374448451357
Ki1: -0.009288052094268499
Kd1: -0.150494157698462
Kp2: 0.07201843890870036
Ki2: 0.04963461287379708
Kd2: 0.0
init_obs: [-0.42886319,  0.35708759,  0.40562492,  0.32390583]
