Kp1: -3.0966638616659634
Ki1: -0.009237777109305314
Kd1: -0.1609560323194267
Kp2: 0.07774930116974012
Ki2: 0.054575394894224055
Kd2: 0.0
init_obs: [ 0.23682163, -0.24357994, -0.39635501, -0.0402954 ]
