Kp1: -2.9289366657519538
Ki1: -0.010825213120441579
Kd1: -0.1646727602918289
Kp2: 0.08167150592793389
Ki2: 0.04782804911198449
Kd2: 0.0
init_obs: [ 0.33311442, -0.18204295, -0.24752876,  0.4104205 ]
