Kp1: -2.9810999096894704
Ki1: -0.009256251284328844
Kd1: -0.15820724188035662
Kp2: 0.07398769439295635
Ki2: 0.04538456482293739
Kd2: 0.0
init_obs: [-0.29579974,  0.32873227,  0.01555873, -0.31985183]
