Kp1: -3.1510054597505737
Ki1: -0.010134262187751738
Kd1: -0.16071675463028953
Kp2: 0.0777364313781241
Ki2: 0.054899038208511
Kd2: 0.0
init_obs: [-0.43242583, -0.33268986,  0.09221404, -0.18016269]
