Kp1: -3.210450627305952
Ki1: -0.009809096442947486
Kd1: -0.15773217802543715
Kp2: 0.08685038327135931
Ki2: 0.05141248115663453
Kd2: 0.0
init_obs: [ 0.46221843, -0.28516427,  0.02745222,  0.47575618]
