Kp1: -2.813946089934149
Ki1: -0.010893936656321856
Kd1: -0.13742679015275652
Kp2: 0.08373676213677365
Ki2: 0.04567873352391514
Kd2: 0.0
init_obs: [-0.0606147 , -0.00870459,  0.32171977, -0.12185118]
