Kp1: -3.0875540373062407
Ki1: -0.009724191396819416
Kd1: -0.14573684689559044
Kp2: 0.08336983882860459
Ki2: 0.049653791854354916
Kd2: 0.0
init_obs: [ 0.17118466, -0.46602982, -0.33760598,  0.33058978]
