Kp1: -2.7533120457670353
Ki1: -0.009078429351333208
Kd1: -0.14996622331333978
Kp2: 0.0746962968768608
Ki2: 0.05435901728511096
Kd2: 0.0
init_obs: [-0.25780486,  0.26201862, -0.21305682, -0.00843297]
