Kp1: -3.1974917852714095
Ki1: -0.009361590499242442
Kd1: -0.16041747709027548
Kp2: 0.08614106576475171
Ki2: 0.054124885085433186
Kd2: 0.0
init_obs: [ 0.22794877,  0.19178589, -0.10882003, -0.09843382]
