Kp1: -2.8301557369710246
Ki1: -0.009918560524002565
Kd1: -0.1387793261911698
Kp2: 0.0748587093763318
Ki2: 0.05244431171250002
Kd2: 0.0
init_obs: [ 0.11187847,  0.04605134, -0.17919558,  0.04429713]
