Kp1: -3.0522985166786225
Ki1: -0.010641812661603568
Kd1: -0.15673295476988988
Kp2: 0.08104168593560704
Ki2: 0.04575224934995256
Kd2: 0.0
init_obs: [ 0.23744777, -0.47216515, -0.26960777, -0.19574901]
