Kp1: -2.81486874762731
Ki1: -0.010874837600942931
Kd1: -0.14285651250254242
Kp2: 0.08538533809414679
Ki2: 0.054057871450017995
Kd2: 0.0
init_obs: [-0.14335203, -0.49103568, -0.01384519, -0.06500427]
