Kp1: -2.9059959659227976
Ki1: -0.010493147607750272
Kd1: -0.16411448597960832
Kp2: 0.0769699866409831
Ki2: 0.04583576440224978
Kd2: 0.0
init_obs: [-0.3748548 , -0.37629154,  0.09467806, -0.05464178]
