Kp1: -2.95765392010015
Ki1: -0.009761856511150243
Kd1: -0.14054431509001689
Kp2: 0.08487887347844343
Ki2: 0.05275193098685749
Kd2: 0.0
init_obs: [ 0.49728639,  0.34309679, -0.18897687, -0.41136519]
