Kp1: -2.801919773135668
Ki1: -0.009711780069941982
Kd1: -0.14729799260304305
Kp2: 0.07623829241257778
Ki2: 0.05038354224927482
Kd2: 0.0
init_obs: [-0.24608316,  0.33431662,  0.02181135, -0.00439306]
