Kp1: -3.22285709782278
Ki1: -0.009027054187747642
Kd1: -0.15376433002464704
Kp2: 0.07989048476969172
Ki2: 0.049483204918816345
Kd2: 0.0
init_obs: [ 0.34064882, -0.40842174,  0.15379366, -0.31600405]
