Kp1: -3.2536705704251263
Ki1: -0.010561737330292061
Kd1: -0.14081777133285395
Kp2: 0.08387841701837719
Ki2: 0.05096897599860226
Kd2: 0.0
init_obs: [-0.469032  , -0.22156623, -0.46445987,  0.47179301]
