Kp1: -3.0294898872025606
Ki1: -0.009717480309102106
Kd1: -0.1521499124589369
Kp2: 0.08527486151529236
Ki2: 0.05063822958095093
Kd2: 0.0
init_obs: [-0.04481749,  0.20951848, -0.38963642, -0.20002509]
