Kp1: -3.1660786954688227
Ki1: -0.009640813691039281
Kd1: -0.1615668613176642
Kp2: 0.07293790817038015
Ki2: 0.04821317609956889
Kd2: 0.0
init_obs: [0.04604339, 0.03811655, 0.06469208, 0.33504654]
