Kp1: -3.2391152037880193
Ki1: -0.01042345057111331
Kd1: -0.14623608539166988
Kp2: 0.07562202457669408
Ki2: 0.05465664904532439
Kd2: 0.0
init_obs: [ 0.22249206, -0.46479544, -0.15396817, -0.04628969]
