Kp1: -2.9539054215794796
Ki1: -0.010057752357539756
Kd1: -0.1503145809910773
Kp2: 0.0859812037698989
Ki2: 0.04765013157227137
Kd2: 0.0
init_obs: [ 0.22858511,  0.24635306, -0.02784024,  0.42227546]
