Kp1: -2.716378693336707
Ki1: -0.009032278268903118
Kd1: -0.14775207528704504
Kp2: 0.08299274304610514
Ki2: 0.04628875452677367
Kd2: 0.0
init_obs: [-0.2073571 , -0.24655488, -0.44092675,  0.14529025]
