Kp1: -3.2998069737190745
Ki1: -0.010587980711407381
Kd1: -0.15657303473128534
Kp2: 0.08248165521276064
Ki2: 0.05407662689195434
Kd2: 0.0
init_obs: [ 0.15476845,  0.08468265,  0.30458438, -0.30997774]
