Kp1: -2.775819069335785
Ki1: -0.010397425622697576
Kd1: -0.1618416140353832
Kp2: 0.08417441057209808
Ki2: 0.048387904623212324
Kd2: 0.0
init_obs: [-0.25915612, -0.02248633,  0.2631286 ,  0.11030794]
