Kp1: -3.273446687474074
Ki1: -0.01008464983238956
Kd1: -0.15295126485026408
Kp2: 0.08386000583128282
Ki2: 0.05200895257161514
Kd2: 0.0
init_obs: [ 0.32773826,  0.17484507, -0.46733097, -0.06780558]
