Kp1: -2.780333006218973
Ki1: -0.009891407337441531
Kd1: -0.14730976589950126
Kp2: 0.07266971141348359
Ki2: 0.053895983658969575
Kd2: 0.0
init_obs: [-0.2285669 ,  0.22969983,  0.49643553, -0.46350346]
