Kp1: -3.0404025123439165
Ki1: -0.01089433141559079
Kd1: -0.1635697527292812
Kp2: 0.07663121789500998
Ki2: 0.04993267511702254
Kd2: 0.0
init_obs: [-0.14946934,  0.13549151,  0.38574552, -0.21381076]
