Kp1: -3.206650210853467
Ki1: -0.009735958201891213
Kd1: -0.15417293331473447
Kp2: 0.08789426944211363
Ki2: 0.04724385504138484
Kd2: 0.0
init_obs: [ 0.4573341 ,  0.11753425, -0.34601161,  0.45170574]
