Kp1: -3.1468992018331043
Ki1: -0.009880852267611526
Kd1: -0.14761175555340494
Kp2: 0.07944873423309053
Ki2: 0.051799706694289585
Kd2: 0.0
init_obs: [ 0.42735567,  0.26944561,  0.39654368, -0.10095751]
