Kp1: -3.252503700501447
Ki1: -0.009886045552379593
Kd1: -0.15766158872859504
Kp2: 0.08152192418336687
Ki2: 0.05317342430982902
Kd2: 0.0
init_obs: [ 0.28114001, -0.35464475,  0.14229022, -0.37987433]
