Kp1: -2.8677167539560533
Ki1: -0.009891931545984898
Kd1: -0.138954967872437
Kp2: 0.07307585497173595
Ki2: 0.046806049025064494
Kd2: 0.0
init_obs: [ 0.4621689 , -0.20481364,  0.11058795, -0.44078829]
