Kp1: -3.1562910195476386
Ki1: -0.010868098305859308
Kd1: -0.1616035280784426
Kp2: 0.07665826139661157
Ki2: 0.05189066011707776
Kd2: 0.0
init_obs: [-0.43506719,  0.20167032, -0.08835771, -0.02468126]
