Kp1: -3.274932818745702
Ki1: -0.01056525167795411
Kd1: -0.14447903829711045
Kp2: 0.07959610724038234
Ki2: 0.050445012924552696
Kd2: 0.0
init_obs: [-0.13681176,  0.28453685, -0.12644381, -0.19283944]
