Kp1: -2.808956418221915
Ki1: -0.010047580792128617
Kd1: -0.15937275213260307
Kp2: 0.07598852091062092
Ki2: 0.045943639866973446
Kd2: 0.0
init_obs: [0.35284103, 0.27279968, 0.20527061, 0.23550329]
