Kp1: -3.2882192081962467
Ki1: -0.009099401049123337
Kd1: -0.16446683321044084
Kp2: 0.08428230085366771
Ki2: 0.05425590961651277
Kd2: 0.0
init_obs: [-0.0657936 ,  0.43245527,  0.259057  , -0.25001807]
