Kp1: -2.9607100190207616
Ki1: -0.00936722720049393
Kd1: -0.14811345520970481
Kp2: 0.08540452726145063
Ki2: 0.05172892250557673
Kd2: 0.0
init_obs: [-0.1415801 , -0.33174732, -0.27421953, -0.03764998]
