Kp1: -3.0869534375081975
Ki1: -0.010894563406986945
Kd1: -0.1521501941912579
Kp2: 0.08096879566584556
Ki2: 0.05292655854738724
Kd2: 0.0
init_obs: [ 0.17428906, -0.19781568,  0.21684856, -0.46977054]
