Kp1: -3.2020261250524165
Ki1: -0.01011330118252028
Kd1: -0.14656435721630434
Kp2: 0.07510146190644779
Ki2: 0.045060212812784176
Kd2: 0.0
init_obs: [-0.42762924,  0.35287039,  0.06577424,  0.01771392]
