Kp1: -2.821374049409327
Ki1: -0.009979558140716757
Kd1: -0.1625502376825552
Kp2: 0.08486365412993106
Ki2: 0.049806187412762035
Kd2: 0.0
init_obs: [ 0.41603119,  0.30690378,  0.27976786, -0.0074377 ]
