Kp1: -3.116774097636262
Ki1: -0.009918102746958975
Kd1: -0.14892251622399266
Kp2: 0.08253382888292425
Ki2: 0.045757194769782364
Kd2: 0.0
init_obs: [-0.08379453,  0.14632525, -0.08409523, -0.21705002]
