Kp1: -3.2795063077770172
Ki1: -0.009770048524955147
Kd1: -0.142751207662743
Kp2: 0.08630270573342755
Ki2: 0.053941102581601945
Kd2: 0.0
init_obs: [ 0.17015814, -0.29359866, -0.33375226,  0.10779688]
