Kp1: -3.1257671734724184
Ki1: -0.010651641960153816
Kd1: -0.13643004042971132
Kp2: 0.08274585455398732
Ki2: 0.04827892683503802
Kd2: 0.0
init_obs: [ 0.26383956, -0.01834222,  0.40884991, -0.15932211]
