Kp1: -3.0762164880851826
Ki1: -0.00936452681722823
Kd1: -0.1369773787930462
Kp2: 0.07851424758069608
Ki2: 0.0475565288543459
Kd2: 0.0
init_obs: [ 0.37900834, -0.04115825,  0.42445792,  0.11514208]
