Kp1: -2.9796436249433116
Ki1: -0.009470649778056952
Kd1: -0.15592032219756094
Kp2: 0.07229434007788844
Ki2: 0.053735609931061995
Kd2: 0.0
init_obs: [ 0.14787077, -0.41807373,  0.38186642, -0.20852017]
