Kp1: -2.715509508762803
Ki1: -0.009379883532884842
Kd1: -0.15909899198892966
Kp2: 0.08112445605851579
Ki2: 0.05197499853381034
Kd2: 0.0
init_obs: [-0.10887525, -0.17223268,  0.42375571,  0.4991156 ]
