Kp1: -2.740598162001773
Ki1: -0.010689532737245442
Kd1: -0.1374927569190289
Kp2: 0.07873656758596083
Ki2: 0.05216923998314743
Kd2: 0.0
init_obs: [-0.34309316, -0.4820168 , -0.2840562 , -0.12899739]
