Kp1: -2.953325927776399
Ki1: -0.010844510246566318
Kd1: -0.15380479684817527
Kp2: 0.07604191200091076
Ki2: 0.053268756190087065
Kd2: 0.0
init_obs: [-0.09829014,  0.32079068,  0.4592786 , -0.19424394]
