Kp1: -3.040871668928618
Ki1: -0.010523495490622559
Kd1: -0.1392490824388399
Kp2: 0.08074857478502255
Ki2: 0.05174894273081335
Kd2: 0.0
init_obs: [-0.25727898,  0.23090945,  0.49480834,  0.48156105]
