Kp1: -2.8174521083883115
Ki1: -0.010531515035468255
Kd1: -0.16459914200551654
Kp2: 0.08407680690179534
Ki2: 0.04518930106304587
Kd2: 0.0
init_obs: [ 0.21523717,  0.42793398, -0.3750028 , -0.32152782]
