Kp1: -2.9866568890330436
Ki1: -0.009266165410689857
Kd1: -0.14401531082868949
Kp2: 0.0840894780249921
Ki2: 0.050965444209750244
Kd2: 0.0
init_obs: [ 0.33711752, -0.19433146, -0.13875344, -0.23563587]
