Kp1: -2.767747150055619
Ki1: -0.009992768203995597
Kd1: -0.16454059046454902
Kp2: 0.08742201739728918
Ki2: 0.05326220147154806
Kd2: 0.0
init_obs: [-0.40571523,  0.163398  , -0.0744177 ,  0.44686265]
