Kp1: -2.772117550324433
Ki1: -0.010925561039942607
Kd1: -0.13531045173345504
Kp2: 0.08654504776510756
Ki2: 0.04742003244471707
Kd2: 0.0
init_obs: [-0.46659581, -0.29690752, -0.19730678, -0.21949333]
