Kp1: -2.7512647460850004
Ki1: -0.009232027510963267
Kd1: -0.137870210351668
Kp2: 0.07725694168454077
Ki2: 0.046743203959245944
Kd2: 0.0
init_obs: [-0.44057513,  0.25943208, -0.13741898,  0.46771733]
