Kp1: -2.710356559182303
Ki1: -0.010240051138247854
Kd1: -0.15538927359770455
Kp2: 0.08079778528046186
Ki2: 0.045220627171024125
Kd2: 0.0
init_obs: [-0.14690366, -0.40779543,  0.24945873,  0.37289982]
