Kp1: -2.9021916107837997
Ki1: -0.010499242191265041
Kd1: -0.1448223670524561
Kp2: 0.08313848516238274
Ki2: 0.05044412586138163
Kd2: 0.0
init_obs: [ 0.31529723,  0.24448687, -0.38443687,  0.17915228]
