Kp1: -2.704298207110396
Ki1: -0.009390003343588782
Kd1: -0.1481803445457252
Kp2: 0.0735152497060986
Ki2: 0.048758430160753985
Kd2: 0.0
init_obs: [ 0.25815213,  0.00516296,  0.17974153, -0.40818475]
