Kp1: -3.116904449909731
Ki1: -0.00948135967027987
Kd1: -0.16047416349905794
Kp2: 0.08452122198940536
Ki2: 0.045941642900401876
Kd2: 0.0
init_obs: [0.26939487, 0.20566681, 0.45080343, 0.47129336]
