Kp1: -2.8237458099204575
Ki1: -0.01075875786953554
Kd1: -0.1576683801861934
Kp2: 0.0757170444578387
Ki2: 0.053601041252086826
Kd2: 0.0
init_obs: [ 0.48364956,  0.22174012, -0.47221744, -0.4331884 ]
