Kp1: -3.0960294032903386
Ki1: -0.00923383424325465
Kd1: -0.15840148840607501
Kp2: 0.0759148023886815
Ki2: 0.050637373213717564
Kd2: 0.0
init_obs: [-0.33484087, -0.49438758, -0.41290878,  0.36679927]
