Kp1: -2.767516960273825
Ki1: -0.010054815833444957
Kd1: -0.15732225763330573
Kp2: 0.076699246652184
Ki2: 0.05315560606304949
Kd2: 0.0
init_obs: [-0.12705619, -0.13224745, -0.12643078,  0.07571096]
