Kp1: -3.1236262530244536
Ki1: -0.009704378919922247
Kd1: -0.14067297744054164
Kp2: 0.0875755521169918
Ki2: 0.054078962503386556
Kd2: 0.0
init_obs: [-0.30923516, -0.48996313,  0.4636053 ,  0.16875539]
