Kp1: -3.2133031861412027
Ki1: -0.010688084373743236
Kd1: -0.1641118056037715
Kp2: 0.08372095554127242
Ki2: 0.04696629283598904
Kd2: 0.0
init_obs: [ 0.33693786,  0.37168681, -0.34526713,  0.21740961]
