Kp1: -3.139488556409843
Ki1: -0.009096024986675857
Kd1: -0.1511909607678578
Kp2: 0.07529776625795208
Ki2: 0.051658432147140644
Kd2: 0.0
init_obs: [ 0.14504376,  0.34350516, -0.02930443,  0.04890159]
