Kp1: -3.1195414845506866
Ki1: -0.009625683190530311
Kd1: -0.16161237527175995
Kp2: 0.07221367128459223
Ki2: 0.05319269698255852
Kd2: 0.0
init_obs: [ 0.31562339,  0.07613451, -0.10726709,  0.28678391]
