Kp1: -2.8113481003887406
Ki1: -0.009628564462613237
Kd1: -0.15195975755660843
Kp2: 0.0744062466334759
Ki2: 0.0452678140041837
Kd2: 0.0
init_obs: [-0.12646298,  0.41482295, -0.22161774,  0.21945749]
