Kp1: -3.0372736174526365
Ki1: -0.009540458580259197
Kd1: -0.15853087867004748
Kp2: 0.08179400363415575
Ki2: 0.04581974974723984
Kd2: 0.0
init_obs: [ 0.23437191, -0.39427579, -0.05363484, -0.09862574]
