Kp1: -2.909882174066223
Ki1: -0.00921114834638693
Kd1: -0.15220613118501855
Kp2: 0.0828509893165877
Ki2: 0.0511586157715416
Kd2: 0.0
init_obs: [-0.0163799 ,  0.2837091 ,  0.12367184, -0.18004293]
