Kp1: -3.1713367079496546
Ki1: -0.00962056278089466
Kd1: -0.15103838336633948
Kp2: 0.08689968266896893
Ki2: 0.04531588072472756
Kd2: 0.0
init_obs: [ 0.26154904, -0.4734721 ,  0.47012971,  0.23016175]
