Kp1: -2.7279308637056556
Ki1: -0.010571232167980322
Kd1: -0.14815146373890384
Kp2: 0.07612376706199707
Ki2: 0.05399180894172128
Kd2: 0.0
init_obs: [ 0.25450623,  0.21755804, -0.37427463,  0.39930182]
