Kp1: -2.7878933478254893
Ki1: -0.01046803116269779
Kd1: -0.1467577442258314
Kp2: 0.08543435919890874
Ki2: 0.0513722694132083
Kd2: 0.0
init_obs: [ 0.20058237,  0.39468759, -0.40641452,  0.40722487]
