Kp1: -2.9285846440096406
Ki1: -0.00909457312592971
Kd1: -0.1364569178116476
Kp2: 0.07265893352587882
Ki2: 0.052115288584752034
Kd2: 0.0
init_obs: [0.13685602, 0.23529222, 0.06049503, 0.3512391 ]
