Kp1: -3.2415604240543128
Ki1: -0.009376895168471051
Kd1: -0.154492038505879
Kp2: 0.07932918817388351
Ki2: 0.05420178297469783
Kd2: 0.0
init_obs: [-0.07963946,  0.09137828,  0.23774682, -0.22744655]
