Kp1: -2.8655051476208033
Ki1: -0.009380881789067269
Kd1: -0.1479565590574679
Kp2: 0.0871083665633335
Ki2: 0.052875719365800336
Kd2: 0.0
init_obs: [-0.39382899,  0.16427495,  0.03906361,  0.04640224]
