Kp1: -2.9404126796214958
Ki1: -0.009863487636093484
Kd1: -0.13752208190181603
Kp2: 0.07771804587746553
Ki2: 0.047111478183678106
Kd2: 0.0
init_obs: [ 0.15077144,  0.05410296,  0.0337961 , -0.40305976]
