Kp1: -3.172624552502932
Ki1: -0.009484117766599695
Kd1: -0.15443328783000168
Kp2: 0.08416235467251211
Ki2: 0.05186780623560921
Kd2: 0.0
init_obs: [ 0.36014442,  0.43184691,  0.05869292, -0.38558682]
