Kp1: -3.1629712168957127
Ki1: -0.010429096186707638
Kd1: -0.13539822296564186
Kp2: 0.0841817270034997
Ki2: 0.04700785577755551
Kd2: 0.0
init_obs: [-0.01752233,  0.06496031, -0.15991537, -0.423928  ]
