Kp1: -3.2131340547896388
Ki1: -0.009826641111508144
Kd1: -0.15548445154289817
Kp2: 0.086753926818118
Ki2: 0.048841117879649065
Kd2: 0.0
init_obs: [ 0.37990315,  0.30010308,  0.24254136, -0.26380536]
