Kp1: -3.27948462672515
Ki1: -0.010533304102974603
Kd1: -0.13507851104984667
Kp2: 0.07273095409607216
Ki2: 0.05027501940598581
Kd2: 0.0
init_obs: [-0.27140677,  0.39476632,  0.49851558,  0.43571232]
