Kp1: -3.087761236940929
Ki1: -0.009894491408721107
Kd1: -0.14522283236556852
Kp2: 0.08609637618077591
Ki2: 0.0519696921982008
Kd2: 0.0
init_obs: [-0.44711422, -0.07931385, -0.14257349,  0.49539914]
