Kp1: -2.799277843826613
Ki1: -0.009162485704384566
Kd1: -0.13585871122598656
Kp2: 0.08118572267499119
Ki2: 0.054353357990456756
Kd2: 0.0
init_obs: [ 0.23306629,  0.46038553,  0.38640891, -0.41831781]
