Kp1: -3.190691383986221
Ki1: -0.010928362001628554
Kd1: -0.13758187809678626
Kp2: 0.08782257959311959
Ki2: 0.05049648804778215
Kd2: 0.0
init_obs: [0.35587472, 0.3553641 , 0.10792835, 0.31601071]
