Kp1: -3.0954468147145158
Ki1: -0.009605449453746077
Kd1: -0.16388941497057155
Kp2: 0.07312791793616379
Ki2: 0.04745956454993661
Kd2: 0.0
init_obs: [ 0.19030564, -0.30358652,  0.15307551,  0.43661962]
