Kp1: -3.050442191946366
Ki1: -0.010727724859991428
Kd1: -0.1627258000092627
Kp2: 0.0874932034467172
Ki2: 0.05298956039125281
Kd2: 0.0
init_obs: [ 0.02610867, -0.05424548, -0.10380277,  0.48491699]
