Kp1: -3.079346413725352
Ki1: -0.009756286406680395
Kd1: -0.15281186473581307
Kp2: 0.07737157943279353
Ki2: 0.04973913774704537
Kd2: 0.0
init_obs: [ 0.21938325,  0.02939682,  0.01955172, -0.19189489]
