Kp1: -2.7787932624342284
Ki1: -0.009190544619960618
Kd1: -0.1496643270280217
Kp2: 0.07420061629129729
Ki2: 0.04526650278766742
Kd2: 0.0
init_obs: [ 0.12673278,  0.22810094, -0.48089466, -0.25882834]
