Kp1: -3.2347510495577474
Ki1: -0.009267525311764908
Kd1: -0.1478659589218655
Kp2: 0.07665452707097523
Ki2: 0.04505082777767777
Kd2: 0.0
init_obs: [-0.45692941, -0.42205026,  0.29770375, -0.29679855]
