Kp1: -2.883320310867976
Ki1: -0.009325680384742017
Kd1: -0.1626360539152769
Kp2: 0.08119499635393679
Ki2: 0.04791232414199807
Kd2: 0.0
init_obs: [-0.12912748, -0.01583893, -0.06437941,  0.22670186]
