Kp1: -3.1872982995377424
Ki1: -0.010322002345979894
Kd1: -0.14291371458107746
Kp2: 0.08201541274153698
Ki2: 0.04679506020589999
Kd2: 0.0
init_obs: [-0.48739525, -0.12636809,  0.09892681, -0.32567486]
