Kp1: -3.097944620638131
Ki1: -0.009977565572203681
Kd1: -0.13696473578764332
Kp2: 0.0784042318165337
Ki2: 0.04987185062254587
Kd2: 0.0
init_obs: [ 0.46569559, -0.18735454,  0.40270163,  0.46335513]
