Kp1: -3.0753409964230016
Ki1: -0.009299399124889347
Kd1: -0.1451957316175824
Kp2: 0.08626628603623322
Ki2: 0.05442399196979554
Kd2: 0.0
init_obs: [-0.38881754,  0.18544097,  0.3476572 ,  0.03608983]
