Kp1: -2.7152900623807077
Ki1: -0.010898723467642198
Kd1: -0.14713515824048026
Kp2: 0.07850038607305805
Ki2: 0.05486147594250023
Kd2: 0.0
init_obs: [ 0.09022934,  0.26273919,  0.07206198, -0.22148334]
