Kp1: -2.7728160042002172
Ki1: -0.01064408957757965
Kd1: -0.16186499595551176
Kp2: 0.08173883018404596
Ki2: 0.04722231142809841
Kd2: 0.0
init_obs: [ 0.38719957, -0.18934828,  0.430973  , -0.31704648]
