Kp1: -2.8420157148919296
Ki1: -0.00903178754776451
Kd1: -0.13808598563047517
Kp2: 0.07539162765127275
Ki2: 0.04765321321634958
Kd2: 0.0
init_obs: [ 0.45015837, -0.38727614,  0.48763051, -0.41439745]
