Kp1: -3.2632537435314557
Ki1: -0.010316622533480188
Kd1: -0.15187556169917607
Kp2: 0.07927142857813925
Ki2: 0.04727394949024438
Kd2: 0.0
init_obs: [-0.45713343,  0.4296876 ,  0.15851667, -0.16860174]
