Kp1: -2.966931340238525
Ki1: -0.010545435351959514
Kd1: -0.1391656476676206
Kp2: 0.08321759805386922
Ki2: 0.054323426732858476
Kd2: 0.0
init_obs: [ 0.33592419,  0.20885668, -0.33399056,  0.0553503 ]
