Kp1: -3.116192091967297
Ki1: -0.00907814775472289
Kd1: -0.16257301789643164
Kp2: 0.08501415550345652
Ki2: 0.04915828478737486
Kd2: 0.0
init_obs: [ 0.43606601, -0.05744224, -0.28879408, -0.18522415]
