Kp1: -2.9158073889225653
Ki1: -0.010676784236652756
Kd1: -0.1594740310790393
Kp2: 0.07519844083205224
Ki2: 0.04696920276803896
Kd2: 0.0
init_obs: [-0.38259603,  0.42887735, -0.26620563, -0.46078599]
