Kp1: -3.1076081190678293
Ki1: -0.009174078934172691
Kd1: -0.15669050064507972
Kp2: 0.07859301326657107
Ki2: 0.046846443085872
Kd2: 0.0
init_obs: [ 0.02509204,  0.19133309, -0.18618264, -0.04319568]
