Kp1: -2.842371576789642
Ki1: -0.009105708591813996
Kd1: -0.15990806696392743
Kp2: 0.07736831439115067
Ki2: 0.04575431178237124
Kd2: 0.0
init_obs: [ 0.46004508,  0.34098922,  0.24129489, -0.14284034]
