Kp1: -3.2746396958231028
Ki1: -0.009157077153507156
Kd1: -0.16494946315974732
Kp2: 0.086908669717335
Ki2: 0.054128231748098776
Kd2: 0.0
init_obs: [ 0.02037523,  0.26882735, -0.16684581, -0.31590183]
