Kp1: -2.700457211664292
Ki1: -0.009549003534992103
Kd1: -0.14188389793099743
Kp2: 0.07873784871144711
Ki2: 0.05027269037601866
Kd2: 0.0
init_obs: [-0.35629386, -0.17694796, -0.06479628, -0.29160192]
