Kp1: -2.990727636122423
Ki1: -0.009479283387031816
Kd1: -0.13503682517275942
Kp2: 0.08126952940199
Ki2: 0.05471799264027556
Kd2: 0.0
init_obs: [ 0.28940372,  0.25742946, -0.26155608, -0.38938644]
