Kp1: -2.876841220680914
Ki1: -0.010487205721547968
Kd1: -0.16467168412084462
Kp2: 0.07888220307873123
Ki2: 0.050219145512861524
Kd2: 0.0
init_obs: [-0.30091602,  0.11068662, -0.46108363,  0.24104344]
