Kp1: -3.1502960137609746
Ki1: -0.009210374357216469
Kd1: -0.13524206928305826
Kp2: 0.08475314942111804
Ki2: 0.05473023945000084
Kd2: 0.0
init_obs: [-0.19799202, -0.41102049,  0.09099597,  0.06384852]
