Kp1: -2.902606027932045
Ki1: -0.009970449964462861
Kd1: -0.13718214925449668
Kp2: 0.08609545307250376
Ki2: 0.05381648386986544
Kd2: 0.0
init_obs: [-0.44923735,  0.29405   , -0.12114044,  0.03898705]
