Kp1: -2.837167817527588
Ki1: -0.009957017288442935
Kd1: -0.16271883137290968
Kp2: 0.07653534522355983
Ki2: 0.05053553331323697
Kd2: 0.0
init_obs: [-0.06268701, -0.22427312,  0.33923947,  0.01084169]
