Kp1: -3.2804430208588666
Ki1: -0.009548973841848376
Kd1: -0.14129890715943413
Kp2: 0.07601589062347519
Ki2: 0.048336663359103825
Kd2: 0.0
init_obs: [-0.48816543,  0.28349404,  0.05213639,  0.21246181]
