Kp1: -2.9949533077581973
Ki1: -0.009040657977605691
Kd1: -0.14726330002637797
Kp2: 0.07673633272314287
Ki2: 0.045468230038488225
Kd2: 0.0
init_obs: [0.44014885, 0.41839068, 0.43266887, 0.28477493]
