Kp1: -3.229316331727281
Ki1: -0.010703457980181368
Kd1: -0.14191879228504717
Kp2: 0.07664010348883887
Ki2: 0.05088522170114154
Kd2: 0.0
init_obs: [ 0.06410673, -0.07078845, -0.09133626,  0.22569976]
