Kp1: -2.992601894345377
Ki1: -0.010096313451016154
Kd1: -0.15772456761206607
Kp2: 0.08736560871979838
Ki2: 0.05469542878494889
Kd2: 0.0
init_obs: [-0.25076664, -0.31419878, -0.32496293,  0.06909381]
