Kp1: -2.970211312599434
Ki1: -0.010603599349166633
Kd1: -0.15181522306104364
Kp2: 0.08522813937258858
Ki2: 0.05452088504289191
Kd2: 0.0
init_obs: [ 0.33043199, -0.21604081, -0.30883409, -0.4135314 ]
