Kp1: -3.1210893809719984
Ki1: -0.01035020631499592
Kd1: -0.16293811301964686
Kp2: 0.07401148550086419
Ki2: 0.05157093913824608
Kd2: 0.0
init_obs: [-0.41059579,  0.16859865, -0.06687057, -0.46248467]
