Kp1: -2.758746116355141
Ki1: -0.009714349623455494
Kd1: -0.1592806962417256
Kp2: 0.07362461600987934
Ki2: 0.05499503648817516
Kd2: 0.0
init_obs: [ 0.22026663,  0.413821  , -0.48780326,  0.41885726]
