Kp1: -2.8272979646598495
Ki1: -0.009819783133281829
Kd1: -0.15400362803882528
Kp2: 0.08093891425774656
Ki2: 0.04972975594044521
Kd2: 0.0
init_obs: [ 0.48368904, -0.43159655,  0.09519632, -0.13667995]
