Kp1: -2.895580227022701
Ki1: -0.010021844728521525
Kd1: -0.13995057749349316
Kp2: 0.07830762999073992
Ki2: 0.04508980089582281
Kd2: 0.0
init_obs: [-0.19238005, -0.42947462,  0.41960013,  0.4819502 ]
