Kp1: -2.8816300808992374
Ki1: -0.009275417458170345
Kd1: -0.16055019282136973
Kp2: 0.0762161544559314
Ki2: 0.04578582535821296
Kd2: 0.0
init_obs: [-0.10552236, -0.45716009,  0.22316964,  0.45515022]
