Kp1: -3.125086728806865
Ki1: -0.009717217363487548
Kd1: -0.15334517072614648
Kp2: 0.07565590137474713
Ki2: 0.048608291742592374
Kd2: 0.0
init_obs: [ 0.48495297,  0.31522481,  0.34938943, -0.05205471]
