Kp1: -3.197313024038209
Ki1: -0.009853232149017626
Kd1: -0.16375816092979645
Kp2: 0.08668191117212029
Ki2: 0.04602431552592096
Kd2: 0.0
init_obs: [ 0.11287596, -0.1938455 ,  0.10072419,  0.20065026]
