Kp1: -3.1844914246899583
Ki1: -0.009185730065947832
Kd1: -0.14970582696801088
Kp2: 0.07721458217066379
Ki2: 0.05128178864855544
Kd2: 0.0
init_obs: [-0.43188264, -0.45992195,  0.39008291,  0.31984528]
