Kp1: -2.7394322368802015
Ki1: -0.010956706618775973
Kd1: -0.1385190683820894
Kp2: 0.08050234564268026
Ki2: 0.051405368364332196
Kd2: 0.0
init_obs: [-0.30019316, -0.13408982,  0.27809086,  0.30754937]
