Kp1: -3.0080288753463518
Ki1: -0.00902318986799889
Kd1: -0.14258275666416273
Kp2: 0.08553717094212025
Ki2: 0.05081549955053582
Kd2: 0.0
init_obs: [-0.10795057, -0.40880033, -0.23393472,  0.46971393]
