Kp1: -3.00271671744071
Ki1: -0.010048611913823856
Kd1: -0.1385753403712724
Kp2: 0.0732715012272688
Ki2: 0.05124322279049336
Kd2: 0.0
init_obs: [-0.09763516, -0.27898063,  0.04483108, -0.2756654 ]
