Kp1: -3.013130259846756
Ki1: -0.01013878496275671
Kd1: -0.14750923679507755
Kp2: 0.08592988298260462
Ki2: 0.04939662584383189
Kd2: 0.0
init_obs: [-0.34326907, -0.12125851,  0.416088  ,  0.06877729]
