Kp1: -3.2015069960958016
Ki1: -0.009073448336949208
Kd1: -0.1521534036996305
Kp2: 0.0782719257107976
Ki2: 0.045837813832012374
Kd2: 0.0
init_obs: [ 0.01496381,  0.33500946, -0.16092442, -0.20787216]
