Kp1: -3.0743479343831703
Ki1: -0.01046739720832736
Kd1: -0.13698505286290924
Kp2: 0.08249249614857326
Ki2: 0.04720527653305777
Kd2: 0.0
init_obs: [ 0.25803642, -0.2072393 ,  0.16307916, -0.25136732]
