Kp1: -2.830418573690803
Ki1: -0.01006367255863605
Kd1: -0.15432292296530045
Kp2: 0.08450988301402625
Ki2: 0.0450487827645212
Kd2: 0.0
init_obs: [-0.33283136,  0.05508081,  0.06603367,  0.26976025]
