Kp1: -2.9439530782220644
Ki1: -0.010284370952599027
Kd1: -0.15744082651491273
Kp2: 0.0837369601737956
Ki2: 0.053768933995435246
Kd2: 0.0
init_obs: [-0.20055186,  0.42702375, -0.38493434, -0.13033695]
