Kp1: -2.845679374965782
Ki1: -0.010218410675333838
Kd1: -0.16131660917585325
Kp2: 0.08318608774944379
Ki2: 0.04871686099309324
Kd2: 0.0
init_obs: [0.21708362, 0.2823498 , 0.07443231, 0.48382853]
