Kp1: -2.9790729281612753
Ki1: -0.010465339576746193
Kd1: -0.14973416944512843
Kp2: 0.08339729089853429
Ki2: 0.04705864263392732
Kd2: 0.0
init_obs: [-0.02785579, -0.09086637, -0.1336323 , -0.11451077]
