Kp1: -3.299158871179395
Ki1: -0.010670652048020333
Kd1: -0.13556476861001907
Kp2: 0.08154324970096763
Ki2: 0.05262769765990608
Kd2: 0.0
init_obs: [ 0.07636629,  0.25614055,  0.14953994, -0.38360213]
