Kp1: -2.854913003568518
Ki1: -0.00966015325171577
Kd1: -0.15915181080996343
Kp2: 0.08777395972148565
Ki2: 0.04739108475215048
Kd2: 0.0
init_obs: [-0.45216974,  0.12203558, -0.49959407,  0.21495776]
