Kp1: -2.8931758716991895
Ki1: -0.01064899853786762
Kd1: -0.1442370396329362
Kp2: 0.07839480458846981
Ki2: 0.05202803080803536
Kd2: 0.0
init_obs: [-0.29767121, -0.42093857, -0.24356893, -0.4832835 ]
