Kp1: -3.0016507501296115
Ki1: -0.009595681936103136
Kd1: -0.1554214591831201
Kp2: 0.0787160107783544
Ki2: 0.04878290960292383
Kd2: 0.0
init_obs: [ 0.10747007, -0.43038863, -0.04588692, -0.10289033]
