Kp1: -3.019923966160548
Ki1: -0.010540034599587102
Kd1: -0.13759236409836317
Kp2: 0.07624381416380253
Ki2: 0.04705633709835915
Kd2: 0.0
init_obs: [-0.22850215, -0.26318951, -0.01148159,  0.03546672]
