Kp1: -3.0403003897364633
Ki1: -0.009017988716753068
Kd1: -0.14398495986481424
Kp2: 0.07813994887983097
Ki2: 0.045106695974505166
Kd2: 0.0
init_obs: [-0.01771782, -0.0480055 ,  0.16583368,  0.37440862]
