Kp1: -2.9412933181705556
Ki1: -0.009513812824562786
Kd1: -0.14661029833605588
Kp2: 0.08435601973183522
Ki2: 0.050175428039069714
Kd2: 0.0
init_obs: [ 0.01394121, -0.15641632,  0.21585129,  0.40184516]
