Kp1: -2.80079519240107
Ki1: -0.010693970819211774
Kd1: -0.13509166670187991
Kp2: 0.07354505033154711
Ki2: 0.04918761168513565
Kd2: 0.0
init_obs: [ 0.164184  , -0.47166943,  0.41994106, -0.26851259]
