Kp1: -2.91162276258101
Ki1: -0.010569078714851875
Kd1: -0.14843972705803746
Kp2: 0.07992198538307395
Ki2: 0.04818622726096253
Kd2: 0.0
init_obs: [ 0.34408815, -0.10016808, -0.14873237,  0.39986474]
