Kp1: -3.1297420288557327
Ki1: -0.009731379505557696
Kd1: -0.15653329694962398
Kp2: 0.07399706482370182
Ki2: 0.053552816809351034
Kd2: 0.0
init_obs: [0.36255728, 0.48370548, 0.45620543, 0.31981046]
