Kp1: -2.9895850451918498
Ki1: -0.010637822128947236
Kd1: -0.1596590980342629
Kp2: 0.0736678314203809
Ki2: 0.05389699485459081
Kd2: 0.0
init_obs: [0.03078541, 0.45337243, 0.27074506, 0.46124904]
