Kp1: -3.1556106117848755
Ki1: -0.010871114528794251
Kd1: -0.14782737493098458
Kp2: 0.08555896082179705
Ki2: 0.045551571300226336
Kd2: 0.0
init_obs: [-0.04595487,  0.28823862,  0.11491604,  0.05697486]
