Kp1: -2.7243081872371584
Ki1: -0.010701505060675288
Kd1: -0.15392915265060317
Kp2: 0.0781201270480466
Ki2: 0.04824366358420112
Kd2: 0.0
init_obs: [-0.18899937,  0.10051432,  0.27839428,  0.47157783]
