Kp1: -2.898755059895661
Ki1: -0.00938777670486389
Kd1: -0.142457382958385
Kp2: 0.08158998863342264
Ki2: 0.052607621692153356
Kd2: 0.0
init_obs: [-0.23563019,  0.24743627, -0.03910062, -0.47915883]
