Kp1: -2.8121307220632197
Ki1: -0.010229133351012148
Kd1: -0.15708228695093168
Kp2: 0.07207316377650788
Ki2: 0.04818526681968581
Kd2: 0.0
init_obs: [-0.01932143, -0.37179512, -0.28967228, -0.00894404]
