Kp1: -2.95140414824286
Ki1: -0.009694155289332167
Kd1: -0.15940024187566723
Kp2: 0.0829685398618862
Ki2: 0.047476778076086995
Kd2: 0.0
init_obs: [ 0.07601737, -0.22778551, -0.47845264,  0.46851945]
