Kp1: -2.8829469527169858
Ki1: -0.009147404102584043
Kd1: -0.15631734623639018
Kp2: 0.07920381392660177
Ki2: 0.0470160091035965
Kd2: 0.0
init_obs: [ 0.19478545, -0.45091915, -0.2245625 ,  0.16048549]
