Kp1: -3.1106821300155763
Ki1: -0.009340753857662022
Kd1: -0.14739441835342185
Kp2: 0.08039479657509364
Ki2: 0.05186235728430741
Kd2: 0.0
init_obs: [ 0.4217247 ,  0.37258762, -0.2494895 ,  0.3608003 ]
