Kp1: -3.019111673427623
Ki1: -0.010180826953563286
Kd1: -0.1523764020676042
Kp2: 0.08369383011731898
Ki2: 0.04701863799560595
Kd2: 0.0
init_obs: [ 0.1852938 ,  0.09479521,  0.13999822, -0.31723402]
