Kp1: -3.061144449595641
Ki1: -0.01009645006732591
Kd1: -0.14791166266660133
Kp2: 0.0807492939222118
Ki2: 0.051094868119305914
Kd2: 0.0
init_obs: [-0.23048831, -0.07423283,  0.08779874,  0.07110796]
