Kp1: -2.8749929812051995
Ki1: -0.01005218091531646
Kd1: -0.13540069463673268
Kp2: 0.08789152099770385
Ki2: 0.05351511816088805
Kd2: 0.0
init_obs: [-0.25606898, -0.28204517, -0.12398625, -0.30076431]
