Kp1: -2.8852857152821323
Ki1: -0.009738000993580522
Kd1: -0.1457040270629212
Kp2: 0.07346779177780198
Ki2: 0.051182863160654325
Kd2: 0.0
init_obs: [-0.45037433, -0.21378117,  0.22047255,  0.23257213]
