Kp1: -2.793730781319863
Ki1: -0.009131256535507244
Kd1: -0.13896221721943663
Kp2: 0.07940094047449874
Ki2: 0.050028646431294954
Kd2: 0.0
init_obs: [ 0.31311986, -0.01783018, -0.13249888, -0.44624299]
