Kp1: -2.9392625299986372
Ki1: -0.010338647149977212
Kd1: -0.1392197622910609
Kp2: 0.08597323801258977
Ki2: 0.04925432944575544
Kd2: 0.0
init_obs: [-0.11882763, -0.4489134 ,  0.3511905 ,  0.08835056]
