Kp1: -3.290488796216265
Ki1: -0.010098242654023967
Kd1: -0.14554698632131063
Kp2: 0.08410181993329449
Ki2: 0.05291249387717455
Kd2: 0.0
init_obs: [-0.15414705,  0.45859332, -0.07117854,  0.19734395]
