Kp1: -2.7965955030907326
Ki1: -0.009114708724211886
Kd1: -0.15446229127966157
Kp2: 0.07611720204958226
Ki2: 0.05198091958031079
Kd2: 0.0
init_obs: [-0.46005111,  0.43761801, -0.35927192,  0.44604809]
