Kp1: -2.80441477528873
Ki1: -0.010969817124683472
Kd1: -0.15447912709850445
Kp2: 0.07390418805592588
Ki2: 0.04976597480874139
Kd2: 0.0
init_obs: [-0.07063455,  0.42668431,  0.16072425,  0.32129846]
