Kp1: -2.7620499516660346
Ki1: -0.009344091529232379
Kd1: -0.1501427459411194
Kp2: 0.0769130471289854
Ki2: 0.05176566520543664
Kd2: 0.0
init_obs: [ 0.25326769,  0.0700663 , -0.14344749, -0.36927173]
