Kp1: -2.7141846980795616
Ki1: -0.01096547927183254
Kd1: -0.1432123419634035
Kp2: 0.07707221097760619
Ki2: 0.04778925407078888
Kd2: 0.0
init_obs: [ 0.2260593 , -0.05143244, -0.29580241, -0.26923622]
