Kp1: -2.9214249844148474
Ki1: -0.00937697514999994
Kd1: -0.16048659854763395
Kp2: 0.076923232827773
Ki2: 0.05179396520407101
Kd2: 0.0
init_obs: [0.36729588, 0.24044034, 0.4526546 , 0.3968953 ]
