Kp1: -3.1791549387807336
Ki1: -0.009695061457195122
Kd1: -0.1383735449491935
Kp2: 0.07243756622922999
Ki2: 0.05118396405370056
Kd2: 0.0
init_obs: [-0.10005273,  0.14622368, -0.2317921 , -0.17128733]
