Kp1: -2.9662214837891674
Ki1: -0.009233310890197383
Kd1: -0.15894130814233226
Kp2: 0.07244807358265949
Ki2: 0.047231211475752544
Kd2: 0.0
init_obs: [-0.21551407, -0.18763782,  0.35444657, -0.31665311]
