Kp1: -2.8534100046916833
Ki1: -0.010485821434221845
Kd1: -0.15721962976041282
Kp2: 0.0757577264667051
Ki2: 0.046182875666388616
Kd2: 0.0
init_obs: [ 0.457075  ,  0.26567831,  0.48256582, -0.4033803 ]
