Kp1: -3.2581249318534606
Ki1: -0.009162498349668365
Kd1: -0.1542080972451241
Kp2: 0.0844770534460108
Ki2: 0.050783870798388454
Kd2: 0.0
init_obs: [ 0.09272292,  0.46680799, -0.02412497,  0.41302135]
