Kp1: -3.1684704367588816
Ki1: -0.010245598286610615
Kd1: -0.1522668646237952
Kp2: 0.08651871069253687
Ki2: 0.05070210532476493
Kd2: 0.0
init_obs: [-0.46559375,  0.45838063,  0.05986849, -0.33432889]
