Kp1: -2.724400887623997
Ki1: -0.010259904877865387
Kd1: -0.15309637204038448
Kp2: 0.08051155141106879
Ki2: 0.047170138817482686
Kd2: 0.0
init_obs: [ 0.44994166, -0.42044657,  0.11215137,  0.18318568]
