Kp1: -3.2267025880506077
Ki1: -0.009745513377444432
Kd1: -0.14839845193407236
Kp2: 0.07586720698587444
Ki2: 0.053599312806642964
Kd2: 0.0
init_obs: [-0.40417638,  0.12870747,  0.2636853 , -0.04372893]
