Kp1: -3.0716579588632995
Ki1: -0.010105488230608075
Kd1: -0.15129890155715947
Kp2: 0.08512170894729996
Ki2: 0.05285883522688736
Kd2: 0.0
init_obs: [ 0.19279713,  0.41866252, -0.34839509, -0.10326406]
