Kp1: -2.8511263376077562
Ki1: -0.010311634183568672
Kd1: -0.1442788553888225
Kp2: 0.08519553436564971
Ki2: 0.051683041660203856
Kd2: 0.0
init_obs: [ 0.37041481, -0.31896614, -0.26091055, -0.39486335]
