Kp1: -3.0429929842874883
Ki1: -0.009705006407947692
Kd1: -0.16107646411548748
Kp2: 0.08711480669650111
Ki2: 0.04503483111944766
Kd2: 0.0
init_obs: [ 0.48237491, -0.42024929, -0.13124013, -0.20822179]
