Kp1: -2.7501830931398747
Ki1: -0.009202741628790432
Kd1: -0.15846516788894208
Kp2: 0.07568099021880571
Ki2: 0.04797387595218843
Kd2: 0.0
init_obs: [ 0.11996955,  0.22693718,  0.00693512, -0.42576496]
