Kp1: -2.9558073618163356
Ki1: -0.010912986552659832
Kd1: -0.13836527709782542
Kp2: 0.0781693602411866
Ki2: 0.046981451693003135
Kd2: 0.0
init_obs: [ 0.02295714,  0.17150795, -0.43215038,  0.41827028]
