Kp1: -3.1608031217443697
Ki1: -0.00994434604162107
Kd1: -0.1604189472741923
Kp2: 0.08709960611422966
Ki2: 0.047989639052780225
Kd2: 0.0
init_obs: [0.02675341, 0.36714443, 0.3640091 , 0.13825516]
