Kp1: -2.8681370821203904
Ki1: -0.010664482468662107
Kd1: -0.1431679256473893
Kp2: 0.08421069137643226
Ki2: 0.053121797299404486
Kd2: 0.0
init_obs: [ 0.43702738,  0.2302801 , -0.38723813,  0.11102617]
