Kp1: -3.2084186902485032
Ki1: -0.009071771779870296
Kd1: -0.15599961421546704
Kp2: 0.07559830348929486
Ki2: 0.052597800994809485
Kd2: 0.0
init_obs: [0.24602882, 0.18156763, 0.21088377, 0.21180399]
