Kp1: -3.0519640018602754
Ki1: -0.010295606585435095
Kd1: -0.13650991894009545
Kp2: 0.07904072580970792
Ki2: 0.04810029058841814
Kd2: 0.0
init_obs: [-0.47826015,  0.37579082,  0.06491814, -0.03544256]
