Kp1: -2.7021976508523347
Ki1: -0.009111852416626237
Kd1: -0.13578125002596655
Kp2: 0.0833772928776928
Ki2: 0.051179683350415464
Kd2: 0.0
init_obs: [-0.24871631, -0.24998837,  0.40982961,  0.36346252]
