Kp1: -2.8465157765666222
Ki1: -0.01045649128205297
Kd1: -0.14315467474386698
Kp2: 0.0847258107622908
Ki2: 0.052975723227714634
Kd2: 0.0
init_obs: [ 0.15633804, -0.06869076, -0.31356558,  0.08190101]
