Kp1: -2.973758437872201
Ki1: -0.010834525704915485
Kd1: -0.14382923564703573
Kp2: 0.08559967223635169
Ki2: 0.053418166264309314
Kd2: 0.0
init_obs: [ 0.15773196, -0.11342941, -0.4001641 ,  0.06518696]
