Kp1: -3.2065917484619364
Ki1: -0.010621062846752164
Kd1: -0.15891471746248623
Kp2: 0.07653597038743443
Ki2: 0.04560279215253331
Kd2: 0.0
init_obs: [-0.49722376, -0.22413539, -0.13214387, -0.02961411]
