Kp1: -2.7018190745267496
Ki1: -0.010572562972497637
Kd1: -0.137160760861813
Kp2: 0.08212744582263991
Ki2: 0.05328892247156121
Kd2: 0.0
init_obs: [0.38497851, 0.47651774, 0.15885217, 0.04484696]
