Kp1: -2.714061535330227
Ki1: -0.01057296708025507
Kd1: -0.14847423564620696
Kp2: 0.07642130237124341
Ki2: 0.04713639569502526
Kd2: 0.0
init_obs: [0.44141662, 0.0236456 , 0.01818508, 0.25066329]
