Kp1: -2.8351766206349645
Ki1: -0.009050156114622397
Kd1: -0.16150849073598292
Kp2: 0.07502724452947425
Ki2: 0.04740749047903711
Kd2: 0.0
init_obs: [ 0.00379561, -0.06932678,  0.30900769,  0.42772793]
