Kp1: -2.700502903983411
Ki1: -0.010594056132918268
Kd1: -0.14130650044425755
Kp2: 0.07420983563596388
Ki2: 0.0532523393318226
Kd2: 0.0
init_obs: [-0.26518026,  0.35663257,  0.22507538,  0.12036289]
