Kp1: -3.0098523823665313
Ki1: -0.009297415259821121
Kd1: -0.14005798493369787
Kp2: 0.08268161258983668
Ki2: 0.04917674924361488
Kd2: 0.0
init_obs: [0.24327217, 0.4743854 , 0.12951948, 0.05025986]
