Kp1: -3.1976178672795648
Ki1: -0.009707022784948904
Kd1: -0.1369614199963262
Kp2: 0.07700676102451944
Ki2: 0.05308205729677484
Kd2: 0.0
init_obs: [-0.03670884,  0.41811804,  0.05415485, -0.48597481]
