Kp1: -3.243446475163953
Ki1: -0.009170652146184123
Kd1: -0.1532930441932526
Kp2: 0.07702287077663543
Ki2: 0.04808833977082157
Kd2: 0.0
init_obs: [ 0.48120698, -0.10541964, -0.00377352, -0.31767554]
