Kp1: -3.2690729880569647
Ki1: -0.010880907075356007
Kd1: -0.16151099177972777
Kp2: 0.07763068024259272
Ki2: 0.04877969045189023
Kd2: 0.0
init_obs: [0.17581803, 0.45051518, 0.36751318, 0.18726777]
