Kp1: -2.963744230906485
Ki1: -0.010381993353324237
Kd1: -0.15053238655415324
Kp2: 0.07588428080815253
Ki2: 0.04765323157936914
Kd2: 0.0
init_obs: [ 0.15866511,  0.49440311, -0.49134025,  0.06541455]
