Kp1: -3.0525986671636036
Ki1: -0.009022465404101619
Kd1: -0.13773282980812332
Kp2: 0.08678483043981768
Ki2: 0.05192059553836134
Kd2: 0.0
init_obs: [ 0.26181429, -0.11483248,  0.05868509, -0.17216964]
