Kp1: -2.8067026267644772
Ki1: -0.009542123052425978
Kd1: -0.153830473950395
Kp2: 0.0771171875936584
Ki2: 0.04897103211817051
Kd2: 0.0
init_obs: [ 0.2102069 ,  0.37800415,  0.43146777, -0.17549568]
