Kp1: -2.9528802504727825
Ki1: -0.010613876295913524
Kd1: -0.15020531457157882
Kp2: 0.08523674034989003
Ki2: 0.04946421212100705
Kd2: 0.0
init_obs: [-0.43116519, -0.06273574, -0.19767968,  0.21773968]
