Kp1: -3.080655848171955
Ki1: -0.010226913826937587
Kd1: -0.1403743794885997
Kp2: 0.08732168609090823
Ki2: 0.04757590620410251
Kd2: 0.0
init_obs: [ 0.1975145 ,  0.27327757, -0.34696882,  0.01871479]
