Kp1: -3.2986233321949303
Ki1: -0.009934890936302444
Kd1: -0.15724044216490937
Kp2: 0.07736944619206143
Ki2: 0.05445064774742814
Kd2: 0.0
init_obs: [-0.21361121,  0.12370299,  0.31464805,  0.06272833]
