Kp1: -2.9944596969552952
Ki1: -0.009986270866521022
Kd1: -0.1627040688490615
Kp2: 0.08134699092524024
Ki2: 0.045124307700011024
Kd2: 0.0
init_obs: [ 0.40432546,  0.23669701, -0.43795749, -0.3726145 ]
