Kp1: -2.8249570958852037
Ki1: -0.010803035892294342
Kd1: -0.14325572193906266
Kp2: 0.07613457888525496
Ki2: 0.04694919544929945
Kd2: 0.0
init_obs: [ 0.01154787,  0.47857513, -0.21244322, -0.08616071]
