Kp1: -3.1458086820857014
Ki1: -0.009883154509155603
Kd1: -0.15702445083957012
Kp2: 0.07951377350799374
Ki2: 0.054429145913183756
Kd2: 0.0
init_obs: [ 0.06799076,  0.44748761, -0.3045191 ,  0.27022311]
