Kp1: -3.0281480213870866
Ki1: -0.009102855007138802
Kd1: -0.13990157097557698
Kp2: 0.0743940330356844
Ki2: 0.04762286890379647
Kd2: 0.0
init_obs: [ 0.10294581, -0.33807411, -0.31775582, -0.29957475]
