Kp1: -3.0964034037989827
Ki1: -0.010257654268750334
Kd1: -0.14055553899662085
Kp2: 0.07592763279553003
Ki2: 0.05222108057749846
Kd2: 0.0
init_obs: [0.16059941, 0.31950607, 0.19003947, 0.0879089 ]
