Kp1: -2.8851250870969465
Ki1: -0.010008892516777704
Kd1: -0.15381293016083808
Kp2: 0.07985739807731801
Ki2: 0.0476703290618269
Kd2: 0.0
init_obs: [0.26267941, 0.4397875 , 0.44525942, 0.06552566]
