Kp1: -2.8107946832156716
Ki1: -0.00972456010981321
Kd1: -0.15455072810869414
Kp2: 0.0834544771293827
Ki2: 0.05498576468136164
Kd2: 0.0
init_obs: [0.01063336, 0.4263788 , 0.46386136, 0.2411049 ]
