Kp1: -3.174509796081414
Ki1: -0.010027827790786283
Kd1: -0.15199009137563946
Kp2: 0.07902493613599136
Ki2: 0.0452006119531794
Kd2: 0.0
init_obs: [-0.46678037,  0.48812851, -0.16113364,  0.43574462]
