Kp1: -3.105886131126269
Ki1: -0.00951714650614326
Kd1: -0.15914512819905083
Kp2: 0.07411833297586318
Ki2: 0.045338188114405556
Kd2: 0.0
init_obs: [-0.05718807,  0.24394659, -0.08347517, -0.21307183]
