Kp1: -3.16961283212083
Ki1: -0.009668484842271985
Kd1: -0.13705846717534456
Kp2: 0.07743052261417457
Ki2: 0.0513836199775544
Kd2: 0.0
init_obs: [ 0.45639939,  0.20903312, -0.43462672, -0.4060473 ]
