Kp1: -3.0788792432154457
Ki1: -0.010649416524179098
Kd1: -0.1408836198130998
Kp2: 0.07771051933179089
Ki2: 0.049654878072448845
Kd2: 0.0
init_obs: [-0.0829573 , -0.19838407,  0.33901874, -0.14074425]
