Kp1: -2.814846330150843
Ki1: -0.009223440894712762
Kd1: -0.14707508085905413
Kp2: 0.07679269024329088
Ki2: 0.04724646126856151
Kd2: 0.0
init_obs: [0.00759314, 0.04215714, 0.07766614, 0.10138477]
