Kp1: -2.813242221234166
Ki1: -0.010459853486669581
Kd1: -0.1634793728053859
Kp2: 0.07443293598320437
Ki2: 0.05064653892066813
Kd2: 0.0
init_obs: [ 0.01486034,  0.04137007, -0.20494289,  0.44054418]
