Kp1: -3.0861082215293463
Ki1: -0.010039185264774325
Kd1: -0.15795174628150463
Kp2: 0.08221900016257813
Ki2: 0.05009244942834859
Kd2: 0.0
init_obs: [ 0.490197  , -0.2535157 ,  0.42408301, -0.31379861]
