Kp1: -2.795139373698635
Ki1: -0.010316349426979432
Kd1: -0.1466432291998678
Kp2: 0.08654030442125159
Ki2: 0.05310557643366735
Kd2: 0.0
init_obs: [0.06964006, 0.0391967 , 0.17851376, 0.48422343]
