Kp1: -2.967973690366552
Ki1: -0.010575767343360567
Kd1: -0.13755530918643255
Kp2: 0.0827462179798745
Ki2: 0.05216242163488697
Kd2: 0.0
init_obs: [-0.3661878 , -0.36608664, -0.11350307,  0.12843543]
