Kp1: -3.0722269397771265
Ki1: -0.009728118186933022
Kd1: -0.15043246733543744
Kp2: 0.08576751575828823
Ki2: 0.053349287545433645
Kd2: 0.0
init_obs: [ 0.00342371, -0.06386607, -0.37681998,  0.36581752]
