Kp1: -2.7697714988461293
Ki1: -0.009643082029109714
Kd1: -0.1373077292366782
Kp2: 0.08604332722962175
Ki2: 0.05230122628428278
Kd2: 0.0
init_obs: [ 0.29260953, -0.31701015, -0.06980802, -0.33550899]
