Kp1: -3.000763223778435
Ki1: -0.010190115313124578
Kd1: -0.15943054020377126
Kp2: 0.07307718531937266
Ki2: 0.047426324114329094
Kd2: 0.0
init_obs: [ 0.21751216,  0.46456372, -0.0279285 , -0.00383866]
