Kp1: -2.7538984415642513
Ki1: -0.010781464104649158
Kd1: -0.15640909918512122
Kp2: 0.08601128111284494
Ki2: 0.04504994097730432
Kd2: 0.0
init_obs: [-0.28441084,  0.41643382, -0.4022766 ,  0.29307153]
