Kp1: -2.8610196127822864
Ki1: -0.010238117282349775
Kd1: -0.1502620846960377
Kp2: 0.074970754757857
Ki2: 0.0453728913460694
Kd2: 0.0
init_obs: [-0.0905553 ,  0.11673689, -0.18222816,  0.20060511]
