Kp1: -3.1215014789013624
Ki1: -0.009333874445958054
Kd1: -0.15438778735224476
Kp2: 0.07258298257759864
Ki2: 0.05230007322853811
Kd2: 0.0
init_obs: [ 0.06708792, -0.468115  ,  0.22613013,  0.39221527]
