Kp1: -2.8555576330138495
Ki1: -0.00923883641857824
Kd1: -0.1411546938461352
Kp2: 0.08313024227041738
Ki2: 0.05275255917026254
Kd2: 0.0
init_obs: [-0.43090152,  0.00162471, -0.1536892 ,  0.41094515]
