Kp1: -2.9145328795547076
Ki1: -0.009817071870125756
Kd1: -0.1503490506035533
Kp2: 0.08538255872844858
Ki2: 0.0459880268314401
Kd2: 0.0
init_obs: [ 0.21050696, -0.08373598, -0.04529119, -0.41461799]
