Kp1: -3.105096645180071
Ki1: -0.009325362271278627
Kd1: -0.15975566182306078
Kp2: 0.08209450985785292
Ki2: 0.05044941929845727
Kd2: 0.0
init_obs: [-0.3684399 , -0.22654467,  0.4686106 ,  0.18828446]
