Kp1: -2.8670604152526336
Ki1: -0.009051043337844608
Kd1: -0.16186456141413286
Kp2: 0.08772803079185344
Ki2: 0.04797201081647233
Kd2: 0.0
init_obs: [ 0.07579132,  0.29872855,  0.08397654, -0.19287381]
