Kp1: -3.2683981795463946
Ki1: -0.009267436872939164
Kd1: -0.1410071248023533
Kp2: 0.08422619938860595
Ki2: 0.0462619986650776
Kd2: 0.0
init_obs: [-0.16906419, -0.1876175 , -0.37744523, -0.426192  ]
