Kp1: -2.8666061890944183
Ki1: -0.009509098723550342
Kd1: -0.1389975220772717
Kp2: 0.07753097055339817
Ki2: 0.05214566238985102
Kd2: 0.0
init_obs: [-0.36425296,  0.28574867,  0.29779058,  0.06928449]
