Kp1: -2.774739012588742
Ki1: -0.00998181068485377
Kd1: -0.15501440950916542
Kp2: 0.08356024763325227
Ki2: 0.04923358106449859
Kd2: 0.0
init_obs: [-0.28903548,  0.22789079,  0.22888739,  0.29822244]
