Kp1: -3.1735885099871552
Ki1: -0.010212997594705005
Kd1: -0.16395224595172875
Kp2: 0.0809401688238059
Ki2: 0.047570084966060515
Kd2: 0.0
init_obs: [ 0.17654435,  0.25135025, -0.2957278 ,  0.46165227]
