Kp1: -2.8042783012408226
Ki1: -0.010196261492622032
Kd1: -0.15371446555069787
Kp2: 0.08718199255849533
Ki2: 0.04566303593912309
Kd2: 0.0
init_obs: [-0.36211531,  0.07932355, -0.16677694,  0.17893974]
