Kp1: -3.1131866319380332
Ki1: -0.009191090036728924
Kd1: -0.15553131227368827
Kp2: 0.08221561295750578
Ki2: 0.047795535176197314
Kd2: 0.0
init_obs: [0.13123937, 0.39096376, 0.15884383, 0.47101734]
