Kp1: -3.2334033924613688
Ki1: -0.00900792776611763
Kd1: -0.14368319310697142
Kp2: 0.08434622005948283
Ki2: 0.05123483954747099
Kd2: 0.0
init_obs: [-0.16207325,  0.24372198, -0.49064194, -0.16798529]
