Kp1: -3.063557927469411
Ki1: -0.009329254712905438
Kd1: -0.14996401162904888
Kp2: 0.0810875280211703
Ki2: 0.04921836456140312
Kd2: 0.0
init_obs: [ 0.02041962,  0.26184384, -0.26241228, -0.24770619]
