Kp1: -3.287173420252479
Ki1: -0.009045110735740604
Kd1: -0.15356510029395173
Kp2: 0.07455981292172435
Ki2: 0.047759365717734814
Kd2: 0.0
init_obs: [-0.01583733,  0.25236747,  0.12389832,  0.0392313 ]
