Kp1: -3.1175224521845926
Ki1: -0.010310201965887774
Kd1: -0.1612625687140824
Kp2: 0.08305158560998933
Ki2: 0.05216915931678767
Kd2: 0.0
init_obs: [ 0.32818861,  0.17364895,  0.48504252, -0.29321068]
