Kp1: -3.0848500064247846
Ki1: -0.009442530656708461
Kd1: -0.13945345239599088
Kp2: 0.07989092827251038
Ki2: 0.05204175451745127
Kd2: 0.0
init_obs: [-0.22084095, -0.37146376, -0.40048378, -0.46301434]
