Kp1: -3.1656552940096394
Ki1: -0.010839534566094959
Kd1: -0.14600795126338223
Kp2: 0.08634661755454348
Ki2: 0.045183819974496636
Kd2: 0.0
init_obs: [ 0.4949868 ,  0.33598459, -0.40694115, -0.12150094]
