Kp1: -3.1085057196575883
Ki1: -0.009686462406842773
Kd1: -0.1473638506869361
Kp2: 0.08557173238781292
Ki2: 0.04961016088595963
Kd2: 0.0
init_obs: [ 0.16128126, -0.07297762, -0.46782746, -0.30066386]
