Kp1: -2.741334611410213
Ki1: -0.009057501423162657
Kd1: -0.14145715753491203
Kp2: 0.08444938682676024
Ki2: 0.05270237423256894
Kd2: 0.0
init_obs: [-0.39752894, -0.18526548,  0.06485608,  0.36310694]
