Kp1: -3.270990180029692
Ki1: -0.010346649999417963
Kd1: -0.14744864934805751
Kp2: 0.08570907344720059
Ki2: 0.05321865957077168
Kd2: 0.0
init_obs: [ 0.0584525 , -0.28847233, -0.22900088, -0.25800994]
