Kp1: -3.245765542756173
Ki1: -0.010982022911565971
Kd1: -0.15835982342812402
Kp2: 0.07232388418515365
Ki2: 0.052873751917174694
Kd2: 0.0
init_obs: [-0.37667033,  0.1631372 , -0.11389394,  0.03728556]
