Kp1: -2.72307601344651
Ki1: -0.010586630180672199
Kd1: -0.157863456820564
Kp2: 0.08049257427288689
Ki2: 0.047805727893968725
Kd2: 0.0
init_obs: [ 0.28943483, -0.34392991, -0.40539009, -0.27555601]
