Kp1: -3.1053202867528187
Ki1: -0.009985274277741405
Kd1: -0.13889374200847068
Kp2: 0.08280484875408815
Ki2: 0.04753452522872882
Kd2: 0.0
init_obs: [-0.49453213, -0.04648821, -0.12278855, -0.09516672]
