Kp1: -3.2833463362272526
Ki1: -0.010714506730667697
Kd1: -0.14459427785450124
Kp2: 0.08373278279979798
Ki2: 0.04894371735415726
Kd2: 0.0
init_obs: [ 0.33239019,  0.11350451,  0.46056712, -0.203563  ]
