Kp1: -3.2520950561191624
Ki1: -0.010182881247910789
Kd1: -0.15848948978165292
Kp2: 0.07649531086657041
Ki2: 0.05104465666328206
Kd2: 0.0
init_obs: [-0.39292568, -0.23076037, -0.43702026, -0.47191983]
