Kp1: -3.0917654026753487
Ki1: -0.010672523559375424
Kd1: -0.1529583909639548
Kp2: 0.0772960249637464
Ki2: 0.04890896684099949
Kd2: 0.0
init_obs: [-0.27119196, -0.12592524,  0.24730229, -0.23007111]
