Kp1: -2.7036776907660682
Ki1: -0.00933027341022873
Kd1: -0.16473776817644023
Kp2: 0.08718159569029213
Ki2: 0.04969433702318189
Kd2: 0.0
init_obs: [ 0.22199078, -0.30599575, -0.0485119 ,  0.37492096]
