Kp1: -2.722272129302686
Ki1: -0.009491722120740937
Kd1: -0.15150645714125904
Kp2: 0.07688556424560006
Ki2: 0.0480214795168591
Kd2: 0.0
init_obs: [ 0.28716473, -0.46324067, -0.15806636, -0.14681078]
