Kp1: -3.0947048546030844
Ki1: -0.010833453272256505
Kd1: -0.15611348818750304
Kp2: 0.07835798365670864
Ki2: 0.04778964601347301
Kd2: 0.0
init_obs: [-0.33220662,  0.36492937,  0.26540692, -0.20434411]
