Kp1: -2.8865505265475204
Ki1: -0.00916622035144894
Kd1: -0.14454407992176846
Kp2: 0.08751278064521881
Ki2: 0.05027682455997248
Kd2: 0.0
init_obs: [ 0.42362002,  0.49410073, -0.14180796,  0.01368516]
