Kp1: -3.249799592491245
Ki1: -0.010137412840867298
Kd1: -0.1417199920297372
Kp2: 0.07289987886529227
Ki2: 0.046321410640040556
Kd2: 0.0
init_obs: [-0.24694884,  0.17290079,  0.43362623, -0.20706741]
