Kp1: -3.1896803700186984
Ki1: -0.010307599609773527
Kd1: -0.1468465406939069
Kp2: 0.0857473538277348
Ki2: 0.050909195210897366
Kd2: 0.0
init_obs: [ 0.21335763, -0.02497336,  0.15318748,  0.19882376]
