Kp1: -3.033443199707711
Ki1: -0.010096796088391632
Kd1: -0.16346293308864218
Kp2: 0.07783719976814402
Ki2: 0.052029614097582014
Kd2: 0.0
init_obs: [-0.27132141,  0.3520422 , -0.44286425,  0.04538693]
