Kp1: -3.005977871480038
Ki1: -0.010271351652902883
Kd1: -0.1404535598241469
Kp2: 0.07776161754994126
Ki2: 0.04819753078823029
Kd2: 0.0
init_obs: [ 0.08651908, -0.42196836,  0.42782278, -0.29174505]
