Kp1: -2.7448332275347984
Ki1: -0.009647031575299236
Kd1: -0.15809803252408292
Kp2: 0.07402599533331163
Ki2: 0.05387864129208917
Kd2: 0.0
init_obs: [ 0.04657321, -0.02366213, -0.19120392, -0.10316813]
