Kp1: -2.724924620055317
Ki1: -0.010217800881068476
Kd1: -0.13685694392223904
Kp2: 0.08163680989716315
Ki2: 0.04728223149858839
Kd2: 0.0
init_obs: [ 0.03768719, -0.48162213, -0.07312828,  0.38751269]
