Kp1: -2.7945059637869245
Ki1: -0.009504991985175116
Kd1: -0.13575361043101325
Kp2: 0.08101594748969866
Ki2: 0.04891517575663845
Kd2: 0.0
init_obs: [-0.49427073,  0.2923515 ,  0.47300032, -0.10338546]
