Kp1: -3.176406628504908
Ki1: -0.01027187191889038
Kd1: -0.14071136936916093
Kp2: 0.08696659564068071
Ki2: 0.047814492229377115
Kd2: 0.0
init_obs: [ 0.12607878, -0.19205234, -0.2809387 , -0.26711114]
