Kp1: -2.9228329659500165
Ki1: -0.01024538711595328
Kd1: -0.1545945684675085
Kp2: 0.07547068633272437
Ki2: 0.05306969115626912
Kd2: 0.0
init_obs: [ 0.47824093,  0.06586488,  0.10317378, -0.41972349]
