Kp1: -3.165012885048265
Ki1: -0.009175325693351949
Kd1: -0.1385479693935096
Kp2: 0.08110295438766911
Ki2: 0.04871742653406617
Kd2: 0.0
init_obs: [-0.1136809 ,  0.35685055, -0.37491378,  0.07455099]
