Kp1: -3.0175051130152557
Ki1: -0.01082176547220476
Kd1: -0.14873166591317444
Kp2: 0.07609689154701797
Ki2: 0.05113156206278662
Kd2: 0.0
init_obs: [-0.0424589 ,  0.02152165,  0.41910668,  0.32368434]
