Kp1: -3.0050361661715232
Ki1: -0.009090347154454849
Kd1: -0.14837994157945697
Kp2: 0.07925902247537002
Ki2: 0.048812051858025826
Kd2: 0.0
init_obs: [ 0.11227909,  0.07244775, -0.21022497,  0.31156486]
