Kp1: -3.1665322223647756
Ki1: -0.009947214455143266
Kd1: -0.1400115290561504
Kp2: 0.08367100859066616
Ki2: 0.05255141976807415
Kd2: 0.0
init_obs: [-0.49311147,  0.36585913, -0.19664744,  0.0834727 ]
