Kp1: -2.831543662959465
Ki1: -0.01099073065693095
Kd1: -0.1637227940535675
Kp2: 0.08459435131224712
Ki2: 0.05131737541110849
Kd2: 0.0
init_obs: [ 0.41397109, -0.05757499,  0.16512662, -0.10977023]
