Kp1: -3.0906775565669458
Ki1: -0.010412070971623
Kd1: -0.15059174428923675
Kp2: 0.07674204810393874
Ki2: 0.05212205412951722
Kd2: 0.0
init_obs: [-0.47530032, -0.22842376,  0.35400266, -0.11120223]
