Kp1: -3.29482894746562
Ki1: -0.010102843631975458
Kd1: -0.16403597135897754
Kp2: 0.07563154292604596
Ki2: 0.050811126402054985
Kd2: 0.0
init_obs: [ 0.31721303, -0.37346321,  0.46385556, -0.13809651]
