Kp1: -2.8485387597451233
Ki1: -0.009350576124591335
Kd1: -0.15618067585306172
Kp2: 0.08248832050331777
Ki2: 0.052261588862229286
Kd2: 0.0
init_obs: [-0.49714923,  0.12563919,  0.21513099, -0.06460927]
