Kp1: -3.1946327649663107
Ki1: -0.009102660269314125
Kd1: -0.13813268658235944
Kp2: 0.08463624604017392
Ki2: 0.05407041670576884
Kd2: 0.0
init_obs: [-0.06695065,  0.03228421, -0.35109085,  0.4444938 ]
