Kp1: -3.047509756199177
Ki1: -0.009028073465565039
Kd1: -0.15051404528142445
Kp2: 0.07517965508497745
Ki2: 0.05006879142061713
Kd2: 0.0
init_obs: [-0.46136863,  0.32585254,  0.13861975,  0.36232366]
