Kp1: -2.717966837775596
Ki1: -0.009858306831146373
Kd1: -0.1453255160994085
Kp2: 0.07523197948304675
Ki2: 0.05429277706411356
Kd2: 0.0
init_obs: [-0.06936774, -0.27281385, -0.47093513,  0.05532934]
