Kp1: -3.2706847835489996
Ki1: -0.01031532460125824
Kd1: -0.1559982659639201
Kp2: 0.08117889648613227
Ki2: 0.05476344154847534
Kd2: 0.0
init_obs: [ 0.29201002,  0.10973923, -0.09992798, -0.00821782]
