Kp1: -2.922886317718686
Ki1: -0.010657112180134523
Kd1: -0.14215848655274987
Kp2: 0.07564092152461965
Ki2: 0.047478619871874
Kd2: 0.0
init_obs: [-0.38742953,  0.15120694, -0.02607973,  0.19164412]
