Kp1: -3.034353435054
Ki1: -0.0105385373274694
Kd1: -0.13813469992773553
Kp2: 0.08168944338112692
Ki2: 0.04562379712230102
Kd2: 0.0
init_obs: [-0.38972362, -0.00368248,  0.32145238, -0.11958449]
