Kp1: -2.9820163179194017
Ki1: -0.009526973229062942
Kd1: -0.14328928215089645
Kp2: 0.07513293368816083
Ki2: 0.04583098272877348
Kd2: 0.0
init_obs: [-0.12767552, -0.26240121,  0.29082089, -0.39850064]
