Kp1: -2.905203875893641
Ki1: -0.010885724983049325
Kd1: -0.16053817541531448
Kp2: 0.08688283710753453
Ki2: 0.053351944756476616
Kd2: 0.0
init_obs: [ 0.02802861, -0.43560717, -0.08916217, -0.15863428]
