Kp1: -3.0006886451730637
Ki1: -0.009580846756864922
Kd1: -0.15444969098176495
Kp2: 0.07779304433849225
Ki2: 0.0496902947422212
Kd2: 0.0
init_obs: [ 0.30175289,  0.32499357,  0.30588694, -0.19793292]
