Kp1: -3.166805683820182
Ki1: -0.009243185695873122
Kd1: -0.16327365435442226
Kp2: 0.07200745967753668
Ki2: 0.053753551095115565
Kd2: 0.0
init_obs: [ 0.16849921,  0.22065626, -0.03649909,  0.26140061]
