Kp1: -2.965528129102292
Ki1: -0.010796930421893369
Kd1: -0.1390442520199798
Kp2: 0.08397111012692719
Ki2: 0.048960516416156404
Kd2: 0.0
init_obs: [ 0.02314613,  0.07050423,  0.15739039, -0.09771193]
