Kp1: -2.8518964577686634
Ki1: -0.009836837420442498
Kd1: -0.15825376433212182
Kp2: 0.08517726820899504
Ki2: 0.047377514623676564
Kd2: 0.0
init_obs: [ 0.20404034,  0.33344146, -0.05847311, -0.09899046]
