Kp1: -2.8751765701605714
Ki1: -0.01035432388129252
Kd1: -0.15114248977909264
Kp2: 0.0848504744419527
Ki2: 0.0480436313258071
Kd2: 0.0
init_obs: [-0.39681945, -0.098302  ,  0.31014266,  0.41795182]
