Kp1: -2.952975126778083
Ki1: -0.009047975162109761
Kd1: -0.14993604794108745
Kp2: 0.08381569746099082
Ki2: 0.049481056797502296
Kd2: 0.0
init_obs: [-0.32889552,  0.11569419,  0.14593253,  0.18568784]
