Kp1: -2.757339111111917
Ki1: -0.009778474301882875
Kd1: -0.15422217782020012
Kp2: 0.08657775295244656
Ki2: 0.05375499912327978
Kd2: 0.0
init_obs: [0.37650924, 0.30398746, 0.40950249, 0.17619662]
