Kp1: -2.71862487913545
Ki1: -0.010544200242873242
Kd1: -0.13938013663522048
Kp2: 0.08285671272129133
Ki2: 0.05378005575930255
Kd2: 0.0
init_obs: [ 0.14951108, -0.17766486, -0.13258355, -0.07864365]
