Kp1: -3.097786226036763
Ki1: -0.009256255000992267
Kd1: -0.14454904245932745
Kp2: 0.08770771482874297
Ki2: 0.0495231764233249
Kd2: 0.0
init_obs: [ 0.04046066, -0.40531496,  0.10022088, -0.39539065]
