Kp1: -2.723866172113167
Ki1: -0.009329285046009524
Kd1: -0.16184306795012174
Kp2: 0.08005452506363941
Ki2: 0.047647960196460296
Kd2: 0.0
init_obs: [-0.43492469,  0.07422673,  0.40282811,  0.42680805]
