Kp1: -3.063729069804192
Ki1: -0.009747999529007803
Kd1: -0.15209744526274033
Kp2: 0.07358152921850794
Ki2: 0.0481657020474969
Kd2: 0.0
init_obs: [ 0.38541145, -0.33709144,  0.36523416, -0.4927284 ]
