Kp1: -3.2836638614546416
Ki1: -0.009801160017777852
Kd1: -0.15700929232375407
Kp2: 0.08216072883358384
Ki2: 0.048113567154124404
Kd2: 0.0
init_obs: [-0.17789285,  0.33564575,  0.14567946,  0.13411015]
