Kp1: -2.7814749048380802
Ki1: -0.009383485050315792
Kd1: -0.15407887317617638
Kp2: 0.08575131163513086
Ki2: 0.051244536065051596
Kd2: 0.0
init_obs: [-0.41298762,  0.49660818,  0.03964574, -0.22931475]
