Kp1: -3.2628317105713514
Ki1: -0.010349870971188507
Kd1: -0.1634003164168929
Kp2: 0.08421612859760835
Ki2: 0.049011294472282585
Kd2: 0.0
init_obs: [-0.0211456 ,  0.32821303,  0.28536898,  0.34079823]
