Kp1: -3.129946700026701
Ki1: -0.009576267770509458
Kd1: -0.1563895481037357
Kp2: 0.07323939210150471
Ki2: 0.052192687468062604
Kd2: 0.0
init_obs: [ 0.22647707,  0.19585844,  0.01057608, -0.02814878]
