Kp1: -3.193650400850803
Ki1: -0.009235760112877614
Kd1: -0.14082134181257358
Kp2: 0.08305421072385005
Ki2: 0.05209234011630525
Kd2: 0.0
init_obs: [-0.45703004, -0.37287451,  0.14210525,  0.26126397]
