Kp1: -2.703484492179803
Ki1: -0.010842913456761064
Kd1: -0.16400372038677458
Kp2: 0.07390368135366795
Ki2: 0.0467216547758114
Kd2: 0.0
init_obs: [-0.47141792,  0.07696126,  0.13953227, -0.26851022]
