Kp1: -3.2397664976725506
Ki1: -0.009915412827692142
Kd1: -0.1559409352677224
Kp2: 0.08761077157265028
Ki2: 0.04899192086650011
Kd2: 0.0
init_obs: [-0.31786836,  0.35137925,  0.44513283, -0.21206533]
