Kp1: -2.9657144631698427
Ki1: -0.010547118613978548
Kd1: -0.14253989681345372
Kp2: 0.07725738455964122
Ki2: 0.0491197658443088
Kd2: 0.0
init_obs: [-0.15078652, -0.33163972, -0.13467116,  0.13755598]
