Kp1: -3.2284627988693315
Ki1: -0.009776316773506542
Kd1: -0.14481500707366018
Kp2: 0.08509437578397432
Ki2: 0.05184271077689826
Kd2: 0.0
init_obs: [-0.28861982,  0.1345629 , -0.3000997 , -0.38704321]
