Kp1: -2.9212268822515037
Ki1: -0.010893761420735528
Kd1: -0.14723270298892635
Kp2: 0.07274945427427044
Ki2: 0.05159326007217085
Kd2: 0.0
init_obs: [-0.3738227 ,  0.02322248,  0.26279693,  0.49437678]
