Kp1: -3.1007146659232188
Ki1: -0.010792993771845822
Kd1: -0.145633582901635
Kp2: 0.0855379895367473
Ki2: 0.05154916449937903
Kd2: 0.0
init_obs: [-0.06866494, -0.0503131 ,  0.02254809, -0.47408175]
