Kp1: -2.8095936359408893
Ki1: -0.01027725710023517
Kd1: -0.14209753330793282
Kp2: 0.07893039347680363
Ki2: 0.052467348053620536
Kd2: 0.0
init_obs: [ 0.02090628, -0.06912566,  0.26899446, -0.35818663]
