Kp1: -2.720241433169612
Ki1: -0.00943983086040648
Kd1: -0.15665062121681306
Kp2: 0.07273562714886912
Ki2: 0.053426992661230646
Kd2: 0.0
init_obs: [ 0.13145249, -0.40556719,  0.32778103,  0.42242136]
