Kp1: -3.0147942008822106
Ki1: -0.01011523688264729
Kd1: -0.1534826209377705
Kp2: 0.07331412459281977
Ki2: 0.05080217691084426
Kd2: 0.0
init_obs: [0.05984446, 0.19158096, 0.0725676 , 0.10631595]
