Kp1: -3.1510714837180043
Ki1: -0.010052444062561764
Kd1: -0.13829988023198772
Kp2: 0.08664306563145101
Ki2: 0.05301613324448327
Kd2: 0.0
init_obs: [ 0.43686365, -0.16657551, -0.00405777,  0.13060882]
