Kp1: -2.7063540917734237
Ki1: -0.00903018729793375
Kd1: -0.14942480408298933
Kp2: 0.07447706559825912
Ki2: 0.046014307747981036
Kd2: 0.0
init_obs: [0.0820952 , 0.04804533, 0.0331027 , 0.21060956]
