Kp1: -2.7125459503174034
Ki1: -0.009855048978451459
Kd1: -0.14691782012344756
Kp2: 0.08484593799061141
Ki2: 0.047347653558043004
Kd2: 0.0
init_obs: [ 0.1317594 ,  0.02695177, -0.39359931,  0.30393503]
