Kp1: -2.9496715509070373
Ki1: -0.009236565728471516
Kd1: -0.15970275300351602
Kp2: 0.08176186848724365
Ki2: 0.04847733773466191
Kd2: 0.0
init_obs: [ 0.17247962,  0.10425409,  0.4564761 , -0.11507228]
