Kp1: -3.1885900366554285
Ki1: -0.01096419740311462
Kd1: -0.16326704039444717
Kp2: 0.07310975507862452
Ki2: 0.05317281638250167
Kd2: 0.0
init_obs: [-0.05718862,  0.22037327, -0.13236951, -0.3623567 ]
