Kp1: -3.130458768315301
Ki1: -0.010892291660149154
Kd1: -0.14563311938804532
Kp2: 0.07999662138616634
Ki2: 0.04892014719927463
Kd2: 0.0
init_obs: [ 0.16670606, -0.38224894,  0.00675169, -0.04447267]
