Kp1: -2.7599897176374695
Ki1: -0.009436237871248974
Kd1: -0.15929528557573386
Kp2: 0.07590540547398222
Ki2: 0.045339167297348965
Kd2: 0.0
init_obs: [-0.38282509, -0.47957228, -0.07046049, -0.36386913]
