Kp1: -2.99845271288501
Ki1: -0.010655469241888772
Kd1: -0.15672596048069
Kp2: 0.0780150935418003
Ki2: 0.05301001766776046
Kd2: 0.0
init_obs: [-0.36925654,  0.09999154, -0.01352442, -0.45462095]
