Kp1: -2.9487672163171834
Ki1: -0.010757902144625096
Kd1: -0.1605382079407936
Kp2: 0.07873122439702786
Ki2: 0.053210490863519304
Kd2: 0.0
init_obs: [ 0.27482615,  0.35870976,  0.36099282, -0.1727939 ]
