Kp1: -2.9447906236298893
Ki1: -0.010434886778578806
Kd1: -0.14322325806124495
Kp2: 0.08616486016063928
Ki2: 0.05370791160858194
Kd2: 0.0
init_obs: [-0.13430446,  0.04789951,  0.12310578,  0.05015358]
