Kp1: -3.153842784626758
Ki1: -0.009721329657357653
Kd1: -0.15120251128288595
Kp2: 0.0734735716404398
Ki2: 0.046186206680458045
Kd2: 0.0
init_obs: [0.2468867 , 0.25589815, 0.45534254, 0.0581082 ]
