Kp1: -3.1763064843325957
Ki1: -0.00902421953226021
Kd1: -0.16364470895238975
Kp2: 0.07360820531454103
Ki2: 0.05264654939770609
Kd2: 0.0
init_obs: [ 0.02671321, -0.36889721,  0.09566168,  0.24649165]
