Kp1: -3.1090477682377093
Ki1: -0.00958423914578542
Kd1: -0.1558080660547253
Kp2: 0.08487320868339504
Ki2: 0.049650192648500936
Kd2: 0.0
init_obs: [-0.11223245, -0.21056811,  0.43982154, -0.18796271]
