Kp1: -3.2793821392164997
Ki1: -0.009711974873102248
Kd1: -0.14061052063688742
Kp2: 0.07342024682941334
Ki2: 0.04946883122875293
Kd2: 0.0
init_obs: [ 0.16814479, -0.14840328, -0.41738394,  0.20273645]
