Kp1: -3.002678793699989
Ki1: -0.009492678687316703
Kd1: -0.14128383279665824
Kp2: 0.07475363780289207
Ki2: 0.04999741758987179
Kd2: 0.0
init_obs: [-0.25507982, -0.49249459,  0.0035485 ,  0.15070344]
