Kp1: -2.9226404332659373
Ki1: -0.010445087689990466
Kd1: -0.16179164703813198
Kp2: 0.08140621325869458
Ki2: 0.054837982698696636
Kd2: 0.0
init_obs: [ 0.08593277, -0.12140443,  0.02017991, -0.0080385 ]
