Kp1: -3.119264877175837
Ki1: -0.010185053592348068
Kd1: -0.15479628122659736
Kp2: 0.08422216658699913
Ki2: 0.05379611498483616
Kd2: 0.0
init_obs: [ 0.1261502 ,  0.12004664, -0.2377245 , -0.31888879]
