Kp1: -3.0537000215711227
Ki1: -0.010834979130108493
Kd1: -0.1549883258148321
Kp2: 0.07910805324706745
Ki2: 0.052515585286994085
Kd2: 0.0
init_obs: [-0.43990588,  0.16528611,  0.00230348, -0.34091575]
