Kp1: -2.856732682919195
Ki1: -0.010369592173763167
Kd1: -0.15679024405578687
Kp2: 0.07526249798764585
Ki2: 0.04592250610935619
Kd2: 0.0
init_obs: [-0.27522545, -0.007849  , -0.46838526,  0.03865359]
