Kp1: -2.910633347058977
Ki1: -0.010799116627117758
Kd1: -0.13603119898572702
Kp2: 0.07787301224181419
Ki2: 0.04992460951137484
Kd2: 0.0
init_obs: [-0.29355476,  0.25349873, -0.16735834,  0.07367942]
