Kp1: -2.9115111229950705
Ki1: -0.010523394582630605
Kd1: -0.15518148658878225
Kp2: 0.07478469395190675
Ki2: 0.05099334734957031
Kd2: 0.0
init_obs: [ 0.25061307, -0.26957474,  0.16758694, -0.07677515]
