Kp1: -2.883825563321593
Ki1: -0.009621906741304354
Kd1: -0.14398031359628938
Kp2: 0.07462046666584407
Ki2: 0.05014391900643697
Kd2: 0.0
init_obs: [ 0.26124881,  0.14996676,  0.11336533, -0.38510125]
