Kp1: -2.721906036046937
Ki1: -0.0103194701082816
Kd1: -0.14154446722544237
Kp2: 0.07287639718185494
Ki2: 0.0471334461531687
Kd2: 0.0
init_obs: [ 0.41139771, -0.37348811,  0.15704338, -0.3129755 ]
