Kp1: -3.0007417236151808
Ki1: -0.009629665750070564
Kd1: -0.13656141088179974
Kp2: 0.07910629813275454
Ki2: 0.05027391981592516
Kd2: 0.0
init_obs: [-0.06696183,  0.2297904 ,  0.46874434, -0.41236776]
