Kp1: -3.1072020558826523
Ki1: -0.010506847704389501
Kd1: -0.1541505672191659
Kp2: 0.08239317593258344
Ki2: 0.0529581294087406
Kd2: 0.0
init_obs: [-0.06230439,  0.37934013,  0.28840357,  0.09016119]
