Kp1: -3.009041962952132
Ki1: -0.0101585694855379
Kd1: -0.15688067737281647
Kp2: 0.07268147872709578
Ki2: 0.05463559660734485
Kd2: 0.0
init_obs: [-0.41818807,  0.31182614,  0.16839939,  0.07679562]
