Kp1: -2.950871961344088
Ki1: -0.009954346002588208
Kd1: -0.15175029786741084
Kp2: 0.08179000732442565
Ki2: 0.04582855975818458
Kd2: 0.0
init_obs: [-0.01971878,  0.01608129, -0.05528112, -0.44951688]
