Kp1: -2.840473158561663
Ki1: -0.009079507466192209
Kd1: -0.13563119864579484
Kp2: 0.08306217593638143
Ki2: 0.04649533620142444
Kd2: 0.0
init_obs: [-0.46340111, -0.41248792,  0.17906022,  0.14932334]
