Kp1: -2.760184657997648
Ki1: -0.00932467773021721
Kd1: -0.14368659697263483
Kp2: 0.07796695668233032
Ki2: 0.05435696047823596
Kd2: 0.0
init_obs: [-0.00916385, -0.05158794, -0.1964258 , -0.21020843]
