Kp1: -3.2401605846363726
Ki1: -0.009286792347405206
Kd1: -0.14910920314611262
Kp2: 0.07430087413013892
Ki2: 0.04861610931661575
Kd2: 0.0
init_obs: [ 0.32116684, -0.28520673,  0.48798518, -0.02663253]
