Kp1: -2.8005093756898827
Ki1: -0.009402828209653337
Kd1: -0.1434895747690637
Kp2: 0.08235931247059028
Ki2: 0.05087804098291922
Kd2: 0.0
init_obs: [ 0.02161639, -0.18553398, -0.0972436 , -0.20351025]
