Kp1: -3.2768267236317534
Ki1: -0.010186232700849306
Kd1: -0.16235422211141026
Kp2: 0.08783933801499469
Ki2: 0.04832234307764306
Kd2: 0.0
init_obs: [ 0.46995715,  0.33464306, -0.39027555, -0.08746356]
