Kp1: -3.1607346048733684
Ki1: -0.010644337041396968
Kd1: -0.15761568272483753
Kp2: 0.08618443239907872
Ki2: 0.048154930893688115
Kd2: 0.0
init_obs: [0.27993871, 0.08167971, 0.09382936, 0.21138114]
