Kp1: -2.818517241836032
Ki1: -0.009730806290547584
Kd1: -0.1465238601759998
Kp2: 0.07739771237974338
Ki2: 0.04598575262555127
Kd2: 0.0
init_obs: [-0.15531752, -0.49058317, -0.43951331,  0.34091248]
