Kp1: -3.2502391627864315
Ki1: -0.01098169900106386
Kd1: -0.14517115559031557
Kp2: 0.08162112543621884
Ki2: 0.0462063601054031
Kd2: 0.0
init_obs: [ 0.21649983, -0.49449127,  0.25385641, -0.07274252]
