Kp1: -3.2124458055155634
Ki1: -0.010278975295613826
Kd1: -0.14854884699219928
Kp2: 0.07648369221250324
Ki2: 0.04841907585925866
Kd2: 0.0
init_obs: [-0.49262468, -0.25706517,  0.26259448, -0.390125  ]
