Kp1: -3.1489702207261185
Ki1: -0.009454341242603167
Kd1: -0.14274080273585604
Kp2: 0.08274368855423644
Ki2: 0.05420345829885479
Kd2: 0.0
init_obs: [-0.23754438, -0.23509077, -0.19072068,  0.42055724]
