Kp1: -3.260003231644233
Ki1: -0.01044039520714008
Kd1: -0.14124907756147984
Kp2: 0.08161523682362182
Ki2: 0.04876470090231675
Kd2: 0.0
init_obs: [ 0.12789127,  0.38483654,  0.12743123, -0.20084778]
