Kp1: -3.2356354640777885
Ki1: -0.009592799194846256
Kd1: -0.15012792711704095
Kp2: 0.0720115532299323
Ki2: 0.05309569385950568
Kd2: 0.0
init_obs: [ 0.24144176,  0.09881904,  0.30511989, -0.27686031]
