Kp1: -3.011081562367977
Ki1: -0.0093660471969108
Kd1: -0.14239172264400124
Kp2: 0.08544538032934548
Ki2: 0.05308324575177192
Kd2: 0.0
init_obs: [-0.17550029,  0.00254891,  0.42301242, -0.40763312]
