Kp1: -3.0596063507400153
Ki1: -0.009657799551958486
Kd1: -0.14554338776113807
Kp2: 0.08214065710797655
Ki2: 0.05253847133134823
Kd2: 0.0
init_obs: [ 0.44351652, -0.23726339, -0.31872521,  0.36072505]
