Kp1: -2.852203088215415
Ki1: -0.01002789317741685
Kd1: -0.1361003061922516
Kp2: 0.08095582910522227
Ki2: 0.04654236466553984
Kd2: 0.0
init_obs: [-0.00483332,  0.26514238,  0.30881725,  0.04817246]
