Kp1: -2.8004895756098884
Ki1: -0.010291546573931545
Kd1: -0.1467272537344018
Kp2: 0.08699465939771449
Ki2: 0.053132466954198265
Kd2: 0.0
init_obs: [ 0.31208153, -0.4643251 , -0.42120362, -0.32680262]
