Kp1: -2.866936566903342
Ki1: -0.010106919218947182
Kd1: -0.14026280104147346
Kp2: 0.07769967425259072
Ki2: 0.047330157173747375
Kd2: 0.0
init_obs: [ 0.30287242,  0.04649405,  0.05764025, -0.47515963]
