Kp1: -2.9019855865689994
Ki1: -0.00936445988464212
Kd1: -0.14485386166868397
Kp2: 0.08125834617886675
Ki2: 0.04722602330848362
Kd2: 0.0
init_obs: [-0.12043281, -0.22066773,  0.27273612,  0.26342579]
