Kp1: -3.1559392099487864
Ki1: -0.009851939606275143
Kd1: -0.14528521506401523
Kp2: 0.08546043223293656
Ki2: 0.04788763562159886
Kd2: 0.0
init_obs: [ 0.33288744, -0.13869386, -0.27696576, -0.0109618 ]
