Kp1: -2.84069608912835
Ki1: -0.01018963974549069
Kd1: -0.1371097553230438
Kp2: 0.08514532972520981
Ki2: 0.0522001558310237
Kd2: 0.0
init_obs: [-0.00352896,  0.00257183,  0.26048237, -0.46890679]
