Kp1: -2.9187313479379946
Ki1: -0.010699545044274424
Kd1: -0.16405752490418218
Kp2: 0.07505990250173229
Ki2: 0.047234870184854186
Kd2: 0.0
init_obs: [-0.06466041, -0.07292089,  0.09399524,  0.13970823]
