Kp1: -2.846957656467627
Ki1: -0.01005219208504178
Kd1: -0.146361807106401
Kp2: 0.0741692133373585
Ki2: 0.04788237718533801
Kd2: 0.0
init_obs: [-0.29757262, -0.34047907, -0.0133295 , -0.34274063]
