Kp1: -2.9519079452740957
Ki1: -0.010278879178064353
Kd1: -0.15350040359035164
Kp2: 0.08679952243286757
Ki2: 0.04817295232472655
Kd2: 0.0
init_obs: [-0.02681217,  0.2129809 , -0.05879503,  0.27485676]
