Kp1: -2.770391164124154
Ki1: -0.00991592333760861
Kd1: -0.14905415324043955
Kp2: 0.08281406769204179
Ki2: 0.05163536780476016
Kd2: 0.0
init_obs: [-0.26948029,  0.32917418,  0.25757675, -0.32083419]
