Kp1: -3.058742092489309
Ki1: -0.010751739840181103
Kd1: -0.15573329749603324
Kp2: 0.08193694424678645
Ki2: 0.04690332271333353
Kd2: 0.0
init_obs: [-0.02271366,  0.4042313 ,  0.12045163, -0.48550688]
