Kp1: -2.904246957530263
Ki1: -0.009225143173411091
Kd1: -0.14777603692200897
Kp2: 0.08328326328175793
Ki2: 0.04653493851527686
Kd2: 0.0
init_obs: [ 0.03092369, -0.11854375, -0.04534006,  0.4183306 ]
