Kp1: -3.2447259842365948
Ki1: -0.009095627861620256
Kd1: -0.14863372805747926
Kp2: 0.08204996412622727
Ki2: 0.04938623793949748
Kd2: 0.0
init_obs: [-0.14506248,  0.36034389, -0.15872427,  0.412277  ]
