Kp1: -3.172019004363312
Ki1: -0.009689997842018426
Kd1: -0.15470528125301503
Kp2: 0.08578115271493683
Ki2: 0.04656675888952481
Kd2: 0.0
init_obs: [ 0.46261418, -0.21755735, -0.44394118, -0.25723537]
