Kp1: -2.726004346691533
Ki1: -0.009740103968123892
Kd1: -0.15305224545895077
Kp2: 0.07357862694263735
Ki2: 0.05051870663837215
Kd2: 0.0
init_obs: [-0.05727732,  0.10704837,  0.38225966, -0.34058969]
