Kp1: -3.061591017498329
Ki1: -0.009730888762173458
Kd1: -0.15204057022834655
Kp2: 0.08256721495429606
Ki2: 0.0526872678474692
Kd2: 0.0
init_obs: [ 0.47173367, -0.06687606,  0.25585259,  0.34575106]
