Kp1: -3.0587436591975155
Ki1: -0.009834929344414727
Kd1: -0.1380964585149404
Kp2: 0.08341759322480574
Ki2: 0.047671237054682056
Kd2: 0.0
init_obs: [-0.14125639, -0.33923065,  0.22524033,  0.29515284]
