Kp1: -2.8785539410321412
Ki1: -0.010023675349125672
Kd1: -0.15865826178171435
Kp2: 0.07881680646783633
Ki2: 0.04621394892229047
Kd2: 0.0
init_obs: [ 0.33433777,  0.35566451,  0.44493924, -0.22453767]
