Kp1: -2.9888500030618963
Ki1: -0.010946876401678064
Kd1: -0.15127720993471425
Kp2: 0.078172624492311
Ki2: 0.05449551356663457
Kd2: 0.0
init_obs: [ 0.1736809 , -0.13170553, -0.18385187,  0.06670912]
