Kp1: -3.1807135877884987
Ki1: -0.010594281190790538
Kd1: -0.1376402031920493
Kp2: 0.07261683789643102
Ki2: 0.051660148323355554
Kd2: 0.0
init_obs: [-0.0739543 , -0.38279195,  0.27721978,  0.07605995]
