Kp1: -3.0413970946678393
Ki1: -0.010270390526920416
Kd1: -0.1646916345904453
Kp2: 0.08744112605602096
Ki2: 0.046683300060281735
Kd2: 0.0
init_obs: [-0.1866681 , -0.29030303,  0.39775545,  0.34900116]
