Kp1: -3.197469272749597
Ki1: -0.009531149656444532
Kd1: -0.1538206643555508
Kp2: 0.08516211980058397
Ki2: 0.051553222909925624
Kd2: 0.0
init_obs: [ 0.37913802, -0.10007694,  0.23263575, -0.35615468]
