Kp1: -2.7728188084493097
Ki1: -0.010096453387870574
Kd1: -0.13809591801240317
Kp2: 0.08722348262535362
Ki2: 0.046425748238593086
Kd2: 0.0
init_obs: [ 2.70363771e-04,  2.82990020e-01,  2.48268956e-01, -4.18492834e-01]
