Kp1: -2.928435398061584
Ki1: -0.010586738021073506
Kd1: -0.14226504455020927
Kp2: 0.07796209425050674
Ki2: 0.04566956403757225
Kd2: 0.0
init_obs: [ 0.20966345, -0.44010294,  0.47360868, -0.14797518]
