Kp1: -3.17174340368007
Ki1: -0.010184977719104368
Kd1: -0.13719352886843075
Kp2: 0.07279191072560127
Ki2: 0.05364358244349421
Kd2: 0.0
init_obs: [ 0.28271283,  0.35903704, -0.16381285, -0.496692  ]
