Kp1: -3.2760497952889596
Ki1: -0.010270102248066727
Kd1: -0.14975494225843666
Kp2: 0.08788718011051977
Ki2: 0.054438893209238864
Kd2: 0.0
init_obs: [-0.18347671, -0.26887562, -0.22545469,  0.034121  ]
