Kp1: -2.9269339094898497
Ki1: -0.010614190080578829
Kd1: -0.16236145251448006
Kp2: 0.08417062700599719
Ki2: 0.048887575660801465
Kd2: 0.0
init_obs: [-0.11704997,  0.43275471,  0.16946639, -0.36981623]
