Kp1: -2.7040752606344163
Ki1: -0.00940117705177001
Kd1: -0.14328698497794357
Kp2: 0.07989211894027094
Ki2: 0.048963383389525064
Kd2: 0.0
init_obs: [0.27139066, 0.4205837 , 0.40159155, 0.03767717]
