Kp1: -2.8314435447069646
Ki1: -0.009703553464075827
Kd1: -0.15351509368806746
Kp2: 0.08475864340556193
Ki2: 0.05497901523973086
Kd2: 0.0
init_obs: [ 0.25112519,  0.36629511, -0.06477294, -0.21674422]
