Kp1: -3.0344816468717317
Ki1: -0.009910302576666773
Kd1: -0.15108398032686296
Kp2: 0.08000000480077424
Ki2: 0.04966217575509161
Kd2: 0.0
init_obs: [-0.44985471, -0.25265886, -0.28219804,  0.34808541]
