Kp1: -3.0063801833082238
Ki1: -0.010204899768419809
Kd1: -0.14707621283695846
Kp2: 0.08731602865072496
Ki2: 0.05181401067062903
Kd2: 0.0
init_obs: [ 0.46395274, -0.36349808,  0.26023835,  0.27728416]
