Kp1: -3.170272423855078
Ki1: -0.010429471734544697
Kd1: -0.15780153920885887
Kp2: 0.07531000959245708
Ki2: 0.05350682795881021
Kd2: 0.0
init_obs: [ 0.17017359,  0.07696648,  0.36445879, -0.16428917]
