Kp1: -2.865128472405697
Ki1: -0.010105340779878166
Kd1: -0.162253771216613
Kp2: 0.07333109228165356
Ki2: 0.0471625204487558
Kd2: 0.0
init_obs: [ 0.07271719, -0.04485409, -0.17852929, -0.26449044]
