Kp1: -3.0434792330354927
Ki1: -0.010481908290812046
Kd1: -0.1376337648580991
Kp2: 0.07468705053791075
Ki2: 0.04609487391676893
Kd2: 0.0
init_obs: [-0.21863426, -0.49902292, -0.31738234,  0.39439742]
