Kp1: -3.0131294825428836
Ki1: -0.0096849144715149
Kd1: -0.13580446796120393
Kp2: 0.08433802435616033
Ki2: 0.053833472782276806
Kd2: 0.0
init_obs: [ 0.35436008,  0.39056429, -0.21994866, -0.04246308]
