Kp1: -3.042171490878906
Ki1: -0.009496189887371482
Kd1: -0.1576700898874097
Kp2: 0.07456779780395416
Ki2: 0.04544009557423891
Kd2: 0.0
init_obs: [-0.34064337,  0.24922468,  0.42733251,  0.02404607]
