Kp1: -3.289477589641992
Ki1: -0.009449598347899784
Kd1: -0.1620045136788739
Kp2: 0.0856157419057676
Ki2: 0.04550769734040653
Kd2: 0.0
init_obs: [-0.05062158,  0.40006599, -0.35992194,  0.30907498]
