Kp1: -2.776043094033135
Ki1: -0.010097562430895369
Kd1: -0.14616124903390107
Kp2: 0.0771522657125508
Ki2: 0.05268141636182422
Kd2: 0.0
init_obs: [ 0.39923812,  0.42438735, -0.008746  ,  0.18093186]
