Kp1: -2.957938127054923
Ki1: -0.009800793937843359
Kd1: -0.1438923367864545
Kp2: 0.08440381020749964
Ki2: 0.05064106373424613
Kd2: 0.0
init_obs: [-0.40546387,  0.38410722,  0.33122079, -0.38644143]
