Kp1: -3.172512347983412
Ki1: -0.010206117275024755
Kd1: -0.14394219824542093
Kp2: 0.07989862492292445
Ki2: 0.05018855415978331
Kd2: 0.0
init_obs: [ 0.40560819, -0.21930333, -0.21940832, -0.48614129]
