Kp1: -3.161129410892789
Ki1: -0.00917969646316896
Kd1: -0.14594061865903682
Kp2: 0.07632837127407577
Ki2: 0.050308343316474304
Kd2: 0.0
init_obs: [-0.28681263,  0.41283168, -0.08466557, -0.37495541]
