Kp1: -3.057095066947982
Ki1: -0.010265861761305832
Kd1: -0.1555870632636564
Kp2: 0.07730951820777893
Ki2: 0.05110647940006231
Kd2: 0.0
init_obs: [-0.2770849 ,  0.31061716, -0.42652563,  0.35286637]
