Kp1: -3.203645966035918
Ki1: -0.010074432532465013
Kd1: -0.14510076126101024
Kp2: 0.08095626435146575
Ki2: 0.04939820057592442
Kd2: 0.0
init_obs: [ 0.07385283, -0.34986828, -0.49130611, -0.12507672]
