Kp1: -2.9023631745278227
Ki1: -0.00903402195032811
Kd1: -0.14348763848331197
Kp2: 0.0736610174994617
Ki2: 0.04797544541732125
Kd2: 0.0
init_obs: [ 0.35053397, -0.22182888,  0.32448054,  0.25366145]
