Kp1: -2.9733893671530214
Ki1: -0.010279191169602088
Kd1: -0.15511378543666743
Kp2: 0.08042848003862484
Ki2: 0.048770980191939234
Kd2: 0.0
init_obs: [ 0.45313559,  0.14017013, -0.46240442, -0.07236666]
