Kp1: -3.0639875194328576
Ki1: -0.009943058174983666
Kd1: -0.15715289408333633
Kp2: 0.07954264464591318
Ki2: 0.047615874158648624
Kd2: 0.0
init_obs: [ 0.24255098,  0.46648982, -0.07521646,  0.11371094]
