Kp1: -2.906732696190377
Ki1: -0.010673754799052694
Kd1: -0.13964200476570296
Kp2: 0.07206543546588848
Ki2: 0.05106928413558708
Kd2: 0.0
init_obs: [ 0.46721421, -0.4865583 , -0.38802852,  0.48574815]
