Kp1: -2.938780073655159
Ki1: -0.009260199337902964
Kd1: -0.1603818621998807
Kp2: 0.08077398325668324
Ki2: 0.05032049779200323
Kd2: 0.0
init_obs: [-0.08841519, -0.49700093, -0.29881657, -0.1076676 ]
