Kp1: -3.1003409124954464
Ki1: -0.009963919086913096
Kd1: -0.15716507364388427
Kp2: 0.08130558746943864
Ki2: 0.04724876504271629
Kd2: 0.0
init_obs: [-0.17289043,  0.43923957,  0.33614687, -0.04388034]
