Kp1: -3.2039031999401404
Ki1: -0.010514391002141577
Kd1: -0.15184974991987402
Kp2: 0.08721134536291274
Ki2: 0.047545849372289097
Kd2: 0.0
init_obs: [-0.46877791,  0.28269588, -0.42274756, -0.17367812]
