Kp1: -3.0479650332687016
Ki1: -0.010606078517528096
Kd1: -0.1499514035331949
Kp2: 0.07473829205434263
Ki2: 0.04526419904188985
Kd2: 0.0
init_obs: [ 0.32188496, -0.02722498,  0.16668754, -0.00590023]
