Kp1: -2.7391603866404806
Ki1: -0.009157587307572468
Kd1: -0.14316126362785145
Kp2: 0.07306044870523072
Ki2: 0.04887182042259548
Kd2: 0.0
init_obs: [ 0.20113326,  0.21638498, -0.06922709, -0.1668761 ]
