Kp1: -3.128663198061327
Ki1: -0.010684850008762785
Kd1: -0.15131252506074644
Kp2: 0.07489644179003058
Ki2: 0.04857503717940137
Kd2: 0.0
init_obs: [-0.14148461, -0.40038237, -0.20837388,  0.49998494]
