Kp1: -2.95445591487847
Ki1: -0.009309610361747055
Kd1: -0.14972831445990262
Kp2: 0.07212436690371447
Ki2: 0.05211799114201426
Kd2: 0.0
init_obs: [-0.0445106 , -0.01332189,  0.47458731,  0.05755167]
