Kp1: -2.940679280929211
Ki1: -0.010400229692176252
Kd1: -0.15619936570379497
Kp2: 0.0720403697390581
Ki2: 0.05219933279458782
Kd2: 0.0
init_obs: [ 0.094172  ,  0.0765099 , -0.34327092,  0.06897801]
