Kp1: -3.217418889695373
Ki1: -0.010984072738378483
Kd1: -0.14512781937402605
Kp2: 0.07352221418548695
Ki2: 0.04602360717930046
Kd2: 0.0
init_obs: [-0.41421107, -0.26269822,  0.44030006,  0.00836401]
