Kp1: -3.123031893599232
Ki1: -0.009647742438439258
Kd1: -0.15658809457168396
Kp2: 0.08088939267528987
Ki2: 0.05021879107925297
Kd2: 0.0
init_obs: [ 0.25969978,  0.24522875,  0.33057745, -0.1009838 ]
