Kp1: -2.890092962896421
Ki1: -0.01021304384381278
Kd1: -0.16028709829825719
Kp2: 0.07510351872337613
Ki2: 0.05074360226617957
Kd2: 0.0
init_obs: [-0.37840151, -0.41815068, -0.15864116,  0.2909522 ]
