Kp1: -2.7641705134422416
Ki1: -0.00907427479933449
Kd1: -0.15174604021052585
Kp2: 0.07546319711794384
Ki2: 0.05309296857355175
Kd2: 0.0
init_obs: [ 0.14540039,  0.0903517 ,  0.4020889 , -0.36956403]
