Kp1: -2.905540411024937
Ki1: -0.01003163430527335
Kd1: -0.16356477135655637
Kp2: 0.07512433546972166
Ki2: 0.0499594217849593
Kd2: 0.0
init_obs: [ 0.19671635,  0.08061797, -0.32707219, -0.32302858]
