Kp1: -2.8040958150817974
Ki1: -0.010201273273680669
Kd1: -0.13703892303908724
Kp2: 0.08620205749779702
Ki2: 0.053568085096347806
Kd2: 0.0
init_obs: [ 0.14001832,  0.1505113 , -0.03050607,  0.07611454]
