Kp1: -3.2713013235643906
Ki1: -0.010708835711920571
Kd1: -0.14069892608219767
Kp2: 0.07522863419896993
Ki2: 0.046856872157219134
Kd2: 0.0
init_obs: [ 0.41751083, -0.066131  , -0.0213183 , -0.45039883]
