Kp1: -3.084647053175879
Ki1: -0.010044665496731615
Kd1: -0.14222056001510808
Kp2: 0.0844248381623034
Ki2: 0.05312112951311683
Kd2: 0.0
init_obs: [-0.47686285,  0.14731559, -0.26461213, -0.10608959]
