Kp1: -2.782602021295883
Ki1: -0.009229481573409134
Kd1: -0.1599630070753241
Kp2: 0.08552345989038247
Ki2: 0.046158823944086595
Kd2: 0.0
init_obs: [-0.36939628,  0.42518827,  0.34432917,  0.0383324 ]
