Kp1: -3.1266220725695817
Ki1: -0.009560787977392283
Kd1: -0.1493611863597595
Kp2: 0.07772364995304816
Ki2: 0.04936776604966711
Kd2: 0.0
init_obs: [ 0.35726167,  0.23185168, -0.48895144, -0.04676304]
