Kp1: -2.708372207150654
Ki1: -0.010364385174982614
Kd1: -0.14014110246957232
Kp2: 0.07734822987811155
Ki2: 0.04524947573727764
Kd2: 0.0
init_obs: [ 0.29996075, -0.23958602,  0.27366613,  0.01764031]
