Kp1: -3.0349398016086764
Ki1: -0.00916066947998614
Kd1: -0.15083005174855726
Kp2: 0.08323540658005556
Ki2: 0.05494753085410789
Kd2: 0.0
init_obs: [-0.41597252, -0.02170512,  0.3058846 ,  0.35811817]
