Kp1: -2.8357010372209026
Ki1: -0.010123450116801887
Kd1: -0.1384818961445049
Kp2: 0.08424651885388887
Ki2: 0.052399450443865896
Kd2: 0.0
init_obs: [ 0.32576465,  0.04477136,  0.04260493, -0.43889896]
