Kp1: -3.2174184832695456
Ki1: -0.009165240823180768
Kd1: -0.14735349209677848
Kp2: 0.08386469925882746
Ki2: 0.04963760861820017
Kd2: 0.0
init_obs: [ 0.34420807, -0.38731501,  0.07719623, -0.15215812]
