Kp1: -3.227214813765179
Ki1: -0.009777883079212431
Kd1: -0.14907562357383303
Kp2: 0.08679979636643793
Ki2: 0.05242279931301953
Kd2: 0.0
init_obs: [-0.34590892,  0.47911918, -0.19550059, -0.05700267]
