Kp1: -2.8118818137021995
Ki1: -0.009317140490968193
Kd1: -0.1384383633664062
Kp2: 0.07966802660330241
Ki2: 0.04723322520709859
Kd2: 0.0
init_obs: [-0.24818259, -0.27047483, -0.13802919, -0.1676214 ]
