Kp1: -2.8687615077421094
Ki1: -0.01045775414633634
Kd1: -0.159092155075217
Kp2: 0.08111468251269471
Ki2: 0.05306430051689919
Kd2: 0.0
init_obs: [-0.46933987, -0.29758562,  0.37641381,  0.21966607]
