Kp1: -2.9605450226904377
Ki1: -0.009713491695225287
Kd1: -0.15414314442651145
Kp2: 0.07234465265709879
Ki2: 0.04715215139895651
Kd2: 0.0
init_obs: [-0.29822026,  0.4418295 ,  0.1760022 , -0.36402419]
