Kp1: -3.2580574973137013
Ki1: -0.009316087847360918
Kd1: -0.14989784790971097
Kp2: 0.08044038319365848
Ki2: 0.054142021346196126
Kd2: 0.0
init_obs: [ 0.26698582, -0.16895628,  0.02464549, -0.0944995 ]
