Kp1: -2.9916694128894576
Ki1: -0.009560453147375502
Kd1: -0.15963583876511603
Kp2: 0.0797332117803535
Ki2: 0.052824258622436206
Kd2: 0.0
init_obs: [ 0.07385597, -0.23007913, -0.26698559,  0.40548499]
