Kp1: -3.291264168429755
Ki1: -0.009807567165189598
Kd1: -0.16231130855780768
Kp2: 0.08654706633347228
Ki2: 0.05306499874209606
Kd2: 0.0
init_obs: [ 0.1525703 ,  0.08753188, -0.15042279, -0.35646289]
