Kp1: -2.9352796108215364
Ki1: -0.010556798638678516
Kd1: -0.15996018964263925
Kp2: 0.0810823128629173
Ki2: 0.045185949363049455
Kd2: 0.0
init_obs: [ 0.41355123, -0.38756857, -0.28240699,  0.16556406]
