Kp1: -3.1929369428952397
Ki1: -0.009825464676737498
Kd1: -0.15464444721695547
Kp2: 0.07478508339533403
Ki2: 0.05106559834065383
Kd2: 0.0
init_obs: [ 0.08742641, -0.31746969,  0.27570674,  0.39159457]
