Kp1: -3.130373638246364
Ki1: -0.00958459499865442
Kd1: -0.14121400384356875
Kp2: 0.07972475217168143
Ki2: 0.05083062178081538
Kd2: 0.0
init_obs: [ 0.05866503,  0.26623528, -0.16190744,  0.48013667]
