Kp1: -2.850307551154511
Ki1: -0.009287104434958771
Kd1: -0.13898583091457728
Kp2: 0.08394549603663327
Ki2: 0.04970065648072928
Kd2: 0.0
init_obs: [ 0.04324669, -0.07051521,  0.25790116, -0.43670532]
