Kp1: -3.026140699370297
Ki1: -0.010177214994249673
Kd1: -0.15915566938154707
Kp2: 0.08666939828894521
Ki2: 0.04731778253270769
Kd2: 0.0
init_obs: [-0.00634623,  0.15322818, -0.18484851, -0.03575563]
