Kp1: -2.990963953295645
Ki1: -0.010777706823764948
Kd1: -0.1512421078606287
Kp2: 0.08710095524667134
Ki2: 0.050344918523048635
Kd2: 0.0
init_obs: [0.02198188, 0.14539906, 0.27319564, 0.37617102]
