Kp1: -2.831719465266501
Ki1: -0.010890430740982861
Kd1: -0.1465415772022541
Kp2: 0.07705741527752494
Ki2: 0.04534764254624577
Kd2: 0.0
init_obs: [ 0.1684625 ,  0.07476662, -0.0120745 ,  0.26532317]
