Kp1: -2.748222632768319
Ki1: -0.010686783364626497
Kd1: -0.15430684737733688
Kp2: 0.08246618521841761
Ki2: 0.05275261477292949
Kd2: 0.0
init_obs: [ 0.15083557,  0.27113339, -0.41029124,  0.32313283]
