Kp1: -2.7022623032101225
Ki1: -0.00966651574552232
Kd1: -0.13711104986164338
Kp2: 0.08646746975975805
Ki2: 0.04973973807916987
Kd2: 0.0
init_obs: [-0.04929918, -0.25098312, -0.35461337,  0.20634713]
