Kp1: -3.229925019446474
Ki1: -0.009400297099378145
Kd1: -0.13724638859445712
Kp2: 0.08599190046995112
Ki2: 0.04960422627789453
Kd2: 0.0
init_obs: [-0.08617901, -0.26349667, -0.4577701 , -0.10776123]
