Kp1: -3.251485036399425
Ki1: -0.01033485810832968
Kd1: -0.14363512851223723
Kp2: 0.08727941183271005
Ki2: 0.04760430806373023
Kd2: 0.0
init_obs: [ 0.43608011,  0.01834735, -0.08396062,  0.34818485]
