Kp1: -2.938370354512405
Ki1: -0.01040965221415381
Kd1: -0.13587890235681385
Kp2: 0.07430036588889642
Ki2: 0.053620472046614104
Kd2: 0.0
init_obs: [-0.13267077, -0.45145922,  0.46446405, -0.07401995]
