Kp1: -2.918131915568639
Ki1: -0.010012156482274593
Kd1: -0.1487757264056755
Kp2: 0.08514682492072959
Ki2: 0.04931032599436232
Kd2: 0.0
init_obs: [-0.05688513, -0.2695708 ,  0.41944245,  0.02080157]
