Kp1: -3.0473353271861114
Ki1: -0.009257713442580995
Kd1: -0.15780938414260098
Kp2: 0.07544247444804725
Ki2: 0.05498325934088122
Kd2: 0.0
init_obs: [ 0.38698146, -0.01273861, -0.05972809,  0.27081858]
