Kp1: -2.887396620956829
Ki1: -0.00984700727854081
Kd1: -0.15813501241498523
Kp2: 0.07289951662259128
Ki2: 0.04770507027092029
Kd2: 0.0
init_obs: [-0.46287445, -0.2535138 , -0.14032453,  0.1795726 ]
