Kp1: -2.8508674097730955
Ki1: -0.010964622372463474
Kd1: -0.16094586616702114
Kp2: 0.07605645429518247
Ki2: 0.04671524182508123
Kd2: 0.0
init_obs: [ 0.00164444, -0.34683501,  0.09804741,  0.14303499]
