Kp1: -3.210484893662009
Ki1: -0.009507369038928742
Kd1: -0.13681288467489602
Kp2: 0.08354908077851557
Ki2: 0.050308936578704666
Kd2: 0.0
init_obs: [-0.06608933, -0.17586321,  0.47065029,  0.17242939]
