Kp1: -3.001802312474844
Ki1: -0.009367162543701306
Kd1: -0.15420132821606256
Kp2: 0.07800938429183546
Ki2: 0.05146002512667045
Kd2: 0.0
init_obs: [ 0.19424954, -0.16828519,  0.20715988, -0.28068316]
