Kp1: -3.0055484880420247
Ki1: -0.010071392585056928
Kd1: -0.14249071453455497
Kp2: 0.08369978928438916
Ki2: 0.04785358479281612
Kd2: 0.0
init_obs: [ 0.06488881,  0.32478525,  0.38156828, -0.08419788]
