Kp1: -2.9443517908549
Ki1: -0.009514214330860755
Kd1: -0.14671624237356878
Kp2: 0.07566419797608864
Ki2: 0.04952252602842109
Kd2: 0.0
init_obs: [ 0.12658147,  0.13779152, -0.00876423, -0.19077798]
