Kp1: -3.209965800357428
Ki1: -0.009497919014988577
Kd1: -0.14187164766353483
Kp2: 0.07719611166295941
Ki2: 0.054708703495450664
Kd2: 0.0
init_obs: [-0.02886168,  0.33109157,  0.26666437,  0.49048004]
