Kp1: -3.1025667536324777
Ki1: -0.00938367730368322
Kd1: -0.15514847738081547
Kp2: 0.07662633068238268
Ki2: 0.052597783144262146
Kd2: 0.0
init_obs: [ 0.34815459,  0.47258246, -0.16636177, -0.41774595]
