Kp1: -3.1352681029682006
Ki1: -0.010508858373661206
Kd1: -0.14162464091975527
Kp2: 0.08696224781994627
Ki2: 0.05088190559880628
Kd2: 0.0
init_obs: [ 0.22857839, -0.13171419,  0.36627563, -0.48661957]
