Kp1: -2.883405245112873
Ki1: -0.010627447409977288
Kd1: -0.1402383140988277
Kp2: 0.07387842083311194
Ki2: 0.05207913530813361
Kd2: 0.0
init_obs: [0.08202649, 0.03811335, 0.20060052, 0.07107838]
