Kp1: -3.2489902876875436
Ki1: -0.010502711287687864
Kd1: -0.16160382780148722
Kp2: 0.07494235227847279
Ki2: 0.05089179770068073
Kd2: 0.0
init_obs: [-0.17808711, -0.00678074, -0.349068  , -0.464942  ]
