Kp1: -2.873779773564429
Ki1: -0.009560344969245118
Kd1: -0.15751490164709225
Kp2: 0.0877106598043733
Ki2: 0.04903707876495326
Kd2: 0.0
init_obs: [0.10606681, 0.41300916, 0.27805833, 0.44234307]
