Kp1: -3.0765088268037717
Ki1: -0.009819311841681496
Kd1: -0.14581261594952633
Kp2: 0.08357457048362787
Ki2: 0.05398394383730574
Kd2: 0.0
init_obs: [ 0.10057841,  0.05013516, -0.11036075,  0.49365817]
