Kp1: -2.721106274740916
Ki1: -0.010123607134741254
Kd1: -0.16250436673968624
Kp2: 0.08476985767340788
Ki2: 0.0485959609061524
Kd2: 0.0
init_obs: [ 0.33310295, -0.25512092, -0.11691574,  0.14604911]
