Kp1: -2.865898689794143
Ki1: -0.00969581229734951
Kd1: -0.14666859423891732
Kp2: 0.082325250766951
Ki2: 0.052249499999683695
Kd2: 0.0
init_obs: [-0.30355718,  0.43564187, -0.24032122,  0.43729155]
