Kp1: -3.1479344301661483
Ki1: -0.010063820104744721
Kd1: -0.1355950186884745
Kp2: 0.08225204947065233
Ki2: 0.053608549867497815
Kd2: 0.0
init_obs: [ 0.04063084, -0.06151248, -0.18573147, -0.17372897]
