Kp1: -3.1647332824933256
Ki1: -0.00994062650231436
Kd1: -0.14256575640731448
Kp2: 0.08025330736624321
Ki2: 0.045093225725377016
Kd2: 0.0
init_obs: [ 0.37548098, -0.17452779, -0.01767395,  0.31882459]
