Kp1: -3.230765231741689
Ki1: -0.010257207393922328
Kd1: -0.14707530992272905
Kp2: 0.08560762274717963
Ki2: 0.04765056302006827
Kd2: 0.0
init_obs: [-0.08688645,  0.21789115,  0.17390194, -0.03572818]
