Kp1: -2.8074884038920263
Ki1: -0.010814143201878585
Kd1: -0.14038061241914188
Kp2: 0.08189200988555463
Ki2: 0.04504984685772978
Kd2: 0.0
init_obs: [-0.01228241, -0.18571804, -0.09501276, -0.23456166]
