Kp1: -3.0287679110735626
Ki1: -0.009274426948710876
Kd1: -0.14161303361913927
Kp2: 0.07501543341497084
Ki2: 0.05478432304469525
Kd2: 0.0
init_obs: [-0.17949273,  0.01449852,  0.2582317 ,  0.13963033]
