Kp1: -2.7620899138110584
Ki1: -0.010572415976909704
Kd1: -0.13529643415926665
Kp2: 0.07256205347871379
Ki2: 0.04505705905430526
Kd2: 0.0
init_obs: [-0.38478283,  0.27467854, -0.10767145,  0.45747964]
