Kp1: -2.913702351780702
Ki1: -0.009524604181038232
Kd1: -0.13903334385494107
Kp2: 0.0816891614455587
Ki2: 0.045939019497638414
Kd2: 0.0
init_obs: [ 0.26837033, -0.03176241, -0.40066376, -0.47934085]
