Kp1: -2.7928817080531045
Ki1: -0.010934807180776565
Kd1: -0.13945293378333315
Kp2: 0.07870684865825776
Ki2: 0.054538993251979175
Kd2: 0.0
init_obs: [ 0.27690181, -0.41214447, -0.278171  , -0.07220701]
