Kp1: -3.0500551643009404
Ki1: -0.009337236527332914
Kd1: -0.13986517024500575
Kp2: 0.07747927878249208
Ki2: 0.050117113813055114
Kd2: 0.0
init_obs: [-0.2856275 , -0.28512494,  0.03079316,  0.3083466 ]
