Kp1: -3.2550085726193343
Ki1: -0.009247905721666614
Kd1: -0.15599531110212506
Kp2: 0.07419404561227501
Ki2: 0.047557740437263116
Kd2: 0.0
init_obs: [-0.1963353 ,  0.14988726, -0.200748  ,  0.23725083]
