Kp1: -3.006355240581799
Ki1: -0.010564539788602114
Kd1: -0.15070136425617267
Kp2: 0.08165929662010467
Ki2: 0.05244928652709242
Kd2: 0.0
init_obs: [ 0.42590862,  0.25299099, -0.02902314,  0.28793299]
