Kp1: -3.085506880589005
Ki1: -0.01020659410387915
Kd1: -0.13510560600229696
Kp2: 0.08200946843718412
Ki2: 0.04967162279049517
Kd2: 0.0
init_obs: [ 0.41742895,  0.17989611, -0.34875396,  0.31946589]
