Kp1: -3.024903376463059
Ki1: -0.009891395311732852
Kd1: -0.13959303173221171
Kp2: 0.08535182543064333
Ki2: 0.05037645519196034
Kd2: 0.0
init_obs: [0.33071681, 0.27705263, 0.06586815, 0.42646541]
