Kp1: -3.024608097783144
Ki1: -0.010154552663104768
Kd1: -0.13811886502689352
Kp2: 0.07857822945486216
Ki2: 0.04712645676961345
Kd2: 0.0
init_obs: [ 0.04216706, -0.2040849 ,  0.01909007,  0.36814028]
