Kp1: -3.1912414412978163
Ki1: -0.01062006462690738
Kd1: -0.15462035365596719
Kp2: 0.07485056596813772
Ki2: 0.053417862612915326
Kd2: 0.0
init_obs: [-0.14050733,  0.19069145,  0.19485154, -0.4710544 ]
