Kp1: -3.2529481847568706
Ki1: -0.009862992729568617
Kd1: -0.1554634734591038
Kp2: 0.08062660789940543
Ki2: 0.050921431184815284
Kd2: 0.0
init_obs: [ 0.15146612, -0.20561071, -0.22896764,  0.22873937]
