Kp1: -3.191651810260422
Ki1: -0.010420064019124231
Kd1: -0.13842764359102333
Kp2: 0.07982890219805826
Ki2: 0.05032826190748113
Kd2: 0.0
init_obs: [-0.39346718,  0.38383109, -0.31738669,  0.00669491]
