Kp1: -3.039620199710608
Ki1: -0.010377586279904854
Kd1: -0.15753024326508097
Kp2: 0.07520930472609375
Ki2: 0.0457694251774386
Kd2: 0.0
init_obs: [ 0.16704283, -0.152785  ,  0.34742482,  0.00339491]
