Kp1: -2.712662768493284
Ki1: -0.009894129946300017
Kd1: -0.1402128301735716
Kp2: 0.07926983992455208
Ki2: 0.04785515865206987
Kd2: 0.0
init_obs: [ 0.05952994, -0.2227419 ,  0.34612327, -0.35900387]
