Kp1: -2.740166563357131
Ki1: -0.009133007306216554
Kd1: -0.16355237048357474
Kp2: 0.0825554743789426
Ki2: 0.05394672797847288
Kd2: 0.0
init_obs: [ 0.25743238, -0.22248522,  0.46391404,  0.01076086]
