Kp1: -3.2463893418731855
Ki1: -0.009195855192429337
Kd1: -0.14247192977743406
Kp2: 0.08516026149478459
Ki2: 0.048519836728474666
Kd2: 0.0
init_obs: [ 0.15060599, -0.27980003,  0.285189  ,  0.2772802 ]
