Kp1: -3.291905596861003
Ki1: -0.00927116811287426
Kd1: -0.15122091899755635
Kp2: 0.07863257933572688
Ki2: 0.04676647847996869
Kd2: 0.0
init_obs: [0.37214285, 0.04528859, 0.11491699, 0.08496513]
