Kp1: -3.050203673897772
Ki1: -0.010793906863851262
Kd1: -0.15340516564231022
Kp2: 0.0859905153619317
Ki2: 0.048825713739868784
Kd2: 0.0
init_obs: [ 0.25175811, -0.08306533,  0.34690502,  0.08070594]
