Kp1: -2.858651478792713
Ki1: -0.01006097917330194
Kd1: -0.15828819263421817
Kp2: 0.08401797391055807
Ki2: 0.04605363343632675
Kd2: 0.0
init_obs: [ 0.3356798 , -0.03783353, -0.3194394 ,  0.40775112]
