Kp1: -3.1956895357672708
Ki1: -0.010923288201426185
Kd1: -0.14758986825316497
Kp2: 0.07247735956550747
Ki2: 0.04785175913786135
Kd2: 0.0
init_obs: [ 0.41213378, -0.12489588,  0.08190594, -0.26314895]
