Kp1: -3.2812707614783063
Ki1: -0.009392869800192162
Kd1: -0.1620533192680245
Kp2: 0.07462039816835335
Ki2: 0.048263624438062376
Kd2: 0.0
init_obs: [0.33931703, 0.14993437, 0.11672137, 0.43617927]
