Kp1: -3.061337915949462
Ki1: -0.010344953493467628
Kd1: -0.1525358787573741
Kp2: 0.07459481099525739
Ki2: 0.053338288607861606
Kd2: 0.0
init_obs: [ 0.21061666, -0.01556959, -0.16030298,  0.07866959]
