Kp1: -2.846443869848608
Ki1: -0.009453529001461583
Kd1: -0.14091406133772663
Kp2: 0.07463838889473363
Ki2: 0.054740311001180354
Kd2: 0.0
init_obs: [0.09398446, 0.32543341, 0.36972588, 0.21536873]
