Kp1: -3.274368759311246
Ki1: -0.010916804348926253
Kd1: -0.13700080532081665
Kp2: 0.08367140352553054
Ki2: 0.04713557813842857
Kd2: 0.0
init_obs: [ 0.14723515,  0.07640781, -0.14064545,  0.16504641]
