Kp1: -2.836549244863652
Ki1: -0.009141149066241815
Kd1: -0.15129286051473198
Kp2: 0.08217392565454087
Ki2: 0.046580242698293195
Kd2: 0.0
init_obs: [-0.08410532,  0.13921975, -0.38531474, -0.3075265 ]
