Kp1: -3.113971605605931
Ki1: -0.009482943330291985
Kd1: -0.1572264474158409
Kp2: 0.08148808295453039
Ki2: 0.04755465554140361
Kd2: 0.0
init_obs: [ 0.14792383,  0.22027737, -0.47774213, -0.4237889 ]
