Kp1: -3.159536785651973
Ki1: -0.010082950856656716
Kd1: -0.15404621219201206
Kp2: 0.07548880955765429
Ki2: 0.048969296072944035
Kd2: 0.0
init_obs: [ 0.13296733, -0.11817516,  0.14054387,  0.04996802]
