Kp1: -3.2345365702180695
Ki1: -0.009022154705388332
Kd1: -0.1417055974870853
Kp2: 0.08300345549974086
Ki2: 0.04820585794553442
Kd2: 0.0
init_obs: [ 0.22554814, -0.23950003, -0.18943534, -0.44451031]
