Kp1: -3.0070386168094148
Ki1: -0.009585164936368226
Kd1: -0.1445314676486489
Kp2: 0.07475178332108778
Ki2: 0.04948477925119713
Kd2: 0.0
init_obs: [-0.0031883 ,  0.07917672, -0.25187165, -0.12902044]
