Kp1: -3.115735728176549
Ki1: -0.010692290147261868
Kd1: -0.15598135399646185
Kp2: 0.07393733249133055
Ki2: 0.0472779612470518
Kd2: 0.0
init_obs: [ 0.29852288, -0.23762014, -0.00757092,  0.34928319]
