Kp1: -2.843535718208459
Ki1: -0.010101318219998505
Kd1: -0.1415662668096245
Kp2: 0.08500241526348237
Ki2: 0.04723650126242202
Kd2: 0.0
init_obs: [ 0.10953538,  0.40660937, -0.2087127 , -0.19610645]
