Kp1: -2.7410690960452313
Ki1: -0.010307331762366308
Kd1: -0.146794860881335
Kp2: 0.07571726884015946
Ki2: 0.05033457021287734
Kd2: 0.0
init_obs: [ 0.12431635,  0.22578854, -0.22173834,  0.03400024]
