Kp1: -3.2273176696598105
Ki1: -0.009990653205774259
Kd1: -0.13584712089411122
Kp2: 0.0798748092436685
Ki2: 0.0453213895662244
Kd2: 0.0
init_obs: [ 0.44395139, -0.00867242, -0.05159599, -0.00742136]
