Kp1: -3.110259682505154
Ki1: -0.010221817699923733
Kd1: -0.14134609691151376
Kp2: 0.07630732211889515
Ki2: 0.05369951535942592
Kd2: 0.0
init_obs: [-0.28951594,  0.26214473,  0.44974847,  0.28536375]
