Kp1: -3.1640163325442403
Ki1: -0.010150714423830172
Kd1: -0.16055860218436466
Kp2: 0.07389616994087794
Ki2: 0.05445290963822283
Kd2: 0.0
init_obs: [ 0.38240797,  0.27644831, -0.45179915, -0.16282223]
