Kp1: -2.8429436969079553
Ki1: -0.010380113590663678
Kd1: -0.13549975416696355
Kp2: 0.0740374165533557
Ki2: 0.05367052501397355
Kd2: 0.0
init_obs: [ 0.44029254,  0.37748693,  0.08906636, -0.31688911]
