Kp1: -2.834450993304627
Ki1: -0.00938418466332893
Kd1: -0.1366784615854264
Kp2: 0.08283786038370376
Ki2: 0.04990994247873027
Kd2: 0.0
init_obs: [-0.27120046, -0.47136741,  0.48836811,  0.04729567]
