Kp1: -2.8138702267609474
Ki1: -0.010228746487087815
Kd1: -0.14984212118979995
Kp2: 0.07863151642405218
Ki2: 0.04649654282745486
Kd2: 0.0
init_obs: [-0.18633711, -0.296925  , -0.23713968, -0.29976497]
