Kp1: -3.003732638337058
Ki1: -0.009837249365147498
Kd1: -0.15459544371123124
Kp2: 0.08390419625536405
Ki2: 0.04975107703049786
Kd2: 0.0
init_obs: [-0.2872983 , -0.36512732,  0.17735042,  0.26509306]
