Kp1: -3.040650145382643
Ki1: -0.010094559131022309
Kd1: -0.15075563111336435
Kp2: 0.0852691121063117
Ki2: 0.04863698168738152
Kd2: 0.0
init_obs: [ 0.41602759,  0.23573723, -0.34270222, -0.28195147]
