Kp1: -3.1199243210835723
Ki1: -0.010098547153423816
Kd1: -0.16445458649529765
Kp2: 0.08101335348595143
Ki2: 0.05179009990504169
Kd2: 0.0
init_obs: [-0.40117127,  0.38380112,  0.24941922, -0.42225686]
