Kp1: -3.0382790968930466
Ki1: -0.010706601147343547
Kd1: -0.15923663932809135
Kp2: 0.08493606789102862
Ki2: 0.04916347779557606
Kd2: 0.0
init_obs: [0.41561037, 0.22665901, 0.00274443, 0.03276695]
