Kp1: -2.8315202751985082
Ki1: -0.009178628900537923
Kd1: -0.1352501808703123
Kp2: 0.07428635121786824
Ki2: 0.05349579354657921
Kd2: 0.0
init_obs: [ 0.25598032, -0.20753857, -0.37646364,  0.33051993]
