Kp1: -3.055487178703343
Ki1: -0.00996812522999787
Kd1: -0.137090341474636
Kp2: 0.07983854412196464
Ki2: 0.049767628102828664
Kd2: 0.0
init_obs: [0.28490198, 0.13775376, 0.3046475 , 0.35686875]
