Kp1: -3.1609061084395504
Ki1: -0.010615446998525919
Kd1: -0.1644501397888026
Kp2: 0.07908865833010321
Ki2: 0.047418380132073036
Kd2: 0.0
init_obs: [-0.0203757 ,  0.36902009,  0.49527785,  0.20936305]
