Kp1: -2.7053243145542147
Ki1: -0.009188067657942542
Kd1: -0.15085393762246904
Kp2: 0.08507293489550165
Ki2: 0.047302866682589643
Kd2: 0.0
init_obs: [0.33295813, 0.13119035, 0.3769018 , 0.45357366]
