Kp1: -2.836785766621427
Ki1: -0.01094561480517736
Kd1: -0.14311691531976642
Kp2: 0.08403652544636696
Ki2: 0.04518584500256667
Kd2: 0.0
init_obs: [-0.24715354, -0.42024421, -0.44273139, -0.05528415]
