Kp1: -2.9407843121886716
Ki1: -0.010262712566173384
Kd1: -0.15049406121673056
Kp2: 0.07396505459909383
Ki2: 0.051643699766290956
Kd2: 0.0
init_obs: [ 0.02350285,  0.40508003,  0.10077539, -0.18517499]
