Kp1: -3.222475026570794
Ki1: -0.010132154431750324
Kd1: -0.15951535525559635
Kp2: 0.08349374484158004
Ki2: 0.0491798209325277
Kd2: 0.0
init_obs: [-0.25292778, -0.0474335 ,  0.32028434,  0.01959402]
