Kp1: -3.0185163623600157
Ki1: -0.010432411791817607
Kd1: -0.14442732569889835
Kp2: 0.08391152317298728
Ki2: 0.04613631398244788
Kd2: 0.0
init_obs: [-0.49764452, -0.03302785, -0.18219304, -0.17713535]
