Kp1: -2.9544569323810332
Ki1: -0.010751292976597056
Kd1: -0.14394563709666483
Kp2: 0.07494292267189075
Ki2: 0.05434395712425355
Kd2: 0.0
init_obs: [-0.34776263, -0.38215023, -0.28845976,  0.04378205]
