Kp1: -2.920339843744702
Ki1: -0.010252805490231793
Kd1: -0.13554830180280178
Kp2: 0.07345992139683018
Ki2: 0.05393372523930898
Kd2: 0.0
init_obs: [ 0.16112939, -0.12550464,  0.10000198,  0.30100848]
