Kp1: -3.2533164280851565
Ki1: -0.010993370921374666
Kd1: -0.15599345885904464
Kp2: 0.07210768162492232
Ki2: 0.04699099040860332
Kd2: 0.0
init_obs: [-0.27327781, -0.28500859,  0.29521933,  0.2443409 ]
