Kp1: -2.762365383397899
Ki1: -0.010379825907150825
Kd1: -0.16485543855024498
Kp2: 0.08716729157570229
Ki2: 0.04843415368570049
Kd2: 0.0
init_obs: [ 0.17447993, -0.13447407, -0.03234222,  0.19530555]
