Kp1: -3.0264101179672966
Ki1: -0.010718808527586537
Kd1: -0.15199437412763347
Kp2: 0.08602489655932131
Ki2: 0.05494965898136729
Kd2: 0.0
init_obs: [ 0.46960119,  0.07108229, -0.45455766, -0.04305149]
