Kp1: -3.2825787163817823
Ki1: -0.01001940923082727
Kd1: -0.1513265393545249
Kp2: 0.07477659306136031
Ki2: 0.05456643320182195
Kd2: 0.0
init_obs: [-0.18576569, -0.09313158, -0.29063596, -0.28480373]
