Kp1: -2.9602437830456765
Ki1: -0.010119768339311256
Kd1: -0.13811201323961994
Kp2: 0.07942871454631634
Ki2: 0.050895881631764055
Kd2: 0.0
init_obs: [ 0.48244535,  0.11163779, -0.15166488, -0.29727575]
