Kp1: -3.0691577738319538
Ki1: -0.010418843496345913
Kd1: -0.15744554397107952
Kp2: 0.08237284067405368
Ki2: 0.048179814864237384
Kd2: 0.0
init_obs: [-0.09031322,  0.01591677,  0.287114  ,  0.10169622]
