Kp1: -3.0983201667221927
Ki1: -0.010899143597780641
Kd1: -0.13780881386925728
Kp2: 0.08143453922421254
Ki2: 0.05286078514424695
Kd2: 0.0
init_obs: [0.1003214 , 0.31893781, 0.42094264, 0.1509448 ]
