Kp1: -2.898611616669715
Ki1: -0.009970718850079406
Kd1: -0.1375084554265739
Kp2: 0.08210724038226941
Ki2: 0.04808104008548393
Kd2: 0.0
init_obs: [-0.25754969, -0.33432274, -0.21650781, -0.01163707]
