Kp1: -3.0658256715846157
Ki1: -0.010428870287507408
Kd1: -0.140013605290086
Kp2: 0.0861662282722742
Ki2: 0.04817225763930347
Kd2: 0.0
init_obs: [ 0.30803584,  0.03880329, -0.26438789,  0.29284041]
