Kp1: -3.0710618576275435
Ki1: -0.010985691322734817
Kd1: -0.16340063016193515
Kp2: 0.07225127810340234
Ki2: 0.045653425369283074
Kd2: 0.0
init_obs: [ 0.45300906, -0.36949809, -0.05177749, -0.34275494]
