Kp1: -2.8197703862407737
Ki1: -0.009038228587877378
Kd1: -0.16105912976096953
Kp2: 0.08110271859941903
Ki2: 0.05056060485119142
Kd2: 0.0
init_obs: [ 0.16959327, -0.25560485, -0.38712733,  0.30075878]
