Kp1: -2.805819601657896
Ki1: -0.010448384108448823
Kd1: -0.15287667852649603
Kp2: 0.07814445056668368
Ki2: 0.045472167567929885
Kd2: 0.0
init_obs: [-0.26958885,  0.44330273, -0.03313438, -0.12338386]
