Kp1: -2.809520675209889
Ki1: -0.009134328326312127
Kd1: -0.1454000424184752
Kp2: 0.07820617196587772
Ki2: 0.05250607999038484
Kd2: 0.0
init_obs: [ 0.17268617, -0.14462401, -0.28208855,  0.3217172 ]
