Kp1: -3.059870197496625
Ki1: -0.009958650932469603
Kd1: -0.1367219664216126
Kp2: 0.08509520519023205
Ki2: 0.04914554899901837
Kd2: 0.0
init_obs: [ 0.3308793 , -0.28232587,  0.25661553, -0.23499498]
