Kp1: -2.793069440086685
Ki1: -0.010875101756283067
Kd1: -0.13759741171451323
Kp2: 0.0793515690144805
Ki2: 0.05026675449261179
Kd2: 0.0
init_obs: [ 0.07270861,  0.18462082, -0.06741261, -0.38915105]
