Kp1: -3.2382148935955177
Ki1: -0.010588367381225736
Kd1: -0.14160858528568843
Kp2: 0.08526157339261099
Ki2: 0.04703600741346568
Kd2: 0.0
init_obs: [-0.26219139,  0.10287247,  0.31052319, -0.4044376 ]
