Kp1: -2.7284701671487985
Ki1: -0.00900258583383857
Kd1: -0.1608965616203978
Kp2: 0.0792657648793716
Ki2: 0.04527396305233059
Kd2: 0.0
init_obs: [-0.2759476 , -0.02182604,  0.02297766, -0.42513819]
