Kp1: -3.1116474852398284
Ki1: -0.010348753813459741
Kd1: -0.1515502713272802
Kp2: 0.08219761874774262
Ki2: 0.050148304596992
Kd2: 0.0
init_obs: [-0.15475898,  0.11513661, -0.2327226 ,  0.00657741]
