Kp1: -3.0574354199115295
Ki1: -0.010153324662656076
Kd1: -0.1521389957256602
Kp2: 0.07336994544789273
Ki2: 0.04836466850201111
Kd2: 0.0
init_obs: [-0.17825664,  0.24424603, -0.15453311,  0.4203393 ]
