Kp1: -2.8737329712873296
Ki1: -0.010930213709182226
Kd1: -0.16049388418747182
Kp2: 0.08772369967890611
Ki2: 0.05225857128561443
Kd2: 0.0
init_obs: [-0.21719138, -0.02711108,  0.11066349,  0.17185678]
