Kp1: -2.7456085384181357
Ki1: -0.009067688650950978
Kd1: -0.1513261858173486
Kp2: 0.07736022751987119
Ki2: 0.05424223418292534
Kd2: 0.0
init_obs: [-0.02948834, -0.46971737, -0.23947635, -0.1566489 ]
