Kp1: -2.97484053057313
Ki1: -0.010105093961242949
Kd1: -0.15410677187685648
Kp2: 0.08283410990459983
Ki2: 0.04794904569929581
Kd2: 0.0
init_obs: [ 0.17380314, -0.08735076,  0.45631019,  0.31700179]
