Kp1: -3.2135376324857434
Ki1: -0.010243414933314373
Kd1: -0.156965202375685
Kp2: 0.0819627417302866
Ki2: 0.04572725991674681
Kd2: 0.0
init_obs: [ 0.4739586 ,  0.31640134,  0.2109642 , -0.35149015]
