Kp1: -3.1365574827859692
Ki1: -0.010246793580805894
Kd1: -0.14016449564407601
Kp2: 0.0803737687076353
Ki2: 0.051240668890817
Kd2: 0.0
init_obs: [ 0.101262  , -0.49207385, -0.25424516, -0.34367592]
