Kp1: -2.790854506420237
Ki1: -0.009066964698688413
Kd1: -0.1513983742203564
Kp2: 0.0766772560362871
Ki2: 0.05079573099663723
Kd2: 0.0
init_obs: [-0.23812822,  0.27086934, -0.10968477,  0.35413911]
