Kp1: -3.0934192917725345
Ki1: -0.009235011221092522
Kd1: -0.15830505203166736
Kp2: 0.08159857682659659
Ki2: 0.047839532668417624
Kd2: 0.0
init_obs: [ 0.15672895,  0.32780145, -0.16980539, -0.14510109]
