Kp1: -2.7750236215473683
Ki1: -0.00934023819651193
Kd1: -0.1496556943603274
Kp2: 0.07951296399226628
Ki2: 0.052247654843547625
Kd2: 0.0
init_obs: [ 0.20989665, -0.03454845,  0.20897927,  0.04850774]
