Kp1: -2.7217004798732027
Ki1: -0.010539903490156639
Kd1: -0.1547917380061987
Kp2: 0.08168953397275198
Ki2: 0.045291939618668814
Kd2: 0.0
init_obs: [-0.44926165,  0.01951064, -0.02103381, -0.21310433]
