Kp1: -3.1674859604377605
Ki1: -0.009610886964662915
Kd1: -0.16036348427779837
Kp2: 0.07753549591626886
Ki2: 0.05431701684777943
Kd2: 0.0
init_obs: [ 0.20271315,  0.35413925,  0.18810607, -0.43270218]
