Kp1: -3.064378565058119
Ki1: -0.010884412051457956
Kd1: -0.1649051637109449
Kp2: 0.07935954862453011
Ki2: 0.046504782002260506
Kd2: 0.0
init_obs: [-0.4521311 ,  0.16877718,  0.15788768,  0.35080757]
