Kp1: -3.085835355640664
Ki1: -0.010881058079603748
Kd1: -0.13874947663394127
Kp2: 0.08252591182532991
Ki2: 0.05443239296287364
Kd2: 0.0
init_obs: [ 0.26273414, -0.00479823, -0.15172155, -0.23562806]
