Kp1: -3.2316887925390656
Ki1: -0.009127425421320043
Kd1: -0.14408128129731398
Kp2: 0.0751257419567046
Ki2: 0.04867976661966081
Kd2: 0.0
init_obs: [-0.30916973, -0.17311907, -0.09929827,  0.44840512]
