Kp1: -2.7650283923753323
Ki1: -0.009295596712975616
Kd1: -0.15496299924128717
Kp2: 0.07379968649964194
Ki2: 0.05111676501116139
Kd2: 0.0
init_obs: [0.44185516, 0.44497431, 0.04733403, 0.24068757]
