Kp1: -3.0794546000545493
Ki1: -0.009185668297839305
Kd1: -0.13617557071760572
Kp2: 0.0823845951115293
Ki2: 0.054610708809390375
Kd2: 0.0
init_obs: [ 0.11899614,  0.48069905,  0.18862939, -0.18712164]
