Kp1: -3.003094710974676
Ki1: -0.009828451966542943
Kd1: -0.16238041982483745
Kp2: 0.07334278319346398
Ki2: 0.052931961555317576
Kd2: 0.0
init_obs: [0.09297951, 0.14297491, 0.17899575, 0.06905719]
