Kp1: -2.9912208942069447
Ki1: -0.009670647869696361
Kd1: -0.14608400744985248
Kp2: 0.07719294583343465
Ki2: 0.054381881879338095
Kd2: 0.0
init_obs: [ 0.31398625,  0.3547819 , -0.02868148, -0.21664051]
