Kp1: -2.762622222149093
Ki1: -0.00909984436115433
Kd1: -0.1502931192415098
Kp2: 0.0812377130330686
Ki2: 0.04680659966349043
Kd2: 0.0
init_obs: [-0.01219987, -0.0075209 ,  0.36535149,  0.30492077]
