Kp1: -3.0692006837700316
Ki1: -0.010953161695720344
Kd1: -0.13735893611894698
Kp2: 0.08763852241594149
Ki2: 0.04590195903721983
Kd2: 0.0
init_obs: [ 0.00323014, -0.02469493,  0.20963057,  0.1194912 ]
