Kp1: -3.0679048931261335
Ki1: -0.01035252558397265
Kd1: -0.13986245194924357
Kp2: 0.08427922891697963
Ki2: 0.05053923672749418
Kd2: 0.0
init_obs: [0.05644049, 0.19435913, 0.4778951 , 0.35121787]
