Kp1: -2.75175647924961
Ki1: -0.010492675555956881
Kd1: -0.15314884507427187
Kp2: 0.07732097535577548
Ki2: 0.04730681046077992
Kd2: 0.0
init_obs: [-0.23207898, -0.0674544 , -0.01820573, -0.04019849]
