Kp1: -2.7543611718795233
Ki1: -0.009704556657530958
Kd1: -0.1396387044882311
Kp2: 0.08291050311249043
Ki2: 0.04639170743827058
Kd2: 0.0
init_obs: [-0.40522037, -0.16741559, -0.3443815 , -0.10348178]
