Kp1: -2.9675423966897423
Ki1: -0.009512805895804595
Kd1: -0.13616093659025658
Kp2: 0.08703506600564326
Ki2: 0.04812991371092276
Kd2: 0.0
init_obs: [-0.07810125, -0.13971561,  0.37644793,  0.35185956]
