Kp1: -2.958689210043245
Ki1: -0.010626399191304668
Kd1: -0.14196679450139973
Kp2: 0.08013426624309691
Ki2: 0.04909339041608445
Kd2: 0.0
init_obs: [-0.32345502,  0.28793256,  0.08357506, -0.37408588]
