Kp1: -2.8901742924103004
Ki1: -0.009222663190426729
Kd1: -0.14941694892103224
Kp2: 0.08306575677083468
Ki2: 0.046429874333633284
Kd2: 0.0
init_obs: [-0.13560387, -0.0058736 , -0.26337452, -0.33644889]
