Kp1: -2.7239610594537065
Ki1: -0.010976646337031873
Kd1: -0.15303739671404465
Kp2: 0.08129684625891356
Ki2: 0.04797520385357634
Kd2: 0.0
init_obs: [-0.39862723, -0.27864839, -0.17211984, -0.14490832]
