Kp1: -2.952747468251924
Ki1: -0.010937848285605312
Kd1: -0.1507265653971582
Kp2: 0.0790174255217638
Ki2: 0.053757386516492214
Kd2: 0.0
init_obs: [-0.42897374,  0.239198  , -0.35367724,  0.42212938]
