Kp1: -3.191462366033382
Ki1: -0.009691136988762786
Kd1: -0.13571791423171772
Kp2: 0.08365054182553612
Ki2: 0.04986541960332545
Kd2: 0.0
init_obs: [ 0.47037563, -0.12712244, -0.31317895,  0.33386013]
