Kp1: -2.817926046253056
Ki1: -0.009277906181973668
Kd1: -0.1547075257516249
Kp2: 0.08359206105742238
Ki2: 0.054077257549699165
Kd2: 0.0
init_obs: [ 0.16812099,  0.24481158, -0.27633053, -0.02437865]
