Kp1: -3.017445326810503
Ki1: -0.009724055941238053
Kd1: -0.15202081592551372
Kp2: 0.08785417201626018
Ki2: 0.050233131418317326
Kd2: 0.0
init_obs: [0.0336635 , 0.25870747, 0.3462005 , 0.09742019]
