Kp1: -3.120226595685979
Ki1: -0.010920216301001118
Kd1: -0.1596953432107707
Kp2: 0.08723937130557637
Ki2: 0.05003999147903379
Kd2: 0.0
init_obs: [ 0.49151141, -0.00877084,  0.31952322,  0.49332935]
