Kp1: -3.297369420001783
Ki1: -0.009165337628623791
Kd1: -0.14028509499012617
Kp2: 0.07450028896531814
Ki2: 0.05035562248407493
Kd2: 0.0
init_obs: [ 0.11905964, -0.26017606, -0.03571638, -0.14519856]
