Kp1: -2.9687044767685373
Ki1: -0.010959556389345256
Kd1: -0.14513989399022642
Kp2: 0.08000078530194832
Ki2: 0.052901129140590725
Kd2: 0.0
init_obs: [ 0.47587004, -0.47372281, -0.23869075,  0.11846713]
