Kp1: -3.161148616550207
Ki1: -0.010505584487566496
Kd1: -0.16137226983622205
Kp2: 0.07462272901858107
Ki2: 0.04940508319508185
Kd2: 0.0
init_obs: [-0.00275506,  0.14043581,  0.01269409, -0.05122928]
