Kp1: -3.183154960043197
Ki1: -0.010263147357359653
Kd1: -0.1445258984835771
Kp2: 0.07647823647561997
Ki2: 0.04951150024708781
Kd2: 0.0
init_obs: [-0.49906297,  0.42614079, -0.05385508, -0.43580054]
