Kp1: -3.080393464103582
Ki1: -0.009072567590970622
Kd1: -0.1483166667200935
Kp2: 0.08294112888068675
Ki2: 0.04546975152663243
Kd2: 0.0
init_obs: [-0.49078845,  0.36849847, -0.3194522 , -0.03161508]
