Kp1: -2.821068751247756
Ki1: -0.010066289652370884
Kd1: -0.15816199474136455
Kp2: 0.07637148550061651
Ki2: 0.04506031955629426
Kd2: 0.0
init_obs: [-0.33317465,  0.10257979, -0.05945131,  0.26461179]
