Kp1: -3.240091514768878
Ki1: -0.00914627972050443
Kd1: -0.14743915132691401
Kp2: 0.08627980147218271
Ki2: 0.05193938556109785
Kd2: 0.0
init_obs: [ 0.28957926, -0.14463144,  0.4538315 ,  0.31179775]
