Kp1: -3.168110141350985
Ki1: -0.01060527524265455
Kd1: -0.14251376517661002
Kp2: 0.07327321702306074
Ki2: 0.04964655683872948
Kd2: 0.0
init_obs: [-0.0190251 , -0.47385218,  0.31862935, -0.13875999]
