Kp1: -2.885130811143029
Ki1: -0.009386385943031282
Kd1: -0.13992868729567404
Kp2: 0.07722473401796759
Ki2: 0.04527846877416614
Kd2: 0.0
init_obs: [ 0.43401544,  0.22090173,  0.0277411 , -0.09253589]
