Kp1: -2.9481151969357957
Ki1: -0.009013958970556703
Kd1: -0.15903707679108253
Kp2: 0.07642265438971582
Ki2: 0.05485312825943344
Kd2: 0.0
init_obs: [-0.05721354, -0.20487426,  0.19286386,  0.34782555]
