Kp1: -3.0039858380954216
Ki1: -0.010822386720046283
Kd1: -0.13769250950812956
Kp2: 0.07726468517061626
Ki2: 0.04819155850842609
Kd2: 0.0
init_obs: [ 0.03676363, -0.01772531, -0.45173909, -0.48063212]
