Kp1: -2.8048710002067208
Ki1: -0.01015085496657844
Kd1: -0.15879777228064268
Kp2: 0.07783299729292831
Ki2: 0.04795517832321719
Kd2: 0.0
init_obs: [ 0.251703  ,  0.3729411 , -0.21039098, -0.23814266]
