Kp1: -2.9601689435830307
Ki1: -0.009856056833173763
Kd1: -0.16261510799886345
Kp2: 0.0799385254349501
Ki2: 0.048561229659492625
Kd2: 0.0
init_obs: [ 0.0005584 , -0.16558421,  0.01683156, -0.44786816]
