Kp1: -3.005075057246282
Ki1: -0.009892840664113644
Kd1: -0.15018866618400456
Kp2: 0.07926015732305453
Ki2: 0.054383201478957865
Kd2: 0.0
init_obs: [ 0.24118063,  0.34397607,  0.07994191, -0.26522695]
