Kp1: -2.818832565985337
Ki1: -0.010435323059262652
Kd1: -0.1418211151201738
Kp2: 0.0724879462717839
Ki2: 0.05126213010076922
Kd2: 0.0
init_obs: [-0.09640702, -0.17119138,  0.43189284, -0.09737829]
