Kp1: -2.942406933856487
Ki1: -0.01048781600586526
Kd1: -0.13686369867438772
Kp2: 0.07391358487403184
Ki2: 0.04978924178558056
Kd2: 0.0
init_obs: [-0.10800083, -0.15602433,  0.33543865, -0.25611705]
