Kp1: -3.009029733798296
Ki1: -0.009171928440635586
Kd1: -0.1451283924384572
Kp2: 0.08168928688168188
Ki2: 0.04974391217490728
Kd2: 0.0
init_obs: [ 0.44095336, -0.4197402 , -0.26931381,  0.01709765]
