Kp1: -2.8133343376684654
Ki1: -0.009345714968929912
Kd1: -0.1575891915642186
Kp2: 0.08112416437124197
Ki2: 0.04916733617532716
Kd2: 0.0
init_obs: [-0.34057897, -0.36332253,  0.02048277,  0.25552141]
