Kp1: -2.706591736450165
Ki1: -0.010789593321634214
Kd1: -0.15996599340831422
Kp2: 0.08656169119719216
Ki2: 0.05404183941369746
Kd2: 0.0
init_obs: [ 0.23789804,  0.41122871, -0.35031073, -0.28006095]
