Kp1: -3.237282392037753
Ki1: -0.009814656845914696
Kd1: -0.14078738461464368
Kp2: 0.08502008261793961
Ki2: 0.051677962069628026
Kd2: 0.0
init_obs: [0.08899102, 0.26194546, 0.41424729, 0.14921491]
