Kp1: -2.730601563055104
Ki1: -0.01038786209359766
Kd1: -0.13833189326766498
Kp2: 0.08698057114001172
Ki2: 0.04651003631388459
Kd2: 0.0
init_obs: [-0.35654709, -0.47407357,  0.35727524,  0.26667127]
