Kp1: -3.2045314457323393
Ki1: -0.0097963994237774
Kd1: -0.14196001459190716
Kp2: 0.08306251601532529
Ki2: 0.04623518228996366
Kd2: 0.0
init_obs: [ 0.35061286, -0.49546452,  0.22406737, -0.18622481]
