Kp1: -3.1498979694928138
Ki1: -0.009093809871650939
Kd1: -0.135843642555414
Kp2: 0.07999921838950036
Ki2: 0.050751402118340984
Kd2: 0.0
init_obs: [-0.13886549, -0.32302906, -0.0928252 , -0.47641497]
