Kp1: -3.2137391994696247
Ki1: -0.009048664244661482
Kd1: -0.14864335968971717
Kp2: 0.08589711432171977
Ki2: 0.054579713035748226
Kd2: 0.0
init_obs: [-0.2154717 , -0.29237935,  0.4387639 ,  0.38189746]
