Kp1: -3.084096016498651
Ki1: -0.009844266794561891
Kd1: -0.1381514756221575
Kp2: 0.08330138894686899
Ki2: 0.05230995885432854
Kd2: 0.0
init_obs: [ 0.29650002,  0.15682904, -0.02756902, -0.38744729]
