Kp1: -2.8075452108450287
Ki1: -0.01063783502746444
Kd1: -0.16069416337963802
Kp2: 0.07399661229185224
Ki2: 0.05054914499820239
Kd2: 0.0
init_obs: [-0.15158368,  0.05939398, -0.24357564, -0.21058447]
