Kp1: -3.2300633999180253
Ki1: -0.0104782613381081
Kd1: -0.14512609251154368
Kp2: 0.072968175675605
Ki2: 0.05224348668102885
Kd2: 0.0
init_obs: [-0.30844531,  0.15988816, -0.45090787,  0.08526881]
