Kp1: -2.7397220282950125
Ki1: -0.010076969517324563
Kd1: -0.15402562266232722
Kp2: 0.07984057544705135
Ki2: 0.04642926005772949
Kd2: 0.0
init_obs: [-0.09736441, -0.23524699,  0.06052409, -0.42568641]
