Kp1: -2.9209773166417445
Ki1: -0.009331481647606457
Kd1: -0.1509280516577923
Kp2: 0.08122151607368112
Ki2: 0.05402072270714739
Kd2: 0.0
init_obs: [-0.15344316, -0.45179195,  0.03913441, -0.07032794]
