Kp1: -2.912644187069384
Ki1: -0.009736832588696252
Kd1: -0.13827575054359698
Kp2: 0.08469949657843134
Ki2: 0.04823925172147059
Kd2: 0.0
init_obs: [ 0.01287608,  0.35471653,  0.46366096, -0.36389117]
