Kp1: -2.7435770081171227
Ki1: -0.010419427319473151
Kd1: -0.14276312803752042
Kp2: 0.07546641879410479
Ki2: 0.05369340680639837
Kd2: 0.0
init_obs: [-0.28164849,  0.34063374,  0.29041983,  0.44303672]
