Kp1: -3.0496452019862756
Ki1: -0.00968672242289258
Kd1: -0.15168117944316645
Kp2: 0.07333227280797046
Ki2: 0.054693570661685224
Kd2: 0.0
init_obs: [ 0.42664496,  0.05257788, -0.46460765, -0.29063382]
