Kp1: -3.261011550003136
Ki1: -0.010314254396667576
Kd1: -0.14734384192009414
Kp2: 0.07518533530162377
Ki2: 0.0549060257349894
Kd2: 0.0
init_obs: [-0.11930229, -0.39614937, -0.40416753, -0.1693802 ]
