Kp1: -3.2179493055737014
Ki1: -0.010971470622944403
Kd1: -0.15347523647793282
Kp2: 0.07215034731378676
Ki2: 0.054730961544136036
Kd2: 0.0
init_obs: [ 0.14120741,  0.03562761, -0.35088908, -0.29690902]
