Kp1: -2.921739904881828
Ki1: -0.009776939450480485
Kd1: -0.14996084733846315
Kp2: 0.07657954086438022
Ki2: 0.048845972899996586
Kd2: 0.0
init_obs: [-0.19869219,  0.37172167, -0.33776418, -0.14265799]
