Kp1: -2.9656064408675697
Ki1: -0.009027699237468635
Kd1: -0.162827748178073
Kp2: 0.08053350388702743
Ki2: 0.04778752605027972
Kd2: 0.0
init_obs: [ 0.32623343, -0.09465823, -0.33654645, -0.43635254]
