Kp1: -3.2514314403642475
Ki1: -0.009197830833151335
Kd1: -0.14856019173890062
Kp2: 0.0732090984395913
Ki2: 0.051344324834044476
Kd2: 0.0
init_obs: [0.43726116, 0.46775577, 0.30920114, 0.29839551]
