Kp1: -3.241384815040594
Ki1: -0.009867149577829103
Kd1: -0.13569155502667252
Kp2: 0.073695536487785
Ki2: 0.052766016336162326
Kd2: 0.0
init_obs: [-0.45751601, -0.0774488 ,  0.31046208, -0.30740174]
