Kp1: -3.0316693666387104
Ki1: -0.01054423929846018
Kd1: -0.15592280966379524
Kp2: 0.08755311009029904
Ki2: 0.051747137406425885
Kd2: 0.0
init_obs: [ 0.0631083 , -0.43704982, -0.19658268,  0.49541585]
