Kp1: -2.8453889603334725
Ki1: -0.010127164837686092
Kd1: -0.1581805503030582
Kp2: 0.07250345293945398
Ki2: 0.04820499232777697
Kd2: 0.0
init_obs: [ 0.32083283, -0.11002342, -0.04743865,  0.16172938]
