Kp1: -3.2660311266232824
Ki1: -0.009686822955796431
Kd1: -0.1585470166329128
Kp2: 0.08642930758523865
Ki2: 0.053668709031020806
Kd2: 0.0
init_obs: [ 0.23004908, -0.34944384, -0.28596914,  0.08563526]
