Kp1: -2.8842711398302834
Ki1: -0.009971190628221665
Kd1: -0.1512086832484758
Kp2: 0.08488363860554361
Ki2: 0.050639634922734905
Kd2: 0.0
init_obs: [ 0.23300757, -0.16628926, -0.17143166, -0.36422047]
