Kp1: -2.854979200937679
Ki1: -0.010952060229178842
Kd1: -0.15960190353912898
Kp2: 0.07426780466836438
Ki2: 0.0542649093913391
Kd2: 0.0
init_obs: [ 0.32462218, -0.08640382, -0.31563496, -0.46699603]
