Kp1: -2.7373565148578294
Ki1: -0.010630204182912235
Kd1: -0.15395131310921348
Kp2: 0.07465678804989737
Ki2: 0.04900340265265437
Kd2: 0.0
init_obs: [0.09817471, 0.2389206 , 0.05457287, 0.47359572]
