Kp1: -2.8275727290119317
Ki1: -0.009240887551195242
Kd1: -0.15439847741359577
Kp2: 0.07258860524970093
Ki2: 0.047591352650191744
Kd2: 0.0
init_obs: [ 0.4625195 , -0.07998612,  0.12865232,  0.14493597]
