Kp1: -3.2653668930568474
Ki1: -0.010639237596118947
Kd1: -0.1634323947504555
Kp2: 0.08067206204594976
Ki2: 0.052883541367277444
Kd2: 0.0
init_obs: [-0.46462879, -0.2313503 , -0.18441514,  0.29734694]
