Kp1: -3.0488299714781153
Ki1: -0.010594236166550568
Kd1: -0.14144530740578304
Kp2: 0.07811585890036792
Ki2: 0.05466322137256039
Kd2: 0.0
init_obs: [-0.37130841,  0.16399266,  0.08155048, -0.47964336]
