Kp1: -3.1697070470515447
Ki1: -0.009234208266380765
Kd1: -0.14618693030943833
Kp2: 0.08048061733960489
Ki2: 0.04719831315641854
Kd2: 0.0
init_obs: [-0.33977701, -0.03641934, -0.22734312,  0.40411134]
