Kp1: -2.770717919298603
Ki1: -0.010166843870545879
Kd1: -0.1393180469154907
Kp2: 0.07713656585287315
Ki2: 0.048798399710760464
Kd2: 0.0
init_obs: [ 0.46953039,  0.20525967, -0.14794372,  0.36835776]
