Kp1: -2.8015809160081173
Ki1: -0.010046844269066563
Kd1: -0.1488975779061809
Kp2: 0.07731920324222377
Ki2: 0.0524581921315223
Kd2: 0.0
init_obs: [-0.47700072, -0.17740791,  0.22243925, -0.39685664]
