Kp1: -3.1921515038548627
Ki1: -0.009640452820829681
Kd1: -0.1374747113047204
Kp2: 0.08373724557763901
Ki2: 0.052899237462446735
Kd2: 0.0
init_obs: [-0.27242561,  0.1889502 ,  0.08688265,  0.49665404]
