Kp1: -3.2574336050710495
Ki1: -0.00987281949555524
Kd1: -0.1605934658258036
Kp2: 0.08704648216278696
Ki2: 0.04802327748369359
Kd2: 0.0
init_obs: [-0.24066605,  0.46577385, -0.47635015,  0.12053857]
