Kp1: -3.2822702456782498
Ki1: -0.010883721778695258
Kd1: -0.1628075813614066
Kp2: 0.08774699309142442
Ki2: 0.0540677944630272
Kd2: 0.0
init_obs: [-0.41151958, -0.21662426,  0.14612731, -0.46591338]
