Kp1: -2.7359725591345487
Ki1: -0.009790375330468955
Kd1: -0.14736535989054894
Kp2: 0.08146905053382182
Ki2: 0.05245332662576779
Kd2: 0.0
init_obs: [ 0.16107766, -0.28237723,  0.15629968, -0.25719855]
