Kp1: -3.123470127633884
Ki1: -0.010376359907914552
Kd1: -0.160379359211161
Kp2: 0.07908943969363527
Ki2: 0.05091240018613152
Kd2: 0.0
init_obs: [ 0.30205371, -0.17162682, -0.31370236,  0.29342214]
