Kp1: -2.931826883388554
Ki1: -0.010692370584633126
Kd1: -0.14612580712525947
Kp2: 0.0784789532568534
Ki2: 0.0494766919671059
Kd2: 0.0
init_obs: [ 0.02130269, -0.19722287,  0.16810714,  0.31338619]
