Kp1: -2.9885589290560004
Ki1: -0.009681411598856543
Kd1: -0.1614531413401952
Kp2: 0.08252830012893103
Ki2: 0.04894840031688208
Kd2: 0.0
init_obs: [-0.13062986,  0.21696633,  0.38686723,  0.27330401]
