Kp1: -2.80284449237777
Ki1: -0.009877659819537284
Kd1: -0.14886911479602974
Kp2: 0.08029592164477556
Ki2: 0.05048795912463913
Kd2: 0.0
init_obs: [-0.38344922,  0.06870538, -0.10627694, -0.45506063]
