Kp1: -2.771287345529129
Ki1: -0.00949882573956566
Kd1: -0.14188121684131633
Kp2: 0.07791464658632086
Ki2: 0.0469634845743512
Kd2: 0.0
init_obs: [ 0.44496303,  0.14205136,  0.02210404, -0.23538555]
