Kp1: -2.8261569171058105
Ki1: -0.010940815594173224
Kd1: -0.14217367876040626
Kp2: 0.08496773975154756
Ki2: 0.05044150113084901
Kd2: 0.0
init_obs: [-0.43264635,  0.22240805, -0.44121591,  0.48935928]
