Kp1: -2.720620553596251
Ki1: -0.010403234634404665
Kd1: -0.157204605942455
Kp2: 0.07865779921828871
Ki2: 0.04612027403832364
Kd2: 0.0
init_obs: [-0.27513307,  0.34658791, -0.41655621, -0.03099638]
