Kp1: -3.2887667549822908
Ki1: -0.010220465404590378
Kd1: -0.13708743016424613
Kp2: 0.07286561648496771
Ki2: 0.052371479081222076
Kd2: 0.0
init_obs: [-0.07412684,  0.05581269,  0.34222693, -0.338034  ]
