Kp1: -3.2803794140587756
Ki1: -0.010245175950320443
Kd1: -0.14413373266070847
Kp2: 0.07725861137033872
Ki2: 0.04769099017149906
Kd2: 0.0
init_obs: [-0.35297752, -0.29443546,  0.07588522, -0.39830602]
