Kp1: -2.9211482123101247
Ki1: -0.009529425063979894
Kd1: -0.15036498803504772
Kp2: 0.08580472456466362
Ki2: 0.05450614072665869
Kd2: 0.0
init_obs: [ 0.01419849, -0.12013832,  0.12489021, -0.30036602]
