Kp1: -3.0576625152948957
Ki1: -0.009604758777099985
Kd1: -0.15564807608429512
Kp2: 0.07279620341681001
Ki2: 0.050108727804133515
Kd2: 0.0
init_obs: [-0.09629196, -0.22934795, -0.38464465, -0.35313866]
