Kp1: -2.793922581456881
Ki1: -0.01011200967736038
Kd1: -0.14036908540712956
Kp2: 0.07543314141382376
Ki2: 0.05144042586506523
Kd2: 0.0
init_obs: [ 0.21039392,  0.10752978,  0.22803595, -0.27517165]
