Kp1: -2.9434598940255468
Ki1: -0.01049515619402074
Kd1: -0.14815168297461614
Kp2: 0.07477582349861474
Ki2: 0.05200069016317822
Kd2: 0.0
init_obs: [-0.37411094, -0.10784776,  0.43505772,  0.34136092]
