Kp1: -2.7305211418144877
Ki1: -0.009634618748802948
Kd1: -0.1566940959331077
Kp2: 0.07578011327490819
Ki2: 0.045471894724946074
Kd2: 0.0
init_obs: [-0.20600565,  0.49741186,  0.16149772,  0.33575088]
