Kp1: -2.7153968103534436
Ki1: -0.010588753224958222
Kd1: -0.139979779864727
Kp2: 0.07882180941136432
Ki2: 0.048229349263985505
Kd2: 0.0
init_obs: [-0.05325209,  0.05130165,  0.14519095,  0.2908846 ]
