Kp1: -3.1991562975859154
Ki1: -0.010271195782845568
Kd1: -0.1409644632888915
Kp2: 0.07633849611221737
Ki2: 0.051772628226462385
Kd2: 0.0
init_obs: [ 0.34988677,  0.47125349,  0.4383084 , -0.16952227]
