Kp1: -2.8314749796311434
Ki1: -0.010968915824878075
Kd1: -0.15047483794568844
Kp2: 0.07947085576040508
Ki2: 0.05285557295575147
Kd2: 0.0
init_obs: [ 0.44603455,  0.2196856 , -0.1132485 , -0.42622719]
