Kp1: -2.9052551445824695
Ki1: -0.009711475185779448
Kd1: -0.13801166385664693
Kp2: 0.08444894583935264
Ki2: 0.04928964330532923
Kd2: 0.0
init_obs: [-0.41921093,  0.26701017, -0.48519063, -0.32378991]
