Kp1: -2.918510023024065
Ki1: -0.009580772066371325
Kd1: -0.13627011166766098
Kp2: 0.07533546503638845
Ki2: 0.05079214375018415
Kd2: 0.0
init_obs: [-0.464296  ,  0.39038334, -0.48096502, -0.21884927]
