Kp1: -2.7498786566754863
Ki1: -0.009907241428410854
Kd1: -0.14127455365065478
Kp2: 0.07547493525366825
Ki2: 0.05216189912404833
Kd2: 0.0
init_obs: [-0.00654011,  0.49149733, -0.03180637,  0.06540759]
