Kp1: -3.0218540845804887
Ki1: -0.009440341660707362
Kd1: -0.1609591115130096
Kp2: 0.08090291162195469
Ki2: 0.05450680639147307
Kd2: 0.0
init_obs: [ 0.25237666, -0.03701842,  0.13933464, -0.41556428]
