Kp1: -3.2764052694968413
Ki1: -0.009199335588381043
Kd1: -0.14273476489510534
Kp2: 0.07502210865035852
Ki2: 0.048214316979026735
Kd2: 0.0
init_obs: [ 0.22490371, -0.17255631, -0.49446336,  0.4459972 ]
