Kp1: -3.0396019999379833
Ki1: -0.009147560505797276
Kd1: -0.1579693203543753
Kp2: 0.07641825239947962
Ki2: 0.05174014593639631
Kd2: 0.0
init_obs: [-0.35049221,  0.44589225, -0.2224232 , -0.17002682]
