Kp1: -3.0861436967505913
Ki1: -0.009982145572671904
Kd1: -0.15053984436430523
Kp2: 0.07749812308397161
Ki2: 0.0487954103750114
Kd2: 0.0
init_obs: [-0.01882486,  0.38309832, -0.4179288 ,  0.49303601]
