Kp1: -2.702128736052013
Ki1: -0.01002236579707923
Kd1: -0.15626172054485676
Kp2: 0.07353222978679567
Ki2: 0.053068145797602176
Kd2: 0.0
init_obs: [-0.33107996, -0.16653748,  0.25990717, -0.17745597]
