Kp1: -3.2567064592107067
Ki1: -0.010470497101764998
Kd1: -0.15621242020307882
Kp2: 0.08263592914521153
Ki2: 0.047376395663092874
Kd2: 0.0
init_obs: [ 0.42427768, -0.08673144, -0.369065  , -0.49448058]
