Kp1: -2.9233134290280502
Ki1: -0.010823594878914145
Kd1: -0.14370394828787814
Kp2: 0.08087324611808004
Ki2: 0.05209320125122451
Kd2: 0.0
init_obs: [ 0.36571989, -0.03293901,  0.03503784,  0.43092587]
