Kp1: -3.2338862529904038
Ki1: -0.010961133564616423
Kd1: -0.15185323497056633
Kp2: 0.0755034186952532
Ki2: 0.05351865037320313
Kd2: 0.0
init_obs: [-0.43103831, -0.06485681,  0.44047019, -0.31828555]
