Kp1: -2.899724446874996
Ki1: -0.009130109687135573
Kd1: -0.13801490025111507
Kp2: 0.0878451747801294
Ki2: 0.04557479065870196
Kd2: 0.0
init_obs: [ 0.36456354, -0.43868781, -0.31808732, -0.2466994 ]
