Kp1: -2.9645184165786604
Ki1: -0.009453587158634867
Kd1: -0.14050691200371512
Kp2: 0.08580330697747385
Ki2: 0.05373862014712756
Kd2: 0.0
init_obs: [ 0.02523297, -0.10669498, -0.00661997, -0.27238499]
