Kp1: -3.1107017308307503
Ki1: -0.010985591754648484
Kd1: -0.1591986973425381
Kp2: 0.07623913036122776
Ki2: 0.05342459255578246
Kd2: 0.0
init_obs: [ 0.49859967, -0.0932137 , -0.49116221,  0.23652482]
