Kp1: -3.2602863736826766
Ki1: -0.010890423694667471
Kd1: -0.1644830812286486
Kp2: 0.07331005758907991
Ki2: 0.04976024894596929
Kd2: 0.0
init_obs: [ 0.18657653,  0.46884584, -0.22474476,  0.27025746]
