Kp1: -2.97526900393316
Ki1: -0.009860754881717601
Kd1: -0.14136453491402107
Kp2: 0.0868273753697073
Ki2: 0.04895566833145945
Kd2: 0.0
init_obs: [ 0.22089105, -0.40423723, -0.03190494,  0.15075154]
