Kp1: -3.180296231407375
Ki1: -0.010843698862151412
Kd1: -0.15982678716102391
Kp2: 0.07371458389631927
Ki2: 0.04927200804434293
Kd2: 0.0
init_obs: [-0.06517175,  0.31075273, -0.11077269, -0.01613833]
