Kp1: -3.241325163742088
Ki1: -0.010800451588148933
Kd1: -0.14825781029100749
Kp2: 0.07543284542977985
Ki2: 0.050985879970464304
Kd2: 0.0
init_obs: [-0.14433937,  0.38188099, -0.01707844,  0.48272133]
