Kp1: -2.722228177599841
Ki1: -0.01087177405849693
Kd1: -0.1631660916435675
Kp2: 0.08631117793898842
Ki2: 0.04906795824854079
Kd2: 0.0
init_obs: [-0.29365933, -0.41220129,  0.19601545, -0.09314428]
