Kp1: -3.215198653447159
Ki1: -0.009879237045177099
Kd1: -0.14739788622185798
Kp2: 0.08369998718624473
Ki2: 0.05224968239121696
Kd2: 0.0
init_obs: [-0.42006578,  0.21843631,  0.23616265,  0.01783481]
