Kp1: -3.1946628206025
Ki1: -0.00952373754536969
Kd1: -0.14451661847196812
Kp2: 0.07658835134865681
Ki2: 0.05244770177412315
Kd2: 0.0
init_obs: [ 0.46991315, -0.12364523,  0.45120458,  0.39876594]
