Kp1: -2.9203860952917426
Ki1: -0.009329865663447635
Kd1: -0.14365408441755836
Kp2: 0.08712351698329514
Ki2: 0.05099999303991209
Kd2: 0.0
init_obs: [ 0.0309337 , -0.46347917, -0.09406008, -0.29077687]
