Kp1: -2.8709088064961716
Ki1: -0.010033923615494203
Kd1: -0.16417553376699373
Kp2: 0.07990339812290914
Ki2: 0.05274892143676029
Kd2: 0.0
init_obs: [-0.25264608, -0.09162851,  0.4539259 ,  0.43318075]
