Kp1: -3.106349034530945
Ki1: -0.009733252371314637
Kd1: -0.153796679629811
Kp2: 0.08298605305824129
Ki2: 0.051090184346337025
Kd2: 0.0
init_obs: [-0.01930326, -0.03275529, -0.02013591, -0.25000771]
