Kp1: -2.8958942210859657
Ki1: -0.010516687618652598
Kd1: -0.13527783884103525
Kp2: 0.08720496490671745
Ki2: 0.054254389748872194
Kd2: 0.0
init_obs: [-0.07582677, -0.3108631 , -0.06683309,  0.09902844]
