Kp1: -2.9918216412926117
Ki1: -0.00951078928730901
Kd1: -0.1474899185671618
Kp2: 0.07412399096612844
Ki2: 0.05080950944387952
Kd2: 0.0
init_obs: [ 0.02235588, -0.28069482, -0.38565027,  0.34835318]
