Kp1: -2.938358655027051
Ki1: -0.010448190508188276
Kd1: -0.16123363331946658
Kp2: 0.08036055535082604
Ki2: 0.047130496608364825
Kd2: 0.0
init_obs: [ 0.49246913,  0.30201732, -0.48222611,  0.05502841]
