Kp1: -2.78687225840769
Ki1: -0.010224384723879511
Kd1: -0.13767162955854095
Kp2: 0.07304413424971688
Ki2: 0.04956193921156585
Kd2: 0.0
init_obs: [-0.1423013 , -0.43566559,  0.01820459,  0.23948932]
