Kp1: -2.930333626203132
Ki1: -0.010655724258596256
Kd1: -0.13756808204158724
Kp2: 0.08396357154538912
Ki2: 0.04816228604753691
Kd2: 0.0
init_obs: [ 0.20595654,  0.36734221,  0.34465484, -0.4823397 ]
