Kp1: -2.8163427099798883
Ki1: -0.009395784215830328
Kd1: -0.14749260491658478
Kp2: 0.0770129471344646
Ki2: 0.04819342265236713
Kd2: 0.0
init_obs: [ 0.08227651, -0.23725995, -0.31584633,  0.4185847 ]
