Kp1: -3.286948895900598
Ki1: -0.010413106613701961
Kd1: -0.1448457752720389
Kp2: 0.07402181711844541
Ki2: 0.051614040337342154
Kd2: 0.0
init_obs: [ 0.3122691 ,  0.2344416 , -0.40035885, -0.0223006 ]
