Kp1: -3.244031120269927
Ki1: -0.009138993552662896
Kd1: -0.1363969734086285
Kp2: 0.07282032044492338
Ki2: 0.05193519405272479
Kd2: 0.0
init_obs: [ 0.11928073,  0.4243114 , -0.42557338,  0.0925844 ]
