Kp1: -2.750454170872711
Ki1: -0.010255835639735192
Kd1: -0.1647902252184067
Kp2: 0.07337580435550468
Ki2: 0.052745355642874414
Kd2: 0.0
init_obs: [ 0.09786282, -0.30536296,  0.49868426, -0.35933431]
