Kp1: -2.773525246838595
Ki1: -0.009716170596922239
Kd1: -0.1608192405085481
Kp2: 0.08203918687804233
Ki2: 0.04934581110582459
Kd2: 0.0
init_obs: [ 0.16760227,  0.28366033,  0.01631451, -0.32712837]
