Kp1: -3.099204959977585
Ki1: -0.009882380851361177
Kd1: -0.1489860150022099
Kp2: 0.07498482487876182
Ki2: 0.04799161631143604
Kd2: 0.0
init_obs: [ 0.14213705,  0.22403662, -0.36854   ,  0.26158326]
