Kp1: -3.2549460187149064
Ki1: -0.009911884821861752
Kd1: -0.14791331728938029
Kp2: 0.0817189994279956
Ki2: 0.04857054372867147
Kd2: 0.0
init_obs: [-0.48088867, -0.32942985, -0.01333752, -0.08161473]
