Kp1: -2.937324363204635
Ki1: -0.009911842569273252
Kd1: -0.1444925085494888
Kp2: 0.07931956276918932
Ki2: 0.05090137384895125
Kd2: 0.0
init_obs: [ 0.3056223 , -0.27113008,  0.05951891,  0.38976423]
