Kp1: -3.275033569713752
Ki1: -0.01065809948330848
Kd1: -0.1598825183098173
Kp2: 0.08058940211280825
Ki2: 0.04798179290138669
Kd2: 0.0
init_obs: [ 0.18725655,  0.30663483,  0.35889677, -0.46472956]
