Kp1: -2.97209966295636
Ki1: -0.00936964866883053
Kd1: -0.1451361245897598
Kp2: 0.07212582448267288
Ki2: 0.04657239824849868
Kd2: 0.0
init_obs: [-0.38083851,  0.43288176, -0.1888767 , -0.33725956]
