Kp1: -2.8342800494548
Ki1: -0.010264120048418444
Kd1: -0.15103476924814985
Kp2: 0.07990746450814677
Ki2: 0.053728827758834086
Kd2: 0.0
init_obs: [-0.43543353,  0.36488592,  0.4280795 ,  0.49070309]
