Kp1: -2.820068210556551
Ki1: -0.00919217478070284
Kd1: -0.1555864858209733
Kp2: 0.08614439479924997
Ki2: 0.05192882081893429
Kd2: 0.0
init_obs: [-0.02698979,  0.17535457,  0.17846247,  0.21245505]
