Kp1: -2.9181414191197854
Ki1: -0.009588880637014697
Kd1: -0.14001554445482145
Kp2: 0.07272320132836717
Ki2: 0.052120298694935556
Kd2: 0.0
init_obs: [-0.41847076,  0.21421301, -0.31162499,  0.26586781]
