Kp1: -3.1314497863266677
Ki1: -0.009784780018670601
Kd1: -0.16190561760086514
Kp2: 0.08524578397406873
Ki2: 0.048519244963935414
Kd2: 0.0
init_obs: [-0.39356892, -0.38757211, -0.02659264,  0.29675497]
