Kp1: -3.233536674474909
Ki1: -0.009771547242832294
Kd1: -0.14725286294499323
Kp2: 0.0752574158543259
Ki2: 0.046498006029840305
Kd2: 0.0
init_obs: [ 0.0118918 , -0.09126451, -0.28094268,  0.08008842]
