Kp1: -3.2087068559510126
Ki1: -0.00972100175654782
Kd1: -0.1644156661055153
Kp2: 0.08296078737694483
Ki2: 0.05352412471547379
Kd2: 0.0
init_obs: [ 0.46419089,  0.24004669, -0.42140802,  0.2297024 ]
