Kp1: -3.151803739662214
Ki1: -0.010487978880770693
Kd1: -0.1571347968099264
Kp2: 0.08543752756837528
Ki2: 0.05317759544325545
Kd2: 0.0
init_obs: [-0.30382775,  0.26453333,  0.39095584, -0.37661586]
