Kp1: -2.8549850164124146
Ki1: -0.010259573105124322
Kd1: -0.1447476238294645
Kp2: 0.08099888951211386
Ki2: 0.04617690327179321
Kd2: 0.0
init_obs: [ 0.11368754, -0.26491561, -0.06308126, -0.16779326]
