Kp1: -3.184573149689903
Ki1: -0.00909367715908871
Kd1: -0.15178329323473094
Kp2: 0.07895563152770273
Ki2: 0.04843367703789293
Kd2: 0.0
init_obs: [ 0.24908593, -0.16040631,  0.44552711,  0.19231721]
