Kp1: -3.1547798230515953
Ki1: -0.010486266620533235
Kd1: -0.1628705146333253
Kp2: 0.07903321659866334
Ki2: 0.05462247421166694
Kd2: 0.0
init_obs: [-0.46489394,  0.34807638, -0.10936009,  0.08345861]
