Kp1: -2.889146330541224
Ki1: -0.01008173830790482
Kd1: -0.14409502583876083
Kp2: 0.07724305759252721
Ki2: 0.046327038857219255
Kd2: 0.0
init_obs: [-0.04469379,  0.39022621,  0.17897595,  0.12239766]
