Kp1: -3.064094155158736
Ki1: -0.010356343840897196
Kd1: -0.1564257771085413
Kp2: 0.08008053877412197
Ki2: 0.054665769220423044
Kd2: 0.0
init_obs: [ 0.11427143, -0.38182285, -0.13385803, -0.12786113]
