Kp1: -3.098177468877253
Ki1: -0.010861544862058021
Kd1: -0.15813941353469366
Kp2: 0.07217924303512067
Ki2: 0.04767244952548874
Kd2: 0.0
init_obs: [ 0.14114466,  0.09871988, -0.13460647,  0.43657584]
