Kp1: -3.0920539594159253
Ki1: -0.009266665154155
Kd1: -0.14362589760955308
Kp2: 0.078206380234438
Ki2: 0.04751832759284438
Kd2: 0.0
init_obs: [-0.11695982, -0.30173027, -0.10509311, -0.27435862]
