Kp1: -2.70814853794906
Ki1: -0.009113398712020855
Kd1: -0.16448511507453448
Kp2: 0.08004096014602757
Ki2: 0.051517426375571475
Kd2: 0.0
init_obs: [ 0.28302334,  0.34404837, -0.01441876,  0.38965266]
