Kp1: -3.2078674593492167
Ki1: -0.009316111014429189
Kd1: -0.15093163150201885
Kp2: 0.0780648727397296
Ki2: 0.04770333613027748
Kd2: 0.0
init_obs: [-0.15883878,  0.11715824,  0.08390152, -0.09532177]
