Kp1: -3.151646816791195
Ki1: -0.009434227444417312
Kd1: -0.15938249689088835
Kp2: 0.07868771265875975
Ki2: 0.0486132922302306
Kd2: 0.0
init_obs: [-0.3363311 , -0.32730373,  0.47841306, -0.33033359]
