Kp1: -2.7077429135347515
Ki1: -0.00994552578315568
Kd1: -0.1608819493406014
Kp2: 0.07840312272199641
Ki2: 0.054035918535417754
Kd2: 0.0
init_obs: [ 0.20710437,  0.44533686, -0.09665115, -0.02131278]
