Kp1: -2.8931933745739453
Ki1: -0.010711661561294914
Kd1: -0.16279074555718567
Kp2: 0.0730089053238193
Ki2: 0.05349664144536084
Kd2: 0.0
init_obs: [-0.33351963,  0.35481674,  0.26001472,  0.00736163]
