Kp1: -3.163049569064812
Ki1: -0.010229677597418456
Kd1: -0.13924664053989025
Kp2: 0.08431522709783205
Ki2: 0.05035618851288799
Kd2: 0.0
init_obs: [ 0.45137325, -0.21385802,  0.42265742, -0.37641259]
