Kp1: -2.959357620028032
Ki1: -0.00995480064279694
Kd1: -0.15647599677838428
Kp2: 0.08264423744963262
Ki2: 0.0491878328856934
Kd2: 0.0
init_obs: [-0.29438396,  0.246835  ,  0.24311005, -0.30957335]
