Kp1: -2.7120258030468207
Ki1: -0.009169413102391551
Kd1: -0.14783951712030258
Kp2: 0.07360389586916893
Ki2: 0.05306308349733847
Kd2: 0.0
init_obs: [-0.20791698,  0.38980104,  0.29022718, -0.01114545]
