Kp1: -2.8869685642434946
Ki1: -0.010261779109822794
Kd1: -0.16395805841221925
Kp2: 0.08104031821282652
Ki2: 0.04851656557703871
Kd2: 0.0
init_obs: [ 0.03922691, -0.43746962,  0.14156692, -0.43909516]
