Kp1: -3.1887733167819983
Ki1: -0.0101897354841157
Kd1: -0.16050107003098604
Kp2: 0.0768520396785669
Ki2: 0.05369920544224693
Kd2: 0.0
init_obs: [ 0.1193599 , -0.2633269 , -0.14835677, -0.01401513]
