Kp1: -2.7929694445967614
Ki1: -0.00932821040743186
Kd1: -0.15551985996517148
Kp2: 0.08681722519767046
Ki2: 0.05217958903623296
Kd2: 0.0
init_obs: [-9.99168059e-02,  2.10295819e-01,  3.84715973e-04,  4.11847095e-01]
