Kp1: -3.0711728921089656
Ki1: -0.010270974297338056
Kd1: -0.14112439160239865
Kp2: 0.08360527898723467
Ki2: 0.046795667483213454
Kd2: 0.0
init_obs: [ 0.1118742 ,  0.06807421, -0.02875091,  0.35418038]
