Kp1: -2.840186799350924
Ki1: -0.010646298347436085
Kd1: -0.1483294827438168
Kp2: 0.08170195738418444
Ki2: 0.04811966788817588
Kd2: 0.0
init_obs: [ 0.20828988, -0.01364152, -0.10803402, -0.30098024]
