Kp1: -3.000436882624961
Ki1: -0.010449299137945789
Kd1: -0.14217731308808168
Kp2: 0.072662912405692
Ki2: 0.05067986684721446
Kd2: 0.0
init_obs: [-0.055577  , -0.06165808,  0.25203866,  0.16891499]
