Kp1: -2.758481972639216
Ki1: -0.009947089591569288
Kd1: -0.15686072181204025
Kp2: 0.07431344230714794
Ki2: 0.052277952580166
Kd2: 0.0
init_obs: [-0.042609  ,  0.19697685,  0.13382766,  0.21760456]
