Kp1: -3.0375645079716564
Ki1: -0.010113090601860083
Kd1: -0.15477983506686038
Kp2: 0.07709792664652525
Ki2: 0.051609815935801745
Kd2: 0.0
init_obs: [ 0.18851741, -0.34251915,  0.39919656, -0.25465905]
