Kp1: -3.091116434407034
Ki1: -0.0090768012725347
Kd1: -0.13811950642700424
Kp2: 0.0790736764487988
Ki2: 0.04578555000930423
Kd2: 0.0
init_obs: [-0.16816901, -0.02954672, -0.03592843,  0.4669756 ]
