Kp1: -2.7996103658644573
Ki1: -0.010757021566681582
Kd1: -0.1450879756517941
Kp2: 0.08332919417952905
Ki2: 0.050188184322736334
Kd2: 0.0
init_obs: [-0.37410833, -0.01226443,  0.02749822, -0.03143031]
