Kp1: -2.8486775084756615
Ki1: -0.009240978158550035
Kd1: -0.1407804123144198
Kp2: 0.07586627464030012
Ki2: 0.05009393418122254
Kd2: 0.0
init_obs: [ 0.39444772,  0.04139604,  0.09201939, -0.49993256]
