Kp1: -3.1435258236218657
Ki1: -0.009472034018863084
Kd1: -0.15352653605666167
Kp2: 0.07219744755223545
Ki2: 0.048563775971986724
Kd2: 0.0
init_obs: [ 0.02212717, -0.27045215,  0.0975084 ,  0.19629771]
