Kp1: -2.7407550878471185
Ki1: -0.010867640915606085
Kd1: -0.16255108904809065
Kp2: 0.08431061229095836
Ki2: 0.046132299769261975
Kd2: 0.0
init_obs: [ 0.4997756 , -0.0270198 , -0.48132063,  0.17307068]
