Kp1: -2.7835852678454533
Ki1: -0.01086179552091325
Kd1: -0.14368415040786922
Kp2: 0.07803128126075926
Ki2: 0.051726291879467146
Kd2: 0.0
init_obs: [ 0.018389  ,  0.41131209, -0.29781135,  0.0531295 ]
