Kp1: -2.861303173237539
Ki1: -0.009492193097752177
Kd1: -0.15220463954559166
Kp2: 0.0806872254239823
Ki2: 0.05074574888069192
Kd2: 0.0
init_obs: [ 0.20377268, -0.46499619, -0.2072028 , -0.34318561]
