Kp1: -3.055350155288049
Ki1: -0.009960470936839069
Kd1: -0.16156589376118194
Kp2: 0.08662493268528998
Ki2: 0.053663946385957395
Kd2: 0.0
init_obs: [-0.38484277, -0.28246394, -0.48222512, -0.17886872]
