Kp1: -3.084121941387652
Ki1: -0.010870052797696275
Kd1: -0.1425632266082002
Kp2: 0.08289004554276357
Ki2: 0.05118210258610093
Kd2: 0.0
init_obs: [-0.40444439, -0.0653104 , -0.37830926, -0.11279954]
