Kp1: -2.9791183259484457
Ki1: -0.009003916017744914
Kd1: -0.14639012251836392
Kp2: 0.08299621347159446
Ki2: 0.054917739313088756
Kd2: 0.0
init_obs: [-0.42370639,  0.4956739 , -0.46191508, -0.49579679]
