Kp1: -3.07651072547176
Ki1: -0.01045773028622423
Kd1: -0.1505847649219515
Kp2: 0.08137406497708699
Ki2: 0.05138121772146197
Kd2: 0.0
init_obs: [-0.04484505,  0.44783015, -0.0318084 , -0.1326285 ]
