Kp1: -2.715146778007333
Ki1: -0.01045785447357788
Kd1: -0.139928651448865
Kp2: 0.07350312177145077
Ki2: 0.054261514737103944
Kd2: 0.0
init_obs: [-0.02113386,  0.14365962, -0.40903525,  0.13171828]
