Kp1: -2.7490811984611225
Ki1: -0.009016068434040818
Kd1: -0.15843007211089022
Kp2: 0.08184584834676766
Ki2: 0.052594901036030595
Kd2: 0.0
init_obs: [-0.01041814,  0.15209377, -0.0341469 ,  0.46666294]
