Kp1: -3.1534415253602694
Ki1: -0.01084981598413256
Kd1: -0.1404514047665501
Kp2: 0.07520719836692888
Ki2: 0.054136607424613764
Kd2: 0.0
init_obs: [-0.22210339,  0.03769424, -0.47867728, -0.05580445]
