Kp1: -3.2766343663422957
Ki1: -0.010297041965098331
Kd1: -0.14723730040386315
Kp2: 0.0750939282452404
Ki2: 0.047480522539307186
Kd2: 0.0
init_obs: [ 0.30105814, -0.04350478, -0.30030856, -0.03857448]
