Kp1: -3.1610087553789183
Ki1: -0.010178877420880058
Kd1: -0.1440529364499944
Kp2: 0.08650335380725975
Ki2: 0.05058006905620094
Kd2: 0.0
init_obs: [-0.19395436, -0.40855857, -0.45266571,  0.23386855]
