Kp1: -2.762491942437684
Ki1: -0.010955977478636648
Kd1: -0.14195161287577918
Kp2: 0.07903512015792266
Ki2: 0.053230958763341135
Kd2: 0.0
init_obs: [0.48428521, 0.18152688, 0.13198534, 0.080664  ]
