Kp1: -3.2019683275234763
Ki1: -0.01024705615012998
Kd1: -0.1492834339888525
Kp2: 0.08776545038503032
Ki2: 0.05273989713152194
Kd2: 0.0
init_obs: [-0.255737  , -0.11567039, -0.09513068,  0.2599421 ]
