Kp1: -3.19882099690287
Ki1: -0.009894550923505633
Kd1: -0.14777599319369222
Kp2: 0.07656843294932006
Ki2: 0.04534624444904935
Kd2: 0.0
init_obs: [-0.22277339, -0.45349778,  0.20498345,  0.19579981]
