Kp1: -3.2961851841135377
Ki1: -0.009430355149535228
Kd1: -0.15630439535181545
Kp2: 0.07539768071918801
Ki2: 0.048165108986833655
Kd2: 0.0
init_obs: [-0.40054537,  0.45047249, -0.27208199,  0.14465342]
