Kp1: -2.791110442224504
Ki1: -0.009503490466103826
Kd1: -0.1532897488899568
Kp2: 0.08588464954329382
Ki2: 0.05241734166998216
Kd2: 0.0
init_obs: [0.22531918, 0.461266  , 0.2947374 , 0.34131091]
