Kp1: -3.053988926956656
Ki1: -0.010016729306503231
Kd1: -0.14897206515156644
Kp2: 0.08700543696165122
Ki2: 0.05477357478899633
Kd2: 0.0
init_obs: [-0.03348909, -0.2469039 , -0.11874991,  0.41143357]
