Kp1: -2.8057910534043518
Ki1: -0.009858129093478636
Kd1: -0.13542679251000697
Kp2: 0.07922543749088164
Ki2: 0.04780783009334
Kd2: 0.0
init_obs: [ 0.03285981, -0.35264998, -0.29158756,  0.16041901]
