Kp1: -3.048344572175471
Ki1: -0.009695089410692956
Kd1: -0.151529271391453
Kp2: 0.0720138276684788
Ki2: 0.051115071973306205
Kd2: 0.0
init_obs: [ 0.03825543, -0.30951356,  0.2552662 , -0.45116763]
