Kp1: -2.889889503128062
Ki1: -0.009319599233503985
Kd1: -0.13688942863688236
Kp2: 0.08215002913052498
Ki2: 0.04719012912844133
Kd2: 0.0
init_obs: [0.05481775, 0.30273684, 0.31264169, 0.06310017]
