Kp1: -3.287759301981369
Ki1: -0.009731173846068166
Kd1: -0.14715597397637795
Kp2: 0.08337571093665319
Ki2: 0.04677766383607737
Kd2: 0.0
init_obs: [ 0.19332063, -0.28557167, -0.31040514, -0.08161644]
