Kp1: -3.0057371878669725
Ki1: -0.009804211557742316
Kd1: -0.13811211377933585
Kp2: 0.07591503925474984
Ki2: 0.04681608001495852
Kd2: 0.0
init_obs: [-0.48083612,  0.11332055,  0.25827327,  0.11733828]
