Kp1: -3.035727803787542
Ki1: -0.009728450050118643
Kd1: -0.15729505846190076
Kp2: 0.08464970098716487
Ki2: 0.053879094620179806
Kd2: 0.0
init_obs: [-0.10167564,  0.40427108, -0.00269259,  0.00888127]
