Kp1: -2.95781310050625
Ki1: -0.009054977472706892
Kd1: -0.1464453332206641
Kp2: 0.07409903337131972
Ki2: 0.04914298669460548
Kd2: 0.0
init_obs: [-0.08351451, -0.08840995,  0.08877898,  0.44747622]
