Kp1: -3.2959648171481373
Ki1: -0.009995266002112788
Kd1: -0.15092283792129152
Kp2: 0.08093605829742359
Ki2: 0.05190704286853226
Kd2: 0.0
init_obs: [ 0.39174184, -0.08813304,  0.23993875,  0.10362475]
