Kp1: -2.999844888557314
Ki1: -0.01033477734156689
Kd1: -0.14971175931154765
Kp2: 0.08654007878642281
Ki2: 0.047831402953622836
Kd2: 0.0
init_obs: [ 0.39393452,  0.26340308, -0.05538076,  0.02741069]
