Kp1: -3.2274245551882643
Ki1: -0.010196668262163382
Kd1: -0.16276320073578443
Kp2: 0.07898021557203339
Ki2: 0.05039381021370881
Kd2: 0.0
init_obs: [-0.40597981,  0.22636753, -0.29184562,  0.16390593]
