Kp1: -3.056766230630134
Ki1: -0.010014459576745459
Kd1: -0.1420856626841943
Kp2: 0.07377491923191153
Ki2: 0.05248959494256025
Kd2: 0.0
init_obs: [-0.48019092, -0.19615608,  0.43836998, -0.09256414]
