Kp1: -3.214375729740767
Ki1: -0.009343466965297236
Kd1: -0.14264181097362802
Kp2: 0.08746468989229567
Ki2: 0.05041427569085504
Kd2: 0.0
init_obs: [-0.13040471, -0.11911642, -0.24341775, -0.18387048]
