Kp1: -2.8996922120563893
Ki1: -0.010258331795513869
Kd1: -0.1466869675409648
Kp2: 0.08033927817013035
Ki2: 0.05214682327487712
Kd2: 0.0
init_obs: [-0.06045386,  0.21087324,  0.30476019,  0.24367721]
