Kp1: -3.0127021571287393
Ki1: -0.009918693395461696
Kd1: -0.14105094962482442
Kp2: 0.075414374976058
Ki2: 0.04596223362156743
Kd2: 0.0
init_obs: [ 0.11775305, -0.38370419, -0.44157037, -0.10237266]
