Kp1: -2.7807653093560285
Ki1: -0.010049729222610458
Kd1: -0.14020240054273495
Kp2: 0.07683245100462853
Ki2: 0.054765412466010965
Kd2: 0.0
init_obs: [ 0.15370211, -0.32676001, -0.32542344,  0.32445306]
