Kp1: -2.724739449139281
Ki1: -0.009561794692665156
Kd1: -0.16060638380985
Kp2: 0.0739781652410912
Ki2: 0.05422679230851968
Kd2: 0.0
init_obs: [-0.24738397, -0.06419848,  0.0646692 , -0.31698046]
