Kp1: -3.2263555119781433
Ki1: -0.009693330519776402
Kd1: -0.15676472994639815
Kp2: 0.08346745675586886
Ki2: 0.05060183878780457
Kd2: 0.0
init_obs: [-0.44871231, -0.08358952, -0.41127732, -0.29304766]
