Kp1: -3.2447455331517316
Ki1: -0.009497759917465522
Kd1: -0.1394226918235837
Kp2: 0.08074835290233309
Ki2: 0.051887340161111566
Kd2: 0.0
init_obs: [ 0.49071744,  0.4530227 , -0.23300565, -0.44851401]
