Kp1: -3.1635112105662317
Ki1: -0.010276852072959307
Kd1: -0.16493977762452727
Kp2: 0.07837223776513322
Ki2: 0.04634415090894234
Kd2: 0.0
init_obs: [-0.21593916,  0.33009723,  0.30331291,  0.42990671]
