Kp1: -2.978948866799029
Ki1: -0.009242657789510653
Kd1: -0.15590255833886021
Kp2: 0.08480400336641068
Ki2: 0.04895996468951627
Kd2: 0.0
init_obs: [-0.18095755, -0.40328835,  0.40867969,  0.46851647]
