Kp1: -2.795448032425274
Ki1: -0.01098137173630665
Kd1: -0.1518064976241557
Kp2: 0.07716812836301838
Ki2: 0.054090387568898446
Kd2: 0.0
init_obs: [ 0.31035097, -0.17991278, -0.49313542, -0.23235717]
