Kp1: -2.960608193673949
Ki1: -0.010023581388816111
Kd1: -0.1489953672038566
Kp2: 0.08092643193659065
Ki2: 0.04726451727364578
Kd2: 0.0
init_obs: [-0.12941306,  0.1711108 , -0.3709242 ,  0.26041438]
