Kp1: -3.012666485262577
Ki1: -0.010795147064744263
Kd1: -0.15152760759323344
Kp2: 0.0849226163510645
Ki2: 0.049813116322206585
Kd2: 0.0
init_obs: [ 0.36897771, -0.13928091,  0.16646363,  0.27004656]
