Kp1: -3.1158931018820937
Ki1: -0.009522438945677338
Kd1: -0.14489876240990332
Kp2: 0.08392868236144004
Ki2: 0.04563352326698744
Kd2: 0.0
init_obs: [ 0.05451638,  0.1464476 ,  0.30281909, -0.01352918]
